c fixed charge multi commodity flow
c
c problem vertices edges commodities
p fcmcf 100 400 30
c
c origin destination demand
k 11 7 45
k 60 58 20
k 20 90 49
k 88 7 31
k 44 13 8
k 89 71 45
k 6 69 45
k 49 54 5
k 58 37 21
k 80 20 33
k 0 71 26
k 20 33 13
k 62 44 13
k 23 86 11
k 78 84 40
k 49 13 36
k 12 61 5
k 5 18 6
k 39 67 37
k 55 33 27
k 7 62 12
k 75 79 26
k 43 92 17
k 74 14 14
k 47 84 42
k 31 47 31
k 26 50 35
k 92 37 5
k 50 59 5
k 84 2 28
c
c source target cost capacity fixed
a 0 1 200 731 100
a 1 2 200 731 100
a 1 62 14 59 88
a 1 7 198 48 67
a 1 9 128 30 25
a 1 91 46 10 60
a 1 50 38 7 86
a 1 67 122 9 58
a 2 3 200 731 100
a 2 4 19 21 86
a 2 24 104 7 78
a 2 59 163 48 51
a 3 4 200 731 100
a 3 89 127 17 31
a 4 5 200 731 100
a 4 68 163 56 22
a 4 3 77 46 55
a 4 33 62 32 76
a 4 2 162 6 93
a 4 6 90 27 66
a 4 95 11 16 80
a 5 6 200 731 100
a 5 68 76 43 73
a 6 7 200 731 100
a 7 8 200 731 100
a 7 34 44 32 25
a 7 9 88 51 47
a 7 1 78 24 68
a 7 17 32 52 17
a 8 9 200 731 100
a 8 75 12 7 23
a 8 21 113 12 82
a 8 20 10 50 90
a 9 10 200 731 100
a 9 91 169 46 47
a 10 11 200 731 100
a 10 52 133 18 52
a 10 37 74 53 36
a 10 78 178 39 84
a 11 12 200 731 100
a 11 79 59 54 61
a 11 23 37 27 66
a 11 33 163 33 58
a 11 57 175 33 42
a 11 5 113 43 28
a 12 13 200 731 100
a 12 76 148 48 87
a 12 2 109 33 49
a 13 14 200 731 100
a 13 7 92 43 23
a 13 2 79 52 99
a 13 68 64 34 53
a 13 78 78 23 47
a 13 26 76 31 73
a 13 85 87 15 15
a 13 82 191 5 23
a 14 15 200 731 100
a 14 43 82 19 90
a 14 71 134 14 56
a 15 16 200 731 100
a 15 91 13 52 20
a 16 17 200 731 100
a 16 37 20 13 75
a 16 72 158 14 67
a 16 22 92 5 34
a 16 24 71 55 73
a 16 98 111 11 42
a 16 8 144 13 88
a 17 18 200 731 100
a 17 69 43 3 53
a 17 65 185 50 75
a 18 19 200 731 100
a 19 20 200 731 100
a 19 86 30 43 88
a 19 9 159 9 81
a 19 52 117 27 41
a 20 21 200 731 100
a 20 10 72 19 69
a 20 24 119 44 56
a 21 22 200 731 100
a 21 3 145 29 67
a 21 70 123 33 78
a 21 39 160 38 69
a 22 23 200 731 100
a 22 83 34 3 54
a 22 59 162 48 51
a 22 77 127 11 79
a 22 65 101 26 54
a 22 67 181 30 89
a 23 24 200 731 100
a 23 61 46 17 21
a 24 25 200 731 100
a 24 32 197 21 95
a 24 90 177 31 94
a 24 27 129 43 99
a 24 62 76 15 61
a 25 26 200 731 100
a 25 27 42 7 67
a 25 76 72 4 12
a 25 16 96 28 36
a 26 27 200 731 100
a 26 17 48 37 15
a 26 68 189 54 53
a 26 79 88 31 13
a 26 94 29 41 98
a 26 98 32 49 14
a 26 96 45 29 78
a 27 28 200 731 100
a 27 1 40 55 31
a 28 29 200 731 100
a 28 18 48 18 11
a 28 46 17 39 90
a 28 10 74 50 70
a 28 82 173 39 86
a 29 30 200 731 100
a 29 0 128 23 91
a 30 31 200 731 100
a 30 92 10 59 71
a 30 40 150 15 66
a 31 32 200 731 100
a 31 42 40 40 90
a 32 33 200 731 100
a 32 91 185 21 83
a 32 35 166 19 81
a 33 34 200 731 100
a 33 93 57 46 80
a 33 77 77 45 94
a 34 35 200 731 100
a 34 41 154 15 88
a 34 62 38 8 99
a 34 52 26 45 81
a 35 36 200 731 100
a 35 81 117 33 90
a 35 74 154 32 48
a 36 37 200 731 100
a 36 61 132 31 40
a 37 38 200 731 100
a 37 34 142 56 34
a 37 21 140 10 29
a 37 59 135 53 70
a 37 46 50 56 66
a 38 39 200 731 100
a 38 93 139 25 52
a 39 40 200 731 100
a 39 92 45 48 49
a 39 32 76 16 73
a 39 17 140 29 43
a 40 41 200 731 100
a 40 15 189 41 61
a 40 85 38 19 83
a 40 24 125 17 26
a 40 99 78 58 38
a 41 42 200 731 100
a 41 37 191 8 82
a 41 34 184 28 38
a 41 12 70 31 58
a 42 43 200 731 100
a 42 65 152 23 74
a 42 40 193 41 62
a 42 73 112 44 87
a 42 54 127 14 58
a 43 44 200 731 100
a 43 28 53 13 95
a 43 3 60 31 58
a 43 29 142 52 80
a 43 57 144 51 52
a 43 1 102 30 29
a 43 48 97 46 75
a 43 80 49 21 64
a 43 69 36 46 94
a 44 45 200 731 100
a 44 17 149 54 31
a 44 58 132 52 63
a 45 46 200 731 100
a 45 10 91 17 39
a 46 47 200 731 100
a 46 4 127 23 64
a 46 23 38 11 25
a 46 70 18 41 16
a 46 80 89 26 16
a 46 25 95 11 95
a 47 48 200 731 100
a 47 78 141 36 97
a 47 41 99 52 24
a 48 49 200 731 100
a 48 98 176 33 47
a 49 50 200 731 100
a 49 51 23 6 77
a 49 16 45 43 15
a 50 51 200 731 100
a 50 92 130 24 40
a 50 82 19 45 32
a 50 74 88 24 24
a 50 46 180 8 63
a 50 47 111 35 67
a 51 52 200 731 100
a 51 10 50 8 79
a 51 80 113 50 51
a 51 81 183 16 78
a 51 79 194 10 28
a 51 70 122 15 45
a 51 99 75 37 57
a 52 53 200 731 100
a 52 6 127 4 46
a 52 69 87 3 92
a 53 54 200 731 100
a 53 50 130 55 26
a 53 47 155 43 78
a 53 23 101 44 60
a 54 55 200 731 100
a 54 28 29 48 33
a 54 12 24 6 30
a 54 34 93 7 26
a 55 56 200 731 100
a 55 43 26 15 48
a 55 22 69 29 40
a 55 87 173 6 37
a 55 0 28 3 90
a 56 57 200 731 100
a 56 53 185 45 64
a 57 58 200 731 100
a 57 90 81 52 67
a 57 47 175 56 65
a 57 6 63 58 52
a 57 75 111 38 84
a 57 86 91 44 87
a 58 59 200 731 100
a 58 51 13 43 20
a 58 98 10 36 87
a 58 66 55 23 83
a 59 60 200 731 100
a 59 71 130 44 57
a 59 86 74 44 49
a 59 85 111 48 72
a 59 15 197 4 11
a 59 27 70 44 82
a 60 61 200 731 100
a 60 33 185 41 10
a 60 16 103 36 93
a 60 48 98 43 48
a 61 62 200 731 100
a 61 42 62 16 68
a 61 80 10 25 23
a 61 74 82 38 44
a 61 43 129 18 60
a 61 52 61 37 10
a 61 83 41 9 75
a 62 63 200 731 100
a 62 56 90 17 75
a 63 64 200 731 100
a 63 4 31 53 13
a 63 60 115 28 71
a 63 92 80 55 41
a 64 65 200 731 100
a 64 6 35 53 22
a 64 38 199 29 10
a 64 75 148 37 42
a 64 93 88 7 56
a 65 66 200 731 100
a 65 7 48 3 22
a 65 41 197 24 50
a 65 22 26 28 25
a 66 67 200 731 100
a 67 68 200 731 100
a 67 47 130 15 50
a 67 87 80 27 91
a 67 44 140 3 50
a 67 19 29 27 42
a 68 69 200 731 100
a 68 90 23 47 58
a 68 51 101 42 94
a 69 70 200 731 100
a 69 14 197 8 11
a 70 71 200 731 100
a 70 89 148 39 25
a 70 47 130 23 99
a 70 16 73 23 53
a 70 50 193 50 57
a 71 72 200 731 100
a 71 95 86 9 29
a 71 16 116 3 86
a 71 37 93 44 25
a 72 73 200 731 100
a 72 21 185 52 61
a 72 19 84 14 45
a 73 74 200 731 100
a 73 97 106 29 52
a 73 96 178 35 41
a 73 9 50 42 71
a 73 44 55 20 43
a 73 47 133 28 79
a 73 23 147 42 55
a 74 75 200 731 100
a 74 49 45 5 27
a 74 64 47 52 86
a 74 24 190 43 34
a 75 76 200 731 100
a 75 80 89 52 77
a 75 60 91 55 72
a 75 25 116 3 19
a 75 14 14 7 22
a 75 94 127 14 53
a 76 77 200 731 100
a 76 89 68 28 74
a 76 79 93 47 25
a 76 86 81 3 12
a 76 68 17 13 19
a 76 48 54 44 48
a 77 78 200 731 100
a 78 79 200 731 100
a 78 87 165 57 58
a 78 52 96 8 40
a 79 80 200 731 100
a 79 18 161 59 82
a 80 81 200 731 100
a 80 21 159 45 11
a 80 54 94 40 88
a 80 65 196 36 31
a 81 82 200 731 100
a 81 29 96 58 44
a 81 65 77 25 96
a 82 83 200 731 100
a 82 16 145 58 76
a 82 66 100 3 98
a 82 91 70 4 40
a 83 84 200 731 100
a 83 12 82 3 63
a 83 74 179 30 77
a 84 85 200 731 100
a 84 22 192 31 57
a 84 3 130 4 41
a 85 86 200 731 100
a 85 96 122 16 90
a 85 22 94 26 40
a 85 26 39 57 79
a 85 0 128 3 91
a 86 87 200 731 100
a 86 18 115 30 90
a 86 85 24 26 77
a 86 54 10 29 81
a 87 88 200 731 100
a 87 86 26 14 99
a 87 81 108 27 46
a 87 52 78 47 96
a 88 89 200 731 100
a 88 36 52 39 62
a 88 49 37 33 25
a 88 39 194 25 48
a 88 50 178 38 43
a 88 64 151 20 88
a 89 90 200 731 100
a 89 74 28 22 26
a 89 39 132 50 75
a 90 91 200 731 100
a 90 69 56 4 26
a 90 6 132 46 18
a 90 41 179 48 37
a 90 72 110 10 30
a 91 92 200 731 100
a 91 5 132 50 74
a 91 48 48 31 63
a 91 57 102 51 56
a 92 93 200 731 100
a 92 85 156 51 92
a 92 36 158 22 32
a 92 27 83 32 18
a 92 28 101 51 10
a 93 94 200 731 100
a 93 66 126 32 36
a 93 85 58 30 91
a 93 60 90 16 91
a 93 30 37 46 66
a 93 63 21 9 57
a 93 43 74 7 63
a 93 95 51 17 83
a 93 72 99 15 33
a 94 95 200 731 100
a 94 2 157 40 64
a 94 25 18 30 39
a 94 4 95 24 34
a 95 96 200 731 100
a 95 10 44 34 11
a 96 97 200 731 100
a 96 27 58 53 96
a 96 35 36 59 91
a 96 71 26 34 45
a 97 98 200 731 100
a 97 64 150 48 80
a 97 88 84 5 91
a 97 24 32 42 55
a 97 93 180 18 90
a 98 99 200 731 100
a 98 75 112 36 48
a 98 40 97 8 33
a 98 73 66 10 60
a 99 0 200 731 100
a 99 55 97 32 18
a 99 46 83 29 32
a 99 76 76 3 56
a 99 93 120 16 36
