c fixed charge multi commodity flow
c
c problem vertices edges commodities
p fcmcf 100 400 30
c
c origin destination demand
k 92 78 6
k 8 11 6
k 31 14 7
k 34 70 6
k 56 72 7
k 82 58 8
k 18 16 8
k 75 81 7
k 19 0 7
k 31 58 8
k 30 78 8
k 4 20 5
k 1 85 6
k 19 79 9
k 48 19 5
k 80 3 6
k 58 79 7
k 60 14 9
k 17 15 8
k 19 61 8
k 27 92 9
k 27 68 6
k 65 85 6
k 49 96 6
k 11 37 6
k 93 88 6
k 72 50 8
k 20 45 6
k 74 57 7
k 8 17 8
c
c source target cost capacity fixed
a 0 1 20 209 1000
a 0 9 16 15 766
a 0 90 15 42 722
a 0 61 2 39 625
a 0 89 16 49 677
a 1 2 20 209 1000
a 1 3 1 23 431
a 1 44 3 52 536
a 1 33 7 24 971
a 1 40 16 21 669
a 2 3 20 209 1000
a 2 29 3 55 541
a 3 4 20 209 1000
a 3 28 14 51 326
a 4 5 20 209 1000
a 4 53 12 31 438
a 4 36 5 42 677
a 4 29 4 50 550
a 4 65 15 32 146
a 5 6 20 209 1000
a 5 37 18 37 604
a 5 30 9 24 633
a 5 77 3 58 622
a 5 81 6 23 306
a 6 7 20 209 1000
a 6 74 11 43 197
a 6 13 16 20 988
a 7 8 20 209 1000
a 7 23 6 38 392
a 7 87 6 44 916
a 8 9 20 209 1000
a 8 75 3 14 429
a 9 10 20 209 1000
a 9 70 12 5 254
a 9 0 2 13 248
a 10 11 20 209 1000
a 10 72 11 39 829
a 10 46 3 13 479
a 10 16 9 36 243
a 10 67 18 36 354
a 10 86 19 17 308
a 11 12 20 209 1000
a 11 1 7 8 627
a 11 23 15 40 499
a 11 29 10 38 881
a 12 13 20 209 1000
a 12 15 10 22 889
a 13 14 20 209 1000
a 13 65 3 49 401
a 13 0 7 14 579
a 13 12 13 40 724
a 13 5 11 26 275
a 14 15 20 209 1000
a 14 85 15 56 550
a 14 97 12 37 643
a 14 6 18 48 847
a 15 16 20 209 1000
a 15 64 18 22 622
a 15 36 11 12 688
a 15 8 12 52 913
a 16 17 20 209 1000
a 16 95 4 13 672
a 16 53 9 52 904
a 16 27 16 25 396
a 16 83 10 31 787
a 16 85 5 37 657
a 16 4 11 30 394
a 17 18 20 209 1000
a 17 39 8 33 469
a 17 10 18 27 829
a 17 64 9 52 636
a 18 19 20 209 1000
a 18 62 3 50 218
a 18 46 2 8 101
a 18 14 13 50 669
a 19 20 20 209 1000
a 19 91 8 52 114
a 19 13 7 44 400
a 19 55 7 19 131
a 20 21 20 209 1000
a 20 91 4 41 369
a 20 14 18 45 117
a 20 96 15 34 277
a 21 22 20 209 1000
a 21 52 19 17 725
a 21 81 17 34 601
a 21 1 18 5 821
a 21 26 15 51 670
a 22 23 20 209 1000
a 22 30 15 30 847
a 23 24 20 209 1000
a 23 0 9 51 974
a 23 97 13 40 756
a 23 15 16 8 332
a 23 74 9 50 681
a 23 66 10 38 407
a 23 96 19 38 347
a 24 25 20 209 1000
a 24 44 1 41 784
a 24 75 2 8 373
a 24 52 6 52 560
a 25 26 20 209 1000
a 25 27 19 33 542
a 25 78 10 47 703
a 25 55 11 39 411
a 25 18 2 50 820
a 25 24 15 57 225
a 26 27 20 209 1000
a 26 89 15 30 332
a 26 12 5 19 778
a 26 30 16 28 479
a 26 61 2 13 400
a 27 28 20 209 1000
a 27 49 18 5 307
a 27 30 8 6 454
a 27 67 5 58 289
a 28 29 20 209 1000
a 28 68 8 58 188
a 28 18 15 7 845
a 28 27 11 53 105
a 29 30 20 209 1000
a 29 13 3 30 749
a 29 79 10 31 130
a 29 18 13 39 606
a 30 31 20 209 1000
a 30 71 5 10 892
a 30 37 9 51 937
a 30 13 8 26 604
a 30 75 5 55 724
a 30 54 16 39 478
a 31 32 20 209 1000
a 31 44 9 22 934
a 31 38 4 5 289
a 32 33 20 209 1000
a 32 55 19 5 926
a 32 28 10 31 814
a 32 76 19 6 743
a 32 9 10 22 579
a 33 34 20 209 1000
a 33 49 4 22 711
a 33 82 12 36 331
a 33 79 10 17 175
a 33 9 10 13 800
a 34 35 20 209 1000
a 34 45 10 51 171
a 34 90 19 45 506
a 34 25 9 52 924
a 35 36 20 209 1000
a 35 82 12 27 560
a 36 37 20 209 1000
a 36 21 8 16 820
a 36 58 11 41 403
a 36 65 8 11 435
a 36 85 14 41 351
a 36 60 16 57 570
a 37 38 20 209 1000
a 37 80 10 59 423
a 37 63 19 24 380
a 37 32 9 10 561
a 37 12 11 57 625
a 37 72 9 50 747
a 37 5 7 15 126
a 38 39 20 209 1000
a 38 34 19 32 224
a 39 40 20 209 1000
a 39 57 17 24 765
a 40 41 20 209 1000
a 40 48 7 41 840
a 40 9 4 28 761
a 40 78 8 50 944
a 40 43 12 43 963
a 40 71 17 14 812
a 41 42 20 209 1000
a 41 15 5 14 168
a 41 66 18 56 823
a 41 97 10 52 672
a 41 0 12 27 946
a 41 27 15 5 529
a 42 43 20 209 1000
a 42 9 13 15 511
a 42 75 3 45 849
a 42 82 7 51 474
a 42 12 2 3 400
a 43 44 20 209 1000
a 43 96 17 35 254
a 43 9 3 43 910
a 44 45 20 209 1000
a 44 29 9 55 436
a 44 4 3 8 997
a 45 46 20 209 1000
a 45 3 5 29 938
a 46 47 20 209 1000
a 46 74 3 39 413
a 46 15 8 21 422
a 46 3 12 25 684
a 46 49 7 59 437
a 47 48 20 209 1000
a 47 37 5 25 317
a 47 8 5 36 600
a 47 89 5 29 528
a 47 62 16 6 591
a 47 94 6 52 730
a 47 79 5 8 217
a 48 49 20 209 1000
a 48 39 16 55 766
a 49 50 20 209 1000
a 49 96 14 17 445
a 49 38 4 3 159
a 50 51 20 209 1000
a 50 66 5 56 546
a 50 58 1 41 294
a 50 6 16 36 876
a 50 79 15 41 903
a 51 52 20 209 1000
a 52 53 20 209 1000
a 52 17 5 36 947
a 52 34 2 47 267
a 52 98 2 49 313
a 52 5 2 56 928
a 53 54 20 209 1000
a 53 84 1 49 638
a 53 94 8 16 476
a 53 35 19 39 908
a 54 55 20 209 1000
a 54 19 7 10 129
a 54 49 15 56 755
a 54 4 6 30 503
a 54 95 12 29 540
a 54 11 13 39 763
a 55 56 20 209 1000
a 55 18 13 29 435
a 55 76 1 5 955
a 55 84 10 23 177
a 55 92 1 50 350
a 55 3 2 46 718
a 55 24 2 7 744
a 55 80 17 36 296
a 55 62 4 57 264
a 56 57 20 209 1000
a 56 32 2 23 796
a 56 68 9 5 119
a 56 10 2 21 758
a 57 58 20 209 1000
a 57 0 5 58 440
a 57 49 4 32 990
a 57 4 16 26 579
a 58 59 20 209 1000
a 58 85 11 6 263
a 58 94 19 46 490
a 58 27 1 32 376
a 59 60 20 209 1000
a 59 26 12 49 953
a 59 70 8 10 709
a 60 61 20 209 1000
a 61 62 20 209 1000
a 61 54 18 34 335
a 61 18 6 42 948
a 61 48 17 10 666
a 61 41 16 22 223
a 62 63 20 209 1000
a 62 58 4 7 502
a 62 8 5 12 859
a 62 70 12 23 791
a 62 44 19 40 358
a 63 64 20 209 1000
a 63 50 19 12 927
a 63 61 17 10 835
a 63 51 1 13 303
a 63 65 19 43 847
a 63 28 16 59 445
a 63 39 9 5 800
a 64 65 20 209 1000
a 64 18 3 57 581
a 64 93 14 16 168
a 65 66 20 209 1000
a 65 52 4 19 113
a 65 67 1 9 382
a 66 67 20 209 1000
a 66 94 3 27 671
a 66 42 11 36 426
a 66 80 17 8 484
a 66 28 11 34 573
a 67 68 20 209 1000
a 67 10 18 11 289
a 67 19 11 55 242
a 67 43 10 33 431
a 67 55 6 35 700
a 68 69 20 209 1000
a 68 48 12 6 577
a 68 23 15 34 319
a 69 70 20 209 1000
a 69 29 13 11 571
a 69 28 14 33 562
a 69 14 6 39 637
a 69 82 2 41 880
a 69 22 11 46 530
a 70 71 20 209 1000
a 70 8 12 57 629
a 70 10 3 44 285
a 71 72 20 209 1000
a 71 96 19 51 639
a 71 63 17 29 935
a 72 73 20 209 1000
a 72 45 2 23 938
a 72 67 7 6 441
a 73 74 20 209 1000
a 73 58 10 20 833
a 73 21 16 40 381
a 74 75 20 209 1000
a 75 76 20 209 1000
a 75 1 17 23 777
a 76 77 20 209 1000
a 76 95 17 48 827
a 76 68 6 13 606
a 76 26 7 26 631
a 77 78 20 209 1000
a 77 72 11 54 904
a 77 91 4 33 420
a 77 69 16 7 682
a 77 36 13 44 427
a 78 79 20 209 1000
a 78 62 16 28 344
a 79 80 20 209 1000
a 79 45 8 32 235
a 79 49 14 55 790
a 79 2 12 24 362
a 80 81 20 209 1000
a 81 82 20 209 1000
a 82 83 20 209 1000
a 82 4 8 5 462
a 82 64 8 55 506
a 82 57 6 40 523
a 83 84 20 209 1000
a 83 12 16 17 366
a 83 90 12 53 206
a 83 78 11 46 919
a 83 98 6 43 531
a 83 18 10 19 313
a 83 27 11 58 612
a 84 85 20 209 1000
a 85 86 20 209 1000
a 85 25 3 3 399
a 85 99 12 35 937
a 85 29 2 36 857
a 85 68 3 39 901
a 86 87 20 209 1000
a 86 13 16 51 171
a 86 99 18 4 666
a 86 54 2 55 548
a 86 62 12 12 931
a 87 88 20 209 1000
a 87 35 1 10 595
a 87 99 15 17 456
a 87 48 8 14 954
a 88 89 20 209 1000
a 88 75 12 59 364
a 88 58 13 15 976
a 88 52 8 20 746
a 88 11 8 4 507
a 89 90 20 209 1000
a 89 26 2 27 626
a 90 91 20 209 1000
a 90 79 15 52 846
a 90 48 14 29 363
a 91 92 20 209 1000
a 91 98 11 21 154
a 91 56 1 27 823
a 91 2 19 12 843
a 91 9 9 21 771
a 91 33 7 37 883
a 91 50 17 55 143
a 92 93 20 209 1000
a 92 47 9 43 818
a 92 40 3 57 957
a 92 98 5 10 732
a 93 94 20 209 1000
a 93 21 3 29 105
a 93 99 17 45 716
a 94 95 20 209 1000
a 94 73 8 55 508
a 95 96 20 209 1000
a 95 84 1 24 800
a 96 97 20 209 1000
a 96 20 15 4 654
a 96 93 17 36 661
a 96 25 14 56 241
a 96 92 6 7 386
a 96 80 12 35 243
a 96 19 4 9 850
a 97 98 20 209 1000
a 97 1 16 58 410
a 97 7 14 23 586
a 98 99 20 209 1000
a 98 78 13 52 383
a 98 36 18 32 802
a 98 67 8 39 283
a 98 40 13 26 407
a 99 0 20 209 1000
a 99 76 9 31 723
a 99 17 6 59 555
