c fixed charge multi commodity flow
c
c problem vertices edges commodities
p fcmcf 100 400 10
c
c origin destination demand
k 17 8 6
k 5 55 9
k 6 60 7
k 17 84 8
k 93 1 8
k 72 70 5
k 51 79 7
k 14 68 7
k 40 14 9
k 73 4 6
c
c source target cost capacity fixed
a 0 1 200 72 100
a 0 26 13 8 48
a 0 86 14 2 76
a 1 2 200 72 100
a 1 69 83 19 77
a 1 62 41 4 99
a 1 98 90 4 37
a 1 57 152 8 77
a 2 3 200 72 100
a 3 4 200 72 100
a 3 8 108 5 62
a 3 23 175 8 69
a 3 34 50 9 42
a 4 5 200 72 100
a 4 69 49 4 72
a 4 92 56 19 29
a 4 53 178 6 67
a 4 86 72 11 95
a 5 6 200 72 100
a 5 43 73 12 43
a 5 20 175 9 62
a 5 37 99 11 32
a 5 74 163 3 79
a 5 49 111 12 67
a 5 50 109 15 80
a 6 7 200 72 100
a 6 93 183 9 85
a 6 22 25 12 31
a 6 19 13 16 80
a 7 8 200 72 100
a 7 63 105 15 85
a 7 13 110 17 44
a 7 66 112 13 33
a 7 46 97 8 54
a 8 9 200 72 100
a 8 53 195 1 18
a 8 10 133 6 57
a 8 23 116 5 69
a 8 81 157 15 43
a 9 10 200 72 100
a 9 15 39 4 58
a 9 27 80 1 87
a 9 94 139 16 66
a 10 11 200 72 100
a 10 79 81 9 42
a 10 47 135 5 68
a 11 12 200 72 100
a 11 58 177 6 13
a 12 13 200 72 100
a 12 17 132 16 50
a 12 18 108 10 16
a 12 88 72 4 94
a 13 14 200 72 100
a 13 33 131 18 46
a 13 97 102 17 66
a 13 74 112 16 85
a 13 32 185 14 95
a 14 15 200 72 100
a 14 61 137 1 69
a 14 91 69 9 51
a 14 72 39 14 75
a 14 90 99 1 63
a 14 35 145 15 14
a 15 16 200 72 100
a 16 17 200 72 100
a 16 25 166 11 63
a 16 41 79 10 83
a 17 18 200 72 100
a 17 31 129 7 65
a 17 14 62 5 58
a 17 41 172 5 67
a 17 38 52 8 32
a 18 19 200 72 100
a 18 38 109 5 24
a 18 99 151 19 10
a 19 20 200 72 100
a 19 15 120 11 25
a 19 49 125 9 42
a 19 32 135 15 95
a 20 21 200 72 100
a 20 93 174 16 15
a 20 78 105 10 10
a 20 74 161 5 77
a 20 38 148 13 34
a 21 22 200 72 100
a 21 5 153 17 32
a 21 77 85 1 70
a 22 23 200 72 100
a 22 56 76 7 22
a 22 12 57 16 34
a 22 98 177 11 72
a 22 37 18 10 62
a 22 87 160 1 59
a 22 70 84 9 62
a 22 83 19 12 91
a 23 24 200 72 100
a 23 33 194 10 31
a 23 47 181 12 67
a 23 7 141 9 35
a 23 31 117 3 21
a 23 83 113 7 30
a 23 40 70 7 12
a 24 25 200 72 100
a 24 75 196 13 95
a 24 65 90 8 84
a 25 26 200 72 100
a 25 34 43 13 74
a 25 14 145 6 69
a 26 27 200 72 100
a 26 29 62 18 35
a 26 19 102 1 80
a 26 47 95 8 91
a 26 72 12 8 20
a 26 80 194 2 87
a 27 28 200 72 100
a 27 6 39 11 39
a 28 29 200 72 100
a 28 95 199 4 35
a 28 76 119 15 85
a 28 49 35 3 87
a 28 74 166 4 28
a 29 30 200 72 100
a 29 47 171 6 48
a 29 82 173 14 53
a 29 87 129 11 68
a 29 83 38 15 84
a 30 31 200 72 100
a 30 98 172 11 26
a 30 29 109 19 64
a 30 46 45 5 36
a 31 32 200 72 100
a 31 2 97 1 15
a 31 45 74 18 31
a 32 33 200 72 100
a 33 34 200 72 100
a 33 39 75 15 68
a 33 45 122 13 16
a 34 35 200 72 100
a 34 38 32 2 79
a 34 89 195 13 48
a 34 61 85 8 96
a 34 72 10 6 99
a 34 30 29 8 66
a 34 62 21 4 48
a 34 29 45 19 53
a 35 36 200 72 100
a 35 26 88 15 66
a 35 71 177 16 90
a 35 61 124 15 80
a 36 37 200 72 100
a 36 50 105 16 25
a 36 2 104 6 86
a 36 63 124 1 63
a 37 38 200 72 100
a 37 90 116 8 18
a 37 53 26 6 99
a 37 8 154 8 47
a 37 55 17 12 94
a 37 12 120 2 19
a 38 39 200 72 100
a 38 29 144 9 33
a 38 45 69 6 80
a 38 23 82 4 38
a 38 94 68 12 56
a 39 40 200 72 100
a 39 33 100 2 62
a 39 18 180 6 83
a 39 86 44 1 26
a 40 41 200 72 100
a 40 3 116 17 21
a 40 99 94 11 57
a 40 26 158 19 74
a 41 42 200 72 100
a 42 43 200 72 100
a 42 83 113 16 36
a 42 25 23 14 11
a 42 44 47 18 78
a 42 56 78 2 39
a 43 44 200 72 100
a 43 24 91 10 60
a 44 45 200 72 100
a 44 99 118 11 50
a 44 93 68 8 43
a 44 88 194 13 81
a 45 46 200 72 100
a 45 61 140 1 64
a 45 48 176 11 63
a 45 98 121 18 35
a 45 42 11 16 18
a 45 80 197 9 36
a 46 47 200 72 100
a 46 51 173 6 48
a 46 77 121 12 45
a 46 87 128 7 87
a 47 48 200 72 100
a 47 17 19 8 16
a 47 46 113 6 92
a 47 88 142 10 17
a 48 49 200 72 100
a 48 13 75 17 42
a 48 97 27 9 75
a 49 50 200 72 100
a 49 1 158 10 99
a 49 96 109 12 32
a 49 42 184 11 63
a 50 51 200 72 100
a 50 88 125 1 88
a 50 91 146 6 58
a 50 40 20 12 44
a 50 18 73 14 94
a 51 52 200 72 100
a 51 67 164 8 53
a 51 46 25 18 96
a 51 75 42 13 45
a 51 80 104 3 38
a 51 49 40 11 94
a 52 53 200 72 100
a 52 26 20 17 78
a 52 22 170 10 29
a 52 81 64 7 28
a 52 20 134 13 33
a 53 54 200 72 100
a 53 44 85 4 52
a 53 19 73 11 94
a 54 55 200 72 100
a 54 98 182 11 60
a 55 56 200 72 100
a 55 23 14 10 56
a 55 75 35 11 78
a 55 97 72 4 84
a 55 32 162 9 26
a 56 57 200 72 100
a 56 70 81 4 45
a 56 31 107 6 15
a 57 58 200 72 100
a 57 36 147 18 83
a 57 7 66 12 42
a 57 98 152 3 45
a 57 23 173 7 23
a 57 95 161 3 81
a 58 59 200 72 100
a 58 66 176 17 76
a 58 25 43 15 21
a 59 60 200 72 100
a 59 48 102 1 11
a 59 1 168 18 88
a 59 41 81 7 54
a 59 18 109 12 46
a 60 61 200 72 100
a 60 70 163 10 18
a 61 62 200 72 100
a 61 3 35 5 32
a 62 63 200 72 100
a 62 45 70 14 59
a 63 64 200 72 100
a 63 87 18 14 88
a 64 65 200 72 100
a 65 66 200 72 100
a 65 61 63 7 50
a 65 20 172 9 70
a 65 70 28 2 12
a 66 67 200 72 100
a 66 23 193 2 97
a 66 86 10 15 69
a 67 68 200 72 100
a 67 55 139 7 88
a 67 43 118 8 26
a 67 17 177 3 22
a 68 69 200 72 100
a 68 33 129 13 94
a 69 70 200 72 100
a 69 56 86 19 27
a 69 8 130 3 43
a 69 44 123 14 12
a 70 71 200 72 100
a 70 92 101 6 98
a 70 82 31 16 39
a 71 72 200 72 100
a 71 13 78 16 88
a 71 30 145 7 71
a 71 60 150 3 97
a 72 73 200 72 100
a 72 88 129 15 33
a 72 23 190 6 54
a 72 51 164 12 77
a 72 68 180 7 98
a 73 74 200 72 100
a 73 99 41 18 64
a 73 12 171 7 79
a 73 76 172 6 26
a 73 71 14 6 77
a 74 75 200 72 100
a 74 24 159 7 18
a 74 4 156 8 45
a 75 76 200 72 100
a 75 16 141 18 96
a 75 24 191 6 72
a 75 42 109 14 14
a 75 72 189 16 84
a 76 77 200 72 100
a 76 80 179 14 30
a 76 22 198 19 73
a 77 78 200 72 100
a 77 27 144 14 32
a 78 79 200 72 100
a 78 54 48 7 43
a 78 2 52 16 56
a 78 10 149 7 74
a 78 19 155 11 48
a 79 80 200 72 100
a 79 30 54 17 77
a 80 81 200 72 100
a 80 71 152 6 21
a 80 34 61 11 96
a 80 12 135 19 13
a 80 98 144 17 29
a 81 82 200 72 100
a 81 42 184 2 83
a 81 92 184 16 76
a 81 85 99 16 13
a 81 32 174 5 58
a 82 83 200 72 100
a 82 52 137 9 62
a 82 9 170 6 90
a 82 21 26 4 67
a 82 49 98 9 18
a 83 84 200 72 100
a 83 64 196 15 45
a 83 98 13 13 96
a 83 25 152 7 19
a 83 26 129 16 96
a 84 85 200 72 100
a 84 58 175 9 39
a 84 35 22 14 59
a 84 79 199 16 42
a 84 66 50 4 83
a 85 86 200 72 100
a 86 87 200 72 100
a 86 29 107 8 95
a 86 56 186 18 83
a 86 93 86 14 11
a 87 88 200 72 100
a 87 7 14 18 85
a 87 85 30 5 64
a 87 79 171 17 57
a 87 3 116 3 56
a 87 97 56 10 26
a 88 89 200 72 100
a 88 48 69 12 45
a 88 0 21 6 33
a 88 90 186 18 89
a 89 90 200 72 100
a 89 29 90 9 30
a 89 32 42 6 23
a 89 47 89 14 56
a 89 20 116 8 28
a 90 91 200 72 100
a 90 45 60 2 59
a 90 30 11 3 55
a 90 80 75 18 40
a 91 92 200 72 100
a 91 70 31 6 50
a 91 83 129 2 31
a 92 93 200 72 100
a 92 39 138 16 67
a 92 46 81 11 68
a 92 27 70 14 72
a 92 70 193 12 79
a 92 95 75 3 63
a 92 54 118 6 74
a 92 72 114 9 88
a 93 94 200 72 100
a 93 83 120 11 58
a 93 60 77 8 49
a 93 69 199 4 55
a 94 95 200 72 100
a 94 77 176 6 41
a 94 36 80 8 60
a 94 56 27 19 55
a 95 96 200 72 100
a 95 12 11 19 90
a 95 14 171 14 61
a 95 77 72 10 42
a 95 13 171 13 44
a 96 97 200 72 100
a 96 67 130 8 47
a 96 64 94 17 40
a 96 73 48 13 40
a 96 9 106 2 67
a 97 98 200 72 100
a 97 63 114 9 93
a 97 77 55 15 62
a 97 85 167 15 67
a 98 99 200 72 100
a 98 4 10 3 59
a 98 46 42 3 22
a 98 90 48 11 39
a 98 54 147 15 66
a 99 0 200 72 100
a 99 22 114 6 12
