c fixed charge multi commodity flow
c
c problem vertices edges commodities
p fcmcf 100 400 10
c
c origin destination demand
k 33 59 8
k 55 40 8
k 8 25 9
k 25 85 8
k 71 54 5
k 11 54 6
k 59 50 9
k 42 99 5
k 14 79 6
k 7 25 9
c
c source target cost capacity fixed
a 0 1 20 73 1000
a 0 78 1 10 446
a 0 50 17 1 234
a 0 94 11 9 565
a 0 51 11 19 169
a 0 39 14 9 839
a 0 77 9 13 269
a 1 2 20 73 1000
a 1 15 1 16 211
a 2 3 20 73 1000
a 2 31 8 18 538
a 2 58 10 6 147
a 2 34 1 19 697
a 2 40 10 12 255
a 3 4 20 73 1000
a 3 90 14 15 813
a 3 73 10 8 490
a 4 5 20 73 1000
a 5 6 20 73 1000
a 5 70 5 2 631
a 5 19 12 15 345
a 5 60 4 6 377
a 6 7 20 73 1000
a 6 30 19 7 365
a 6 49 19 7 872
a 6 82 5 11 822
a 6 8 7 16 269
a 6 40 10 10 487
a 6 93 6 9 147
a 6 4 5 5 821
a 6 77 12 10 256
a 6 94 10 14 374
a 7 8 20 73 1000
a 7 14 3 5 551
a 7 25 5 3 173
a 8 9 20 73 1000
a 8 24 12 9 637
a 8 2 3 16 957
a 9 10 20 73 1000
a 9 42 13 19 793
a 9 65 1 17 170
a 9 71 14 17 709
a 9 30 11 9 365
a 10 11 20 73 1000
a 10 67 18 18 169
a 10 43 17 10 495
a 10 15 13 4 483
a 11 12 20 73 1000
a 11 0 10 18 757
a 12 13 20 73 1000
a 12 27 10 15 144
a 12 78 5 4 833
a 12 7 19 10 301
a 13 14 20 73 1000
a 13 47 16 8 534
a 13 25 10 4 407
a 13 92 14 17 308
a 13 99 10 4 226
a 14 15 20 73 1000
a 14 97 3 6 107
a 14 39 12 16 848
a 15 16 20 73 1000
a 15 92 19 8 389
a 15 67 15 2 228
a 15 98 11 19 612
a 16 17 20 73 1000
a 16 59 7 8 757
a 17 18 20 73 1000
a 17 95 12 10 337
a 17 75 2 19 741
a 18 19 20 73 1000
a 19 20 20 73 1000
a 19 69 1 7 116
a 19 22 8 8 339
a 19 14 2 17 289
a 20 21 20 73 1000
a 20 75 15 16 815
a 20 74 1 2 783
a 21 22 20 73 1000
a 21 13 4 13 316
a 21 29 11 1 912
a 21 11 4 18 993
a 22 23 20 73 1000
a 22 43 8 16 393
a 22 66 18 18 473
a 22 48 3 2 325
a 23 24 20 73 1000
a 23 89 13 4 879
a 23 36 13 10 860
a 23 85 12 6 788
a 23 83 18 8 802
a 24 25 20 73 1000
a 24 76 18 19 223
a 24 95 5 17 392
a 24 90 12 17 610
a 24 55 16 8 320
a 24 31 16 1 941
a 25 26 20 73 1000
a 25 84 12 1 804
a 25 51 2 4 561
a 25 58 18 14 439
a 25 41 13 8 438
a 26 27 20 73 1000
a 26 61 2 1 657
a 26 98 4 19 750
a 26 57 5 4 765
a 27 28 20 73 1000
a 27 78 18 9 262
a 27 85 11 15 153
a 27 74 17 4 478
a 28 29 20 73 1000
a 28 21 12 7 736
a 28 73 5 12 297
a 29 30 20 73 1000
a 29 37 3 4 925
a 30 31 20 73 1000
a 30 99 3 2 250
a 30 51 18 16 861
a 31 32 20 73 1000
a 31 16 4 7 340
a 31 81 7 12 464
a 32 33 20 73 1000
a 32 61 12 5 565
a 32 22 14 5 161
a 32 47 11 4 117
a 33 34 20 73 1000
a 33 86 10 11 869
a 33 87 11 16 230
a 33 93 6 10 435
a 33 75 10 13 589
a 33 10 14 16 205
a 34 35 20 73 1000
a 35 36 20 73 1000
a 35 57 11 9 999
a 35 24 17 18 926
a 36 37 20 73 1000
a 36 81 16 19 885
a 37 38 20 73 1000
a 37 44 5 17 933
a 37 55 18 4 929
a 37 49 16 15 128
a 38 39 20 73 1000
a 38 26 15 18 229
a 38 74 18 15 565
a 38 11 9 2 359
a 38 54 2 14 939
a 39 40 20 73 1000
a 39 82 6 14 229
a 39 48 12 9 377
a 39 54 10 11 618
a 39 36 10 12 415
a 40 41 20 73 1000
a 40 79 6 6 220
a 40 4 16 12 208
a 40 29 4 11 366
a 40 97 12 3 618
a 41 42 20 73 1000
a 41 27 9 3 639
a 41 23 5 3 670
a 42 43 20 73 1000
a 42 69 14 16 730
a 42 30 10 14 215
a 42 67 1 7 496
a 43 44 20 73 1000
a 44 45 20 73 1000
a 44 24 3 16 195
a 45 46 20 73 1000
a 45 1 4 7 143
a 45 14 6 13 654
a 45 98 14 14 416
a 45 91 16 18 528
a 46 47 20 73 1000
a 46 68 19 10 116
a 46 58 5 18 141
a 46 64 15 9 259
a 47 48 20 73 1000
a 47 66 11 19 727
a 47 22 18 2 896
a 47 42 8 4 332
a 47 50 7 7 192
a 48 49 20 73 1000
a 48 72 11 12 259
a 48 98 11 19 176
a 48 34 5 2 236
a 49 50 20 73 1000
a 49 96 1 11 913
a 49 70 17 12 823
a 49 63 3 3 186
a 49 54 7 7 498
a 49 10 9 14 888
a 50 51 20 73 1000
a 50 73 8 5 598
a 50 95 9 11 882
a 51 52 20 73 1000
a 51 33 15 9 461
a 51 17 17 1 341
a 51 1 1 13 321
a 51 4 4 4 155
a 52 53 20 73 1000
a 52 78 12 9 936
a 52 46 17 19 409
a 52 22 16 6 688
a 52 5 17 1 196
a 52 27 16 17 691
a 53 54 20 73 1000
a 53 84 14 10 758
a 53 49 8 19 850
a 54 55 20 73 1000
a 54 13 12 9 360
a 54 52 15 10 533
a 54 19 17 11 572
a 54 90 10 3 195
a 55 56 20 73 1000
a 55 37 4 15 984
a 55 80 2 10 809
a 55 83 4 5 249
a 55 65 17 14 247
a 55 74 8 19 615
a 55 64 12 14 732
a 56 57 20 73 1000
a 56 47 11 4 122
a 56 13 5 11 773
a 57 58 20 73 1000
a 57 36 15 5 208
a 57 72 9 5 846
a 57 31 7 3 163
a 58 59 20 73 1000
a 58 74 6 12 804
a 58 84 8 9 393
a 58 42 11 16 642
a 58 29 11 4 932
a 58 94 6 7 677
a 59 60 20 73 1000
a 59 50 12 7 535
a 59 68 19 13 151
a 60 61 20 73 1000
a 60 7 10 8 530
a 60 32 8 16 552
a 60 91 2 11 717
a 60 86 9 11 300
a 61 62 20 73 1000
a 61 49 12 1 635
a 61 57 8 12 868
a 61 42 3 19 405
a 62 63 20 73 1000
a 62 3 2 6 886
a 62 23 17 10 139
a 62 82 6 1 813
a 63 64 20 73 1000
a 63 46 14 19 480
a 63 18 15 2 116
a 63 69 3 10 369
a 63 82 15 12 834
a 63 84 5 5 483
a 63 74 1 12 856
a 64 65 20 73 1000
a 64 99 3 6 727
a 64 56 7 18 779
a 65 66 20 73 1000
a 65 22 4 4 361
a 65 23 9 17 157
a 65 49 19 6 580
a 65 88 11 11 235
a 65 43 3 11 552
a 65 68 3 13 733
a 66 67 20 73 1000
a 66 51 4 1 786
a 66 43 17 13 644
a 67 68 20 73 1000
a 67 70 12 19 811
a 67 73 14 18 348
a 67 83 4 14 703
a 67 20 17 10 254
a 68 69 20 73 1000
a 68 82 17 6 546
a 68 95 11 12 732
a 69 70 20 73 1000
a 69 72 14 1 620
a 69 31 17 19 570
a 69 49 13 19 415
a 69 96 14 18 313
a 69 45 17 16 355
a 70 71 20 73 1000
a 70 22 6 14 662
a 70 95 17 18 588
a 71 72 20 73 1000
a 71 65 4 7 718
a 71 68 13 9 169
a 72 73 20 73 1000
a 72 41 19 6 510
a 72 48 6 8 491
a 73 74 20 73 1000
a 73 70 16 13 193
a 73 53 8 3 261
a 74 75 20 73 1000
a 74 32 19 15 645
a 74 73 14 12 156
a 74 66 16 5 779
a 75 76 20 73 1000
a 75 11 5 9 184
a 75 92 14 18 178
a 76 77 20 73 1000
a 76 39 2 17 899
a 76 67 4 10 802
a 76 58 19 16 129
a 76 36 13 15 198
a 76 46 3 15 787
a 76 3 16 8 275
a 77 78 20 73 1000
a 77 69 7 1 528
a 78 79 20 73 1000
a 78 34 17 4 995
a 78 40 6 11 217
a 78 65 18 11 351
a 78 20 16 6 178
a 78 91 3 14 659
a 78 43 12 3 621
a 78 21 7 19 449
a 78 89 2 13 652
a 78 16 3 13 330
a 79 80 20 73 1000
a 79 93 1 18 284
a 79 9 13 7 907
a 79 84 13 14 991
a 80 81 20 73 1000
a 80 68 16 14 656
a 80 49 17 15 883
a 81 82 20 73 1000
a 81 67 9 8 425
a 81 99 3 11 591
a 81 27 7 16 928
a 82 83 20 73 1000
a 82 47 14 18 903
a 82 12 6 3 307
a 83 84 20 73 1000
a 83 96 7 7 303
a 83 91 18 16 293
a 84 85 20 73 1000
a 84 11 3 8 385
a 85 86 20 73 1000
a 86 87 20 73 1000
a 86 37 19 9 129
a 87 88 20 73 1000
a 87 51 5 7 524
a 87 42 18 3 898
a 88 89 20 73 1000
a 88 52 3 2 623
a 89 90 20 73 1000
a 89 60 1 7 691
a 89 88 1 3 296
a 89 22 2 15 447
a 89 13 15 11 741
a 89 46 11 4 785
a 90 91 20 73 1000
a 90 80 9 19 521
a 90 72 1 17 988
a 90 71 5 7 772
a 90 76 18 6 192
a 91 92 20 73 1000
a 91 36 5 13 318
a 92 93 20 73 1000
a 92 37 13 3 773
a 92 95 19 12 372
a 92 28 2 5 336
a 92 78 2 10 755
a 92 3 14 3 661
a 93 94 20 73 1000
a 93 37 4 5 320
a 93 28 15 6 782
a 93 18 18 4 450
a 93 25 17 11 324
a 94 95 20 73 1000
a 94 15 17 18 541
a 94 8 11 3 251
a 94 34 19 14 802
a 94 28 12 17 310
a 95 96 20 73 1000
a 95 17 9 10 535
a 95 5 3 8 295
a 95 0 1 5 565
a 95 26 1 15 280
a 95 68 6 4 615
a 95 3 7 12 823
a 96 97 20 73 1000
a 96 50 1 10 710
a 97 98 20 73 1000
a 97 3 19 19 184
a 97 6 19 3 640
a 98 99 20 73 1000
a 98 1 1 8 292
a 98 78 7 8 863
a 98 45 14 18 738
a 98 22 19 19 795
a 99 0 20 73 1000
a 99 84 13 9 248
a 99 22 18 7 892
a 99 33 12 12 133
a 99 34 18 16 173
a 99 8 13 17 868
a 99 9 5 3 215
