c fixed charge multi commodity flow
c
c problem vertices edges commodities
p fcmcf 100 400 10
c
c origin destination demand
k 74 86 19
k 55 39 23
k 56 2 15
k 80 50 23
k 49 37 23
k 96 42 21
k 48 20 24
k 23 37 22
k 34 64 15
k 36 35 24
c
c source target cost capacity fixed
a 0 1 20 209 1000
a 0 43 10 15 141
a 0 42 11 7 254
a 0 86 3 5 926
a 0 17 8 12 977
a 0 14 8 9 535
a 1 2 20 209 1000
a 1 96 13 14 537
a 1 17 18 14 288
a 1 58 6 16 882
a 1 54 6 6 265
a 1 77 5 14 407
a 2 3 20 209 1000
a 2 64 10 17 155
a 2 29 7 4 948
a 2 87 14 4 771
a 2 98 1 12 473
a 2 0 4 11 850
a 2 84 2 13 353
a 3 4 20 209 1000
a 4 5 20 209 1000
a 4 1 3 11 147
a 4 35 11 14 953
a 4 97 7 13 438
a 5 6 20 209 1000
a 5 12 2 14 521
a 5 16 7 10 879
a 6 7 20 209 1000
a 6 73 7 10 659
a 6 9 10 11 524
a 7 8 20 209 1000
a 8 9 20 209 1000
a 9 10 20 209 1000
a 10 11 20 209 1000
a 10 0 13 3 637
a 10 77 1 12 743
a 10 4 15 3 538
a 11 12 20 209 1000
a 11 21 8 8 777
a 11 68 10 3 350
a 11 24 1 5 442
a 12 13 20 209 1000
a 12 68 9 16 701
a 12 55 12 4 339
a 12 46 11 6 897
a 12 41 9 15 700
a 13 14 20 209 1000
a 13 80 4 11 820
a 13 48 7 13 892
a 13 40 8 8 940
a 13 24 16 16 231
a 13 42 17 18 888
a 14 15 20 209 1000
a 15 16 20 209 1000
a 15 79 4 17 949
a 15 96 18 17 948
a 15 44 4 16 776
a 16 17 20 209 1000
a 16 79 10 9 309
a 16 12 19 19 407
a 17 18 20 209 1000
a 17 99 6 18 155
a 17 30 11 7 486
a 17 31 15 18 564
a 18 19 20 209 1000
a 18 48 15 15 713
a 18 76 16 9 279
a 18 6 6 14 432
a 18 53 14 9 822
a 18 64 14 6 941
a 18 90 9 16 415
a 19 20 20 209 1000
a 20 21 20 209 1000
a 20 53 10 17 739
a 20 63 5 16 866
a 20 56 18 12 881
a 20 60 5 18 120
a 20 14 15 9 359
a 21 22 20 209 1000
a 21 64 4 13 786
a 21 30 17 16 711
a 21 11 16 17 290
a 22 23 20 209 1000
a 22 87 3 12 479
a 22 68 18 7 123
a 22 84 19 19 777
a 22 99 13 19 502
a 22 12 1 13 154
a 22 40 17 4 644
a 22 96 1 3 703
a 22 59 2 19 479
a 22 55 12 15 550
a 23 24 20 209 1000
a 23 15 6 15 433
a 23 25 4 6 419
a 24 25 20 209 1000
a 24 48 19 17 781
a 25 26 20 209 1000
a 25 60 12 15 296
a 25 12 11 7 967
a 25 86 7 19 738
a 25 15 10 3 621
a 26 27 20 209 1000
a 26 37 13 15 598
a 26 22 13 5 762
a 26 24 10 11 864
a 26 98 12 4 897
a 27 28 20 209 1000
a 27 36 1 18 343
a 27 67 13 6 859
a 28 29 20 209 1000
a 28 27 17 11 152
a 28 78 16 16 742
a 28 24 3 11 440
a 29 30 20 209 1000
a 29 65 12 10 583
a 29 94 8 6 168
a 29 6 11 12 580
a 30 31 20 209 1000
a 30 88 14 6 844
a 30 61 14 15 842
a 31 32 20 209 1000
a 31 16 16 9 951
a 31 5 6 19 333
a 31 82 6 6 914
a 31 99 3 5 442
a 32 33 20 209 1000
a 32 41 17 5 708
a 33 34 20 209 1000
a 33 7 9 16 110
a 33 52 12 9 601
a 33 62 12 13 657
a 34 35 20 209 1000
a 34 12 17 6 982
a 34 15 9 4 402
a 34 75 11 6 404
a 34 9 6 7 653
a 34 97 10 15 223
a 35 36 20 209 1000
a 35 84 18 19 967
a 35 98 6 14 693
a 35 27 13 15 673
a 36 37 20 209 1000
a 36 41 18 5 276
a 36 87 5 7 613
a 36 63 15 6 763
a 36 55 4 19 351
a 37 38 20 209 1000
a 37 32 2 12 714
a 37 14 10 17 649
a 37 81 7 11 787
a 37 90 9 13 417
a 37 48 8 12 549
a 38 39 20 209 1000
a 38 44 10 14 956
a 38 6 19 12 979
a 38 42 7 15 488
a 38 82 7 14 349
a 38 7 4 14 248
a 39 40 20 209 1000
a 39 91 2 10 831
a 40 41 20 209 1000
a 40 59 11 6 823
a 40 79 12 6 130
a 40 23 17 5 165
a 40 75 17 14 777
a 40 30 15 10 932
a 41 42 20 209 1000
a 41 59 14 15 283
a 41 9 16 12 510
a 41 29 10 14 967
a 42 43 20 209 1000
a 42 99 2 12 298
a 42 8 3 10 301
a 42 29 6 12 930
a 42 13 14 4 998
a 42 98 1 4 810
a 43 44 20 209 1000
a 43 46 6 8 429
a 43 22 16 7 567
a 44 45 20 209 1000
a 44 40 9 19 757
a 44 26 18 11 448
a 45 46 20 209 1000
a 45 21 1 14 127
a 45 63 8 7 251
a 45 53 5 9 990
a 46 47 20 209 1000
a 46 59 19 6 105
a 46 38 11 4 129
a 47 48 20 209 1000
a 47 26 12 19 623
a 48 49 20 209 1000
a 48 82 8 8 285
a 48 22 19 16 172
a 48 87 4 4 677
a 48 86 18 18 530
a 48 45 8 3 778
a 49 50 20 209 1000
a 49 9 3 14 691
a 50 51 20 209 1000
a 50 99 5 5 693
a 50 81 10 4 446
a 50 83 3 5 453
a 50 9 2 17 619
a 50 94 5 13 136
a 50 64 19 5 151
a 51 52 20 209 1000
a 51 8 13 4 415
a 51 33 7 9 300
a 51 82 6 17 698
a 51 95 8 15 113
a 51 16 16 8 398
a 51 89 13 12 409
a 51 48 17 11 339
a 51 94 12 19 325
a 52 53 20 209 1000
a 52 66 16 3 806
a 53 54 20 209 1000
a 53 58 8 6 824
a 54 55 20 209 1000
a 54 98 11 8 288
a 54 13 10 17 544
a 54 20 4 14 494
a 54 43 10 3 801
a 54 82 13 18 355
a 55 56 20 209 1000
a 55 76 19 7 527
a 55 92 7 4 553
a 55 26 2 11 983
a 55 11 14 18 713
a 56 57 20 209 1000
a 56 65 18 9 271
a 56 60 10 11 619
a 56 85 16 9 267
a 57 58 20 209 1000
a 57 71 3 16 414
a 58 59 20 209 1000
a 58 51 10 11 445
a 58 80 3 11 833
a 58 45 2 15 409
a 59 60 20 209 1000
a 59 23 11 13 285
a 59 58 7 11 429
a 59 87 10 3 533
a 59 34 6 5 768
a 60 61 20 209 1000
a 60 66 1 8 156
a 60 19 5 15 936
a 60 52 4 15 601
a 60 70 9 14 897
a 61 62 20 209 1000
a 61 47 7 6 855
a 61 57 17 18 238
a 61 90 14 13 535
a 61 76 9 15 408
a 62 63 20 209 1000
a 62 30 14 8 404
a 62 54 11 13 394
a 63 64 20 209 1000
a 63 58 10 17 541
a 63 26 17 19 243
a 63 73 19 3 795
a 64 65 20 209 1000
a 64 35 1 19 758
a 64 90 5 9 158
a 64 40 5 14 965
a 65 66 20 209 1000
a 65 63 13 3 521
a 65 54 5 17 372
a 66 67 20 209 1000
a 66 92 3 18 546
a 66 91 11 11 949
a 66 7 19 8 888
a 66 41 2 7 970
a 66 30 14 14 272
a 67 68 20 209 1000
a 67 55 5 11 330
a 67 28 1 19 676
a 68 69 20 209 1000
a 68 41 5 12 337
a 68 38 14 14 961
a 68 90 16 4 911
a 69 70 20 209 1000
a 69 92 12 10 645
a 69 94 8 8 629
a 69 17 2 10 799
a 69 58 9 12 170
a 69 23 15 7 814
a 70 71 20 209 1000
a 70 99 17 10 596
a 70 22 16 17 768
a 70 52 4 7 541
a 70 51 18 9 398
a 71 72 20 209 1000
a 71 26 11 4 166
a 72 73 20 209 1000
a 72 92 2 19 370
a 73 74 20 209 1000
a 73 66 17 3 920
a 73 4 17 14 233
a 73 98 7 17 842
a 73 28 18 18 145
a 73 40 11 19 775
a 73 75 13 5 198
a 74 75 20 209 1000
a 74 61 4 15 630
a 74 73 19 10 685
a 74 51 19 11 195
a 74 46 8 10 554
a 74 42 3 13 838
a 75 76 20 209 1000
a 75 78 11 18 353
a 75 38 9 15 998
a 75 60 1 11 776
a 75 35 2 14 401
a 75 90 2 12 621
a 75 71 8 17 531
a 76 77 20 209 1000
a 76 7 15 19 528
a 76 26 9 7 755
a 76 73 9 13 999
a 77 78 20 209 1000
a 77 94 2 16 322
a 77 10 13 15 419
a 78 79 20 209 1000
a 78 43 18 15 229
a 78 11 2 17 623
a 78 94 5 4 986
a 78 63 18 3 165
a 79 80 20 209 1000
a 80 81 20 209 1000
a 80 17 10 12 551
a 81 82 20 209 1000
a 81 38 10 11 306
a 81 22 16 19 880
a 81 50 2 19 841
a 81 39 7 16 910
a 82 83 20 209 1000
a 82 66 18 12 594
a 83 84 20 209 1000
a 83 52 11 8 247
a 84 85 20 209 1000
a 84 4 18 18 493
a 85 86 20 209 1000
a 85 15 8 12 433
a 85 39 4 11 356
a 85 69 2 5 346
a 86 87 20 209 1000
a 86 80 1 13 646
a 86 83 4 11 454
a 87 88 20 209 1000
a 87 74 17 18 931
a 87 93 19 14 198
a 87 71 8 12 690
a 87 6 2 17 770
a 88 89 20 209 1000
a 88 78 15 6 272
a 88 48 2 19 970
a 88 76 3 8 868
a 89 90 20 209 1000
a 90 91 20 209 1000
a 90 79 5 12 221
a 90 19 8 10 280
a 90 86 9 3 610
a 91 92 20 209 1000
a 91 85 16 6 191
a 91 27 13 3 471
a 91 42 12 10 261
a 91 58 18 5 364
a 92 93 20 209 1000
a 92 51 8 12 410
a 92 10 9 6 812
a 92 89 9 18 720
a 92 2 19 17 815
a 93 94 20 209 1000
a 93 69 4 18 332
a 93 22 19 11 284
a 93 91 16 5 775
a 93 33 19 14 174
a 94 95 20 209 1000
a 94 61 7 14 945
a 94 98 13 12 577
a 94 67 10 4 390
a 95 96 20 209 1000
a 95 28 9 8 666
a 96 97 20 209 1000
a 96 30 4 5 220
a 96 94 15 15 116
a 97 98 20 209 1000
a 97 88 3 14 304
a 97 61 4 8 303
a 97 17 6 6 607
a 98 99 20 209 1000
a 98 84 15 14 231
a 98 28 19 15 987
a 99 0 20 209 1000
a 99 36 9 3 330
a 99 22 9 3 604
a 99 77 14 5 275
