c fixed charge multi commodity flow
c
c problem vertices edges commodities
p fcmcf 100 400 30
c
c origin destination demand
k 35 89 41
k 86 68 44
k 69 7 27
k 57 8 29
k 41 92 41
k 30 33 33
k 41 11 34
k 98 57 43
k 53 4 23
k 32 13 43
k 51 89 22
k 76 34 42
k 47 39 26
k 20 80 43
k 1 6 35
k 84 67 25
k 4 14 32
k 40 16 44
k 65 68 33
k 46 47 32
k 50 32 29
k 79 28 35
k 13 26 39
k 29 34 35
k 36 23 34
k 41 63 36
k 66 98 39
k 48 99 41
k 6 65 23
k 60 91 44
c
c source target cost capacity fixed
a 0 1 20 1047 1000
a 0 72 17 24 169
a 0 65 17 43 636
a 0 70 2 54 554
a 0 76 4 55 319
a 0 36 17 21 590
a 0 8 1 42 341
a 1 2 20 1047 1000
a 1 98 7 15 944
a 1 61 19 56 444
a 1 58 9 57 571
a 2 3 20 1047 1000
a 2 30 10 7 481
a 3 4 20 1047 1000
a 3 95 9 59 260
a 3 46 17 20 866
a 4 5 20 1047 1000
a 4 90 1 44 910
a 4 94 1 18 255
a 4 80 10 34 878
a 5 6 20 1047 1000
a 5 59 13 19 137
a 5 82 19 3 141
a 5 22 8 24 403
a 5 71 10 29 167
a 6 7 20 1047 1000
a 6 37 1 41 879
a 6 65 4 44 891
a 6 94 4 7 521
a 7 8 20 1047 1000
a 7 81 12 50 484
a 7 26 8 56 564
a 7 64 7 9 266
a 7 89 7 51 793
a 8 9 20 1047 1000
a 8 73 14 48 960
a 9 10 20 1047 1000
a 9 73 19 43 626
a 9 97 10 25 224
a 9 49 3 9 853
a 9 94 16 45 467
a 10 11 20 1047 1000
a 10 41 12 27 706
a 10 97 7 16 197
a 10 92 1 55 464
a 11 12 20 1047 1000
a 11 59 13 31 835
a 11 4 6 58 371
a 12 13 20 1047 1000
a 13 14 20 1047 1000
a 13 78 18 14 716
a 13 62 12 48 878
a 13 96 10 21 345
a 14 15 20 1047 1000
a 14 37 17 6 353
a 14 9 12 7 102
a 14 95 1 37 921
a 14 20 1 36 226
a 14 59 13 13 659
a 14 63 6 26 293
a 15 16 20 1047 1000
a 15 81 7 20 443
a 15 44 19 40 644
a 15 11 14 3 550
a 16 17 20 1047 1000
a 16 54 7 33 598
a 16 53 10 53 786
a 17 18 20 1047 1000
a 17 63 12 31 383
a 17 32 8 4 155
a 18 19 20 1047 1000
a 19 20 20 1047 1000
a 19 29 3 58 358
a 19 85 4 28 824
a 19 72 2 58 534
a 20 21 20 1047 1000
a 20 40 15 8 228
a 20 36 4 35 664
a 20 22 17 8 943
a 21 22 20 1047 1000
a 21 33 8 19 849
a 21 45 12 43 740
a 21 23 1 8 222
a 21 83 12 55 795
a 22 23 20 1047 1000
a 22 4 15 4 285
a 22 92 3 30 908
a 23 24 20 1047 1000
a 24 25 20 1047 1000
a 24 68 5 33 666
a 24 43 17 35 323
a 24 60 5 57 933
a 25 26 20 1047 1000
a 25 96 6 3 770
a 25 71 13 10 648
a 26 27 20 1047 1000
a 26 57 14 29 303
a 26 47 11 32 819
a 27 28 20 1047 1000
a 27 38 5 24 598
a 27 31 9 42 215
a 27 93 2 17 662
a 27 48 10 25 796
a 28 29 20 1047 1000
a 28 46 5 56 923
a 29 30 20 1047 1000
a 29 93 5 46 591
a 30 31 20 1047 1000
a 31 32 20 1047 1000
a 31 71 17 18 492
a 31 11 19 51 590
a 31 69 10 4 619
a 31 91 9 46 462
a 31 72 5 3 672
a 32 33 20 1047 1000
a 33 34 20 1047 1000
a 33 87 14 3 664
a 33 83 10 10 218
a 33 28 11 55 670
a 34 35 20 1047 1000
a 34 90 5 45 803
a 34 93 4 50 976
a 34 28 3 9 839
a 35 36 20 1047 1000
a 35 49 2 39 764
a 35 24 13 11 719
a 35 22 10 57 927
a 35 88 10 33 313
a 36 37 20 1047 1000
a 36 44 13 7 185
a 36 64 8 46 925
a 36 34 16 41 260
a 36 51 13 59 174
a 36 1 19 12 947
a 36 41 15 14 550
a 36 59 1 20 416
a 37 38 20 1047 1000
a 37 27 2 19 397
a 37 88 2 29 481
a 37 9 11 12 329
a 37 30 19 49 120
a 38 39 20 1047 1000
a 38 79 2 39 226
a 38 71 18 52 143
a 38 80 2 33 616
a 39 40 20 1047 1000
a 39 63 7 28 691
a 39 59 6 57 205
a 39 51 1 53 272
a 39 81 11 53 643
a 40 41 20 1047 1000
a 40 85 13 50 590
a 40 38 9 16 262
a 40 37 8 19 245
a 40 33 4 35 553
a 40 55 2 41 365
a 41 42 20 1047 1000
a 41 72 7 5 664
a 41 11 14 56 525
a 41 65 15 29 930
a 41 76 5 54 598
a 41 32 4 59 387
a 42 43 20 1047 1000
a 42 38 4 13 123
a 42 23 10 11 537
a 42 82 3 44 927
a 42 52 7 27 918
a 43 44 20 1047 1000
a 43 29 3 21 740
a 43 45 18 32 956
a 43 65 4 40 312
a 44 45 20 1047 1000
a 44 52 1 42 835
a 44 33 9 17 416
a 44 28 19 42 880
a 45 46 20 1047 1000
a 45 58 12 54 550
a 45 30 19 46 985
a 45 83 7 3 978
a 45 18 14 19 587
a 45 37 15 9 450
a 46 47 20 1047 1000
a 46 7 4 23 247
a 46 40 6 55 412
a 46 43 12 34 118
a 46 97 17 38 203
a 47 48 20 1047 1000
a 47 34 8 25 671
a 47 82 6 24 614
a 47 9 2 39 410
a 48 49 20 1047 1000
a 48 61 18 37 457
a 48 17 2 17 327
a 49 50 20 1047 1000
a 49 15 8 13 376
a 49 53 5 39 711
a 49 22 7 10 676
a 50 51 20 1047 1000
a 50 74 9 42 580
a 51 52 20 1047 1000
a 51 72 10 20 285
a 51 26 1 38 330
a 52 53 20 1047 1000
a 52 46 5 32 196
a 52 87 15 42 476
a 53 54 20 1047 1000
a 53 1 5 43 548
a 53 90 18 41 209
a 54 55 20 1047 1000
a 54 20 2 6 989
a 54 88 6 5 783
a 54 67 5 58 724
a 54 7 17 24 860
a 54 62 8 57 202
a 55 56 20 1047 1000
a 55 0 13 46 776
a 55 4 19 14 500
a 55 40 1 55 684
a 55 15 6 32 203
a 55 12 7 25 472
a 55 30 15 12 132
a 56 57 20 1047 1000
a 56 82 6 32 719
a 56 38 12 8 892
a 56 9 8 37 865
a 57 58 20 1047 1000
a 57 59 6 59 266
a 57 18 11 36 445
a 57 99 4 33 409
a 57 15 12 32 972
a 58 59 20 1047 1000
a 58 80 11 35 737
a 58 74 18 54 868
a 58 72 15 27 379
a 58 91 10 57 556
a 58 88 16 16 455
a 59 60 20 1047 1000
a 59 57 9 6 126
a 59 40 16 29 682
a 60 61 20 1047 1000
a 60 4 13 8 226
a 60 6 9 14 923
a 60 97 11 25 697
a 60 41 8 7 771
a 61 62 20 1047 1000
a 61 90 5 21 299
a 61 94 17 35 100
a 61 30 7 55 562
a 61 33 1 52 875
a 61 39 16 10 127
a 61 25 9 17 391
a 62 63 20 1047 1000
a 62 87 16 25 615
a 62 99 7 26 280
a 62 44 16 50 998
a 62 80 16 43 904
a 63 64 20 1047 1000
a 63 21 15 47 562
a 63 14 2 17 154
a 63 56 6 5 848
a 63 85 11 35 772
a 64 65 20 1047 1000
a 64 86 17 29 889
a 64 30 6 36 194
a 64 78 10 9 942
a 64 21 4 22 242
a 64 95 15 20 436
a 65 66 20 1047 1000
a 65 7 10 29 345
a 65 89 10 46 588
a 66 67 20 1047 1000
a 66 55 10 57 722
a 66 47 8 24 870
a 67 68 20 1047 1000
a 68 69 20 1047 1000
a 68 0 19 57 333
a 68 55 1 53 905
a 68 24 17 31 710
a 69 70 20 1047 1000
a 69 93 4 59 519
a 70 71 20 1047 1000
a 70 18 7 12 445
a 70 55 15 14 292
a 70 62 4 43 710
a 70 46 12 38 900
a 71 72 20 1047 1000
a 71 83 10 14 308
a 71 75 17 17 775
a 72 73 20 1047 1000
a 72 85 8 29 887
a 72 15 5 49 454
a 72 69 14 41 281
a 72 92 16 18 978
a 72 98 11 29 504
a 72 62 1 3 111
a 73 74 20 1047 1000
a 73 63 10 50 193
a 73 59 17 15 178
a 73 90 10 10 900
a 74 75 20 1047 1000
a 74 52 2 29 370
a 74 88 5 50 665
a 74 76 15 29 594
a 74 32 10 24 990
a 74 77 10 52 218
a 75 76 20 1047 1000
a 75 92 10 42 452
a 75 34 10 21 712
a 75 88 12 23 387
a 76 77 20 1047 1000
a 76 2 2 19 911
a 76 53 9 31 245
a 76 85 16 27 416
a 76 59 12 54 612
a 77 78 20 1047 1000
a 77 87 3 47 576
a 77 42 19 23 852
a 78 79 20 1047 1000
a 78 95 12 20 758
a 78 57 6 30 884
a 78 42 8 43 703
a 78 94 11 54 796
a 79 80 20 1047 1000
a 79 14 9 57 677
a 79 74 17 41 473
a 79 76 18 32 745
a 79 43 10 24 437
a 80 81 20 1047 1000
a 80 39 13 24 266
a 81 82 20 1047 1000
a 81 4 6 56 562
a 81 90 3 27 915
a 81 77 4 39 487
a 81 0 15 36 589
a 82 83 20 1047 1000
a 82 80 16 28 837
a 82 98 14 22 402
a 82 60 1 12 124
a 82 78 9 39 303
a 82 69 5 39 205
a 82 65 19 45 199
a 83 84 20 1047 1000
a 83 89 16 12 335
a 83 39 18 20 155
a 83 67 2 22 130
a 83 24 19 51 475
a 84 85 20 1047 1000
a 84 40 13 33 223
a 85 86 20 1047 1000
a 85 24 18 59 307
a 86 87 20 1047 1000
a 86 32 6 53 548
a 86 79 17 36 552
a 87 88 20 1047 1000
a 87 57 12 5 425
a 87 42 1 38 550
a 87 4 4 52 761
a 87 78 14 37 948
a 88 89 20 1047 1000
a 88 23 4 12 322
a 88 35 2 4 758
a 88 45 3 22 242
a 88 82 13 18 772
a 88 56 19 23 314
a 88 41 19 57 509
a 89 90 20 1047 1000
a 89 26 11 33 142
a 89 23 12 54 633
a 89 58 18 36 452
a 90 91 20 1047 1000
a 90 38 12 16 343
a 90 66 2 57 777
a 90 32 17 25 586
a 90 85 17 44 156
a 91 92 20 1047 1000
a 91 60 10 50 383
a 91 51 8 13 795
a 91 75 13 45 536
a 91 21 12 39 644
a 92 93 20 1047 1000
a 92 90 19 29 390
a 92 64 19 16 165
a 92 96 7 35 270
a 93 94 20 1047 1000
a 93 19 15 5 535
a 94 95 20 1047 1000
a 94 35 16 45 156
a 94 77 1 50 775
a 94 92 16 34 984
a 95 96 20 1047 1000
a 95 48 12 27 253
a 96 97 20 1047 1000
a 96 80 3 39 611
a 97 98 20 1047 1000
a 97 77 1 21 909
a 97 44 12 15 805
a 98 99 20 1047 1000
a 98 16 10 27 120
a 98 36 4 7 365
a 99 0 20 1047 1000
