c fixed charge multi commodity flow
c
c problem vertices edges commodities
p fcmcf 25 100 10
c
c origin destination demand
k 0 13 8
k 5 15 7
k 9 10 7
k 17 13 8
k 4 9 8
k 18 17 9
k 22 17 6
k 13 1 6
k 15 13 6
k 10 7 6
c
c source target cost capacity fixed
a 0 1 20 71 1000
a 0 16 7 9 960
a 0 15 9 7 483
a 0 8 14 12 926
a 0 9 16 6 645
a 0 23 10 3 275
a 0 14 8 19 996
a 1 2 20 71 1000
a 1 7 9 12 406
a 1 14 2 17 922
a 1 23 15 19 598
a 2 3 20 71 1000
a 2 21 13 5 933
a 2 5 18 4 237
a 2 12 1 19 401
a 3 4 20 71 1000
a 3 21 15 15 621
a 3 13 18 16 674
a 3 6 4 3 130
a 4 5 20 71 1000
a 4 11 9 3 196
a 4 3 5 18 741
a 4 19 8 4 137
a 4 16 17 19 173
a 4 2 17 1 553
a 5 6 20 71 1000
a 5 17 17 11 915
a 5 15 10 15 488
a 6 7 20 71 1000
a 6 15 2 8 224
a 6 1 10 7 957
a 6 8 5 1 903
a 7 8 20 71 1000
a 7 4 10 10 950
a 7 10 17 1 120
a 7 13 13 17 220
a 7 14 19 18 921
a 8 9 20 71 1000
a 8 18 15 7 575
a 9 10 20 71 1000
a 9 3 9 11 437
a 9 23 14 17 175
a 9 13 14 12 991
a 10 11 20 71 1000
a 10 0 1 16 866
a 10 18 16 5 274
a 11 12 20 71 1000
a 11 5 8 9 274
a 12 13 20 71 1000
a 13 14 20 71 1000
a 13 18 1 5 988
a 13 12 11 7 694
a 13 9 13 18 291
a 14 15 20 71 1000
a 14 6 3 17 172
a 15 16 20 71 1000
a 15 19 2 10 640
a 15 2 15 1 868
a 16 17 20 71 1000
a 16 7 8 8 708
a 16 13 8 3 751
a 16 8 7 19 972
a 16 18 4 15 419
a 16 3 4 17 963
a 17 18 20 71 1000
a 17 7 16 15 600
a 18 19 20 71 1000
a 18 5 16 2 120
a 18 10 19 9 128
a 19 20 20 71 1000
a 19 24 12 10 242
a 20 21 20 71 1000
a 20 4 7 19 900
a 20 5 12 9 947
a 20 0 14 18 280
a 20 22 14 13 284
a 20 1 3 16 322
a 20 9 15 3 841
a 20 7 5 19 632
a 21 22 20 71 1000
a 21 16 1 2 459
a 21 5 15 6 714
a 22 23 20 71 1000
a 22 24 19 10 578
a 22 13 8 15 411
a 22 4 19 1 894
a 22 0 4 5 579
a 22 1 16 18 248
a 23 24 20 71 1000
a 23 7 6 14 946
a 23 14 12 3 160
a 23 11 13 3 998
a 24 0 20 71 1000
a 24 10 6 18 730
a 24 23 6 9 470
a 24 3 19 11 148
a 24 11 13 10 446
a 24 9 2 10 638
a 24 20 6 16 445
a 24 4 15 9 655
