c fixed charge multi commodity flow
c
c problem vertices edges commodities
p fcmcf 25 100 30
c
c origin destination demand
k 20 1 28
k 6 4 40
k 15 6 35
k 10 9 21
k 12 14 32
k 4 5 26
k 7 6 38
k 22 1 29
k 17 0 34
k 4 6 28
k 12 16 38
k 17 24 23
k 21 8 28
k 22 11 20
k 7 1 37
k 8 14 32
k 17 18 21
k 19 17 34
k 10 2 42
k 21 23 30
k 9 13 41
k 3 2 31
k 14 21 27
k 4 13 20
k 5 18 35
k 15 5 31
k 2 23 32
k 14 19 39
k 1 16 43
k 24 6 44
c
c source target cost capacity fixed
a 0 1 20 959 1000
a 0 8 11 54 108
a 0 23 5 33 557
a 0 15 9 56 417
a 1 2 20 959 1000
a 1 23 1 39 994
a 1 6 12 5 168
a 2 3 20 959 1000
a 2 13 9 41 276
a 2 16 18 45 330
a 2 9 11 51 162
a 3 4 20 959 1000
a 3 5 11 33 678
a 3 13 3 32 554
a 3 20 12 6 590
a 3 10 13 4 150
a 4 5 20 959 1000
a 4 13 4 38 639
a 5 6 20 959 1000
a 5 2 12 37 526
a 6 7 20 959 1000
a 6 17 17 11 780
a 6 11 14 7 981
a 7 8 20 959 1000
a 7 19 16 58 630
a 7 15 7 31 360
a 7 21 9 31 793
a 8 9 20 959 1000
a 8 15 19 20 526
a 8 11 1 18 495
a 8 22 8 12 980
a 8 6 6 50 240
a 9 10 20 959 1000
a 9 22 7 36 957
a 9 11 17 21 790
a 9 20 13 56 506
a 10 11 20 959 1000
a 10 24 19 26 504
a 10 3 11 58 383
a 10 6 10 40 523
a 11 12 20 959 1000
a 11 8 13 59 360
a 12 13 20 959 1000
a 12 21 1 27 239
a 12 7 5 11 446
a 12 11 14 54 579
a 13 14 20 959 1000
a 13 4 7 25 393
a 13 15 19 8 530
a 14 15 20 959 1000
a 14 11 3 25 819
a 14 20 11 9 630
a 14 0 1 45 556
a 14 7 18 52 647
a 14 6 2 58 634
a 15 16 20 959 1000
a 16 17 20 959 1000
a 16 7 1 37 186
a 16 6 2 31 281
a 16 20 1 13 650
a 16 19 7 23 153
a 16 21 8 16 502
a 16 22 11 48 106
a 17 18 20 959 1000
a 17 14 15 43 866
a 18 19 20 959 1000
a 18 22 14 6 295
a 18 7 8 39 847
a 18 16 7 50 141
a 18 15 15 53 541
a 18 1 18 57 255
a 18 9 13 52 384
a 18 20 18 8 514
a 18 17 6 24 862
a 19 20 20 959 1000
a 19 14 4 48 452
a 19 23 11 34 939
a 19 1 12 21 978
a 19 3 16 48 291
a 19 0 9 51 455
a 19 22 6 40 893
a 20 21 20 959 1000
a 20 10 11 6 422
a 20 3 18 31 108
a 20 22 17 31 180
a 21 22 20 959 1000
a 22 23 20 959 1000
a 22 9 4 56 843
a 22 3 11 44 454
a 22 6 9 43 249
a 22 21 12 46 658
a 22 4 2 7 918
a 23 24 20 959 1000
a 23 2 4 41 673
a 23 7 14 59 286
a 24 0 20 959 1000
a 24 22 16 3 187
a 24 8 10 22 335
a 24 19 13 45 621
a 24 23 16 9 730
