c fixed charge multi commodity flow
c
c problem vertices edges commodities
p fcmcf 25 100 10
c
c origin destination demand
k 1 5 3
k 12 2 4
k 14 16 1
k 13 9 1
k 21 7 4
k 14 9 5
k 14 22 3
k 11 5 3
k 9 6 4
k 9 12 4
c
c source target cost capacity fixed
a 0 1 200 32 100
a 0 13 52 19 51
a 0 15 194 1 94
a 0 22 172 14 88
a 0 18 84 13 43
a 0 2 16 10 64
a 0 9 160 5 90
a 0 17 72 11 53
a 1 2 200 32 100
a 1 3 111 7 63
a 1 20 68 17 72
a 2 3 200 32 100
a 2 13 194 14 70
a 2 10 103 11 28
a 2 18 53 15 83
a 3 4 200 32 100
a 3 14 107 10 94
a 3 8 13 1 39
a 4 5 200 32 100
a 4 8 75 19 57
a 4 23 184 12 47
a 4 12 152 13 49
a 4 20 69 11 44
a 5 6 200 32 100
a 5 2 198 5 51
a 6 7 200 32 100
a 6 0 18 5 80
a 6 15 118 18 90
a 7 8 200 32 100
a 7 1 50 4 47
a 7 6 61 12 29
a 7 24 81 12 16
a 7 18 123 7 79
a 7 23 95 11 95
a 8 9 200 32 100
a 8 16 149 17 57
a 8 1 175 2 57
a 8 21 84 4 57
a 8 19 147 6 75
a 8 18 197 11 65
a 9 10 200 32 100
a 9 14 154 3 84
a 10 11 200 32 100
a 11 12 200 32 100
a 11 17 118 13 75
a 12 13 200 32 100
a 12 24 195 13 80
a 12 16 61 15 98
a 12 5 18 19 49
a 13 14 200 32 100
a 13 17 199 5 40
a 13 21 75 4 18
a 13 7 109 16 47
a 13 8 115 12 45
a 13 15 81 11 74
a 13 10 151 12 57
a 13 0 179 7 41
a 13 11 14 19 52
a 14 15 200 32 100
a 14 10 176 18 37
a 14 13 180 12 16
a 15 16 200 32 100
a 15 23 56 11 75
a 16 17 200 32 100
a 16 23 192 12 63
a 16 3 150 8 10
a 16 19 84 3 15
a 16 22 127 4 14
a 16 21 148 10 45
a 17 18 200 32 100
a 17 5 49 5 43
a 18 19 200 32 100
a 18 1 96 16 18
a 18 16 27 18 99
a 18 7 196 12 91
a 18 21 152 5 92
a 19 20 200 32 100
a 19 18 119 15 45
a 19 11 46 16 96
a 20 21 200 32 100
a 21 22 200 32 100
a 21 16 139 4 90
a 21 23 143 5 46
a 21 13 73 1 99
a 21 20 151 6 50
a 21 18 113 1 21
a 21 8 56 6 10
a 22 23 200 32 100
a 22 10 199 1 30
a 22 18 103 14 23
a 22 17 109 15 77
a 22 2 167 19 91
a 22 5 152 17 98
a 23 24 200 32 100
a 23 13 67 13 33
a 23 18 99 8 41
a 23 5 180 5 66
a 24 0 200 32 100
a 24 11 38 4 22
a 24 19 97 5 78
