c fixed charge multi commodity flow
c
c problem vertices edges commodities
p fcmcf 25 100 30
c
c origin destination demand
k 7 15 31
k 12 23 31
k 23 7 34
k 7 20 33
k 5 8 33
k 11 1 33
k 13 15 34
k 21 19 31
k 3 16 31
k 0 23 32
k 15 3 34
k 11 18 32
k 6 21 33
k 4 2 30
k 5 24 33
k 6 24 33
k 2 14 30
k 0 11 32
k 6 10 32
k 8 9 30
k 24 1 33
k 3 9 34
k 21 7 30
k 0 18 30
k 17 11 34
k 0 22 31
k 5 2 32
k 10 21 31
k 6 14 34
k 14 4 34
c
c source target cost capacity fixed
a 0 1 200 965 100
a 0 13 59 12 23
a 0 7 138 21 10
a 0 3 19 44 99
a 1 2 200 965 100
a 1 24 186 41 55
a 1 8 62 29 37
a 1 3 82 19 99
a 1 12 88 18 93
a 1 16 125 33 54
a 2 3 200 965 100
a 2 20 196 46 13
a 2 19 28 18 41
a 3 4 200 965 100
a 3 5 111 44 58
a 3 19 72 9 12
a 3 23 110 20 38
a 4 5 200 965 100
a 4 23 147 39 74
a 4 13 15 7 40
a 5 6 200 965 100
a 5 19 187 10 51
a 5 24 188 47 69
a 5 14 63 47 55
a 5 8 42 14 55
a 6 7 200 965 100
a 6 24 14 62 96
a 6 12 43 56 39
a 6 13 49 13 52
a 6 8 76 43 33
a 6 4 52 71 97
a 7 8 200 965 100
a 7 19 164 72 28
a 7 21 64 79 15
a 8 9 200 965 100
a 8 6 98 5 92
a 8 13 130 35 90
a 8 5 44 63 18
a 8 24 21 43 46
a 8 15 176 40 32
a 8 22 88 21 55
a 9 10 200 965 100
a 9 13 197 7 47
a 9 0 117 60 69
a 10 11 200 965 100
a 10 7 174 18 18
a 10 1 140 27 79
a 10 6 138 48 10
a 10 18 111 69 50
a 11 12 200 965 100
a 11 19 74 60 55
a 11 20 142 20 46
a 11 8 94 68 24
a 11 16 45 68 73
a 11 6 149 40 28
a 12 13 200 965 100
a 12 15 178 67 73
a 12 18 118 76 39
a 12 22 189 64 16
a 13 14 200 965 100
a 13 1 22 20 83
a 14 15 200 965 100
a 14 0 55 65 21
a 15 16 200 965 100
a 15 12 180 34 64
a 15 20 43 52 53
a 15 0 16 41 86
a 15 4 191 74 36
a 16 17 200 965 100
a 16 15 52 58 16
a 16 10 173 70 98
a 16 13 106 29 42
a 16 14 124 11 62
a 17 18 200 965 100
a 18 19 200 965 100
a 18 7 14 39 81
a 19 20 200 965 100
a 19 8 113 30 84
a 19 1 86 49 77
a 19 4 116 71 89
a 19 0 83 11 24
a 20 21 200 965 100
a 20 12 118 18 16
a 20 7 166 50 50
a 21 22 200 965 100
a 21 11 77 28 62
a 21 9 191 74 33
a 21 24 176 15 27
a 21 4 163 76 16
a 22 23 200 965 100
a 22 21 50 52 54
a 22 1 33 21 73
a 22 3 155 25 72
a 23 24 200 965 100
a 23 9 53 33 46
a 23 1 184 70 80
a 24 0 200 965 100
a 24 23 107 58 12
a 24 4 57 9 72
a 24 13 98 60 63
