c fixed charge multi commodity flow
c
c problem vertices edges commodities
p fcmcf 25 100 30
c
c origin destination demand
k 3 13 6
k 21 0 6
k 15 21 6
k 0 13 7
k 13 14 5
k 14 12 6
k 22 20 7
k 10 1 8
k 5 9 7
k 15 22 9
k 22 2 8
k 4 22 8
k 24 14 5
k 22 19 9
k 7 1 6
k 20 0 6
k 8 6 6
k 10 24 9
k 6 8 8
k 0 14 9
k 8 23 8
k 20 5 5
k 14 2 5
k 1 16 7
k 4 5 8
k 6 13 7
k 13 23 5
k 5 22 5
k 3 4 8
k 7 14 5
c
c source target cost capacity fixed
a 0 1 20 204 1000
a 0 14 12 17 605
a 0 10 9 16 204
a 0 2 7 4 815
a 0 3 16 14 371
a 1 2 20 204 1000
a 1 4 11 12 604
a 1 9 19 14 257
a 1 20 11 10 281
a 1 22 18 15 231
a 2 3 20 204 1000
a 2 5 3 2 800
a 3 4 20 204 1000
a 3 14 5 15 810
a 4 5 20 204 1000
a 4 6 2 4 684
a 4 11 1 6 638
a 4 13 19 13 354
a 4 17 13 7 599
a 4 0 8 11 756
a 5 6 20 204 1000
a 5 3 12 6 274
a 5 19 3 18 393
a 6 7 20 204 1000
a 6 9 15 9 987
a 6 17 6 7 925
a 7 8 20 204 1000
a 7 9 16 13 759
a 8 9 20 204 1000
a 8 6 12 4 838
a 8 12 7 15 635
a 8 22 1 17 609
a 8 17 18 7 502
a 9 10 20 204 1000
a 9 12 8 10 490
a 10 11 20 204 1000
a 10 19 5 1 983
a 10 3 13 4 786
a 11 12 20 204 1000
a 11 15 2 17 292
a 11 1 13 19 600
a 11 19 16 5 999
a 11 9 2 2 754
a 12 13 20 204 1000
a 12 7 7 6 858
a 12 1 7 4 869
a 12 10 3 9 552
a 13 14 20 204 1000
a 13 18 1 9 363
a 13 7 19 13 848
a 13 0 10 11 216
a 13 24 18 2 178
a 14 15 20 204 1000
a 14 19 3 18 293
a 14 16 5 2 927
a 14 0 7 17 353
a 14 10 16 2 679
a 15 16 20 204 1000
a 15 14 5 5 521
a 15 9 1 6 718
a 15 24 17 4 349
a 15 10 4 2 230
a 16 17 20 204 1000
a 16 1 11 10 958
a 16 4 18 19 598
a 16 0 7 15 198
a 16 9 8 8 128
a 17 18 20 204 1000
a 17 23 10 13 838
a 17 4 6 8 218
a 17 15 18 3 931
a 18 19 20 204 1000
a 18 7 4 2 805
a 18 13 16 17 932
a 18 5 13 11 216
a 18 1 10 2 742
a 19 20 20 204 1000
a 19 0 2 12 714
a 19 15 2 13 889
a 19 12 1 2 779
a 19 1 16 1 295
a 20 21 20 204 1000
a 20 3 6 18 312
a 20 15 3 13 465
a 20 7 14 12 159
a 21 22 20 204 1000
a 21 18 13 6 311
a 21 19 8 6 474
a 22 23 20 204 1000
a 22 15 15 5 340
a 22 16 14 9 285
a 23 24 20 204 1000
a 23 1 17 1 142
a 23 21 1 18 143
a 23 13 7 3 266
a 23 16 10 17 769
a 24 0 20 204 1000
a 24 7 6 16 364
a 24 11 6 18 392
a 24 9 2 4 173
