c fixed charge multi commodity flow
c
c problem vertices edges commodities
p fcmcf 25 100 10
c
c origin destination demand
k 8 9 30
k 20 2 15
k 4 22 20
k 8 17 45
k 23 3 20
k 9 20 26
k 22 0 25
k 2 9 26
k 24 22 47
k 9 3 30
c
c source target cost capacity fixed
a 0 1 20 284 1000
a 0 2 18 6 258
a 0 24 15 1 171
a 1 2 20 284 1000
a 2 3 20 284 1000
a 2 10 12 16 948
a 3 4 20 284 1000
a 3 21 3 14 177
a 3 19 12 7 939
a 4 5 20 284 1000
a 4 23 12 8 957
a 4 15 12 15 131
a 4 9 19 5 336
a 4 13 13 13 433
a 4 20 2 8 100
a 5 6 20 284 1000
a 5 14 5 14 637
a 5 12 19 14 996
a 5 16 19 9 970
a 5 20 19 13 413
a 6 7 20 284 1000
a 6 12 7 2 893
a 6 20 16 8 458
a 6 21 11 19 886
a 7 8 20 284 1000
a 7 10 12 14 395
a 7 21 6 15 477
a 8 9 20 284 1000
a 8 5 11 3 460
a 8 1 13 17 328
a 8 18 10 6 724
a 8 16 3 13 514
a 9 10 20 284 1000
a 9 15 14 5 844
a 9 1 10 8 371
a 9 8 4 4 555
a 9 18 15 8 269
a 9 19 2 5 449
a 10 11 20 284 1000
a 10 9 10 7 972
a 10 3 6 10 125
a 10 12 13 13 634
a 10 13 12 15 384
a 10 7 4 14 599
a 10 0 8 2 687
a 10 1 12 18 318
a 11 12 20 284 1000
a 11 4 6 16 797
a 11 23 15 1 308
a 11 24 19 17 281
a 12 13 20 284 1000
a 12 23 1 19 833
a 12 3 17 15 745
a 12 5 11 2 661
a 13 14 20 284 1000
a 13 2 19 17 824
a 13 12 7 12 691
a 14 15 20 284 1000
a 14 1 17 10 850
a 14 7 12 17 226
a 14 10 9 7 163
a 14 2 17 17 866
a 14 24 18 16 685
a 15 16 20 284 1000
a 15 17 3 7 735
a 15 14 13 19 912
a 15 9 10 1 743
a 15 13 13 4 343
a 16 17 20 284 1000
a 16 15 8 18 213
a 16 9 2 16 490
a 16 12 5 14 890
a 17 18 20 284 1000
a 17 9 19 3 213
a 17 6 10 12 722
a 18 19 20 284 1000
a 18 24 12 16 336
a 18 22 12 17 369
a 19 20 20 284 1000
a 19 15 13 6 907
a 20 21 20 284 1000
a 20 15 6 18 633
a 20 17 8 11 617
a 21 22 20 284 1000
a 21 18 8 3 950
a 21 20 1 13 533
a 21 13 13 18 818
a 21 2 15 16 565
a 21 6 12 6 475
a 22 23 20 284 1000
a 22 15 7 17 546
a 22 14 9 15 122
a 23 24 20 284 1000
a 23 1 11 2 681
a 23 19 1 18 796
a 23 12 18 5 459
a 24 0 20 284 1000
a 24 12 15 11 551
a 24 18 1 9 886
a 24 4 9 12 635
