c fixed charge multi commodity flow
c
c problem vertices edges commodities
p fcmcf 20 228 39
c
c origin destination demand
k 17 5 216
k 7 9 481
k 13 4 526
k 4 9 510
k 4 16 457
k 5 9 441
k 9 16 637
k 14 5 176
k 9 10 179
k 4 13 194
k 2 11 609
k 1 13 642
k 17 2 681
k 17 6 451
k 4 11 512
k 15 9 703
k 14 2 199
k 0 9 732
k 0 8 254
k 18 1 518
k 4 5 295
k 17 4 221
k 17 18 676
k 8 2 326
k 2 0 436
k 12 6 595
k 0 10 529
k 17 9 651
k 2 9 167
k 5 14 461
k 14 9 202
k 8 1 740
k 8 3 716
k 2 3 205
k 19 14 605
k 10 13 236
k 7 18 217
k 10 5 444
k 11 10 244
c
c source target cost capacity fixed
a 0 5 49 2846 2858
a 0 12 8 4724 1144
a 0 11 22 1753 301
a 0 15 35 2527 1775
a 0 14 18 4289 783
a 0 19 38 3292 2227
a 0 2 40 2082 422
a 0 6 33 2140 2738
a 0 7 28 2817 1595
a 1 18 25 4685 2257
a 1 5 21 2875 2347
a 1 16 45 3166 632
a 1 19 8 2885 1896
a 1 3 48 3814 1384
a 1 13 14 1917 2166
a 1 17 41 3766 602
a 1 8 20 4240 2317
a 1 7 24 3079 572
a 2 15 35 1027 632
a 2 18 47 3466 1625
a 2 13 36 4424 2979
a 2 9 17 3204 1956
a 2 8 11 2740 1264
a 2 0 26 3863 1896
a 2 14 47 2933 452
a 2 6 8 3505 2648
a 2 19 10 3688 452
a 2 11 19 3630 1896
a 2 5 24 3466 1595
a 2 1 35 2759 2828
a 3 1 10 1830 1505
a 3 4 23 2082 1926
a 3 19 44 3863 2738
a 3 13 41 1511 2738
a 3 7 45 2285 632
a 3 9 23 1743 572
a 3 18 33 2875 1444
a 3 11 21 3592 692
a 3 16 49 2149 843
a 3 2 26 2556 1475
a 4 6 30 3417 2497
a 4 3 28 4695 933
a 4 18 17 1385 1234
a 4 17 13 2721 2106
a 4 10 31 1956 1144
a 4 16 48 4531 1866
a 4 19 26 3175 1535
a 5 6 16 4656 1414
a 5 11 13 4598 1234
a 5 4 39 1917 2287
a 5 1 10 2933 903
a 5 19 29 2779 1204
a 5 2 18 4018 512
a 6 0 29 4143 2738
a 6 9 10 2691 2527
a 6 1 18 1404 602
a 6 10 34 3408 1324
a 6 13 11 2256 1565
a 6 12 21 3553 2557
a 6 18 38 968 2046
a 6 2 34 2343 361
a 6 11 11 2324 1805
a 6 4 7 3911 1294
a 6 7 37 3524 2828
a 6 5 17 1104 1294
a 6 14 15 4724 1565
a 6 16 10 2159 1324
a 6 8 23 3156 2287
a 6 15 41 4027 722
a 6 17 13 2333 1324
a 7 17 15 3979 2618
a 7 5 17 3175 1475
a 7 15 25 3621 903
a 7 1 21 968 2287
a 7 4 13 2595 2076
a 7 3 21 3843 2708
a 7 14 6 2266 2106
a 7 19 46 4337 452
a 7 0 38 3843 1926
a 7 18 23 4260 1685
a 7 16 31 2508 2888
a 7 11 32 4308 1023
a 7 2 28 1936 2588
a 7 8 12 3814 1023
a 7 9 29 3079 843
a 7 6 41 1414 392
a 7 10 8 4724 1053
a 8 9 35 4153 542
a 8 7 6 1278 1384
a 8 3 12 4540 873
a 8 19 48 4211 1023
a 8 1 23 1549 331
a 8 14 25 2353 2949
a 8 5 24 2953 632
a 8 6 49 3611 783
a 8 15 23 3311 1866
a 8 18 46 4753 1896
a 8 10 47 3698 1535
a 9 16 24 2643 753
a 9 11 32 2246 1866
a 9 3 13 2169 1565
a 9 4 8 1007 1053
a 9 10 15 4240 1655
a 9 8 41 3563 662
a 9 1 47 4521 2949
a 9 7 27 1017 1685
a 9 18 20 4560 1114
a 9 2 14 4008 1264
a 9 19 17 3863 2407
a 9 0 9 2798 2317
a 9 14 11 2662 1655
a 9 15 12 4560 2347
a 9 6 41 4298 1565
a 9 12 48 3940 1083
a 9 13 19 3175 2708
a 9 17 23 4260 2317
a 10 4 49 4095 2437
a 10 19 43 3011 2437
a 10 14 8 1007 2076
a 10 2 24 1385 2918
a 10 13 33 1191 1625
a 10 9 35 3282 2467
a 10 18 8 1269 1294
a 10 17 45 4202 1685
a 11 5 44 3340 692
a 11 4 45 1665 1956
a 11 10 40 3175 1114
a 11 14 40 1936 1625
a 11 16 46 2837 722
a 11 1 18 4114 843
a 11 18 47 1820 1114
a 11 7 35 1598 2046
a 11 19 49 1772 843
a 11 6 41 3989 1625
a 11 8 21 3088 2497
a 11 9 38 2198 1805
a 12 6 31 978 2979
a 12 11 20 1056 2196
a 12 3 33 1665 1053
a 12 9 5 2866 1625
a 12 16 15 1056 452
a 12 14 14 988 361
a 12 2 34 4153 1354
a 12 13 48 978 2738
a 12 10 5 3650 1625
a 12 0 26 2207 1956
a 12 17 30 4705 1144
a 12 7 18 2972 2407
a 13 2 10 2895 2136
a 13 4 22 3998 422
a 13 12 41 3437 2949
a 13 6 36 3195 2768
a 13 15 42 1907 2407
a 13 9 41 3272 1866
a 13 19 23 1104 1083
a 13 5 32 2130 1896
a 13 7 26 1917 2979
a 14 1 30 3650 2317
a 14 18 21 2411 1414
a 14 17 22 3146 1324
a 14 5 17 1433 1444
a 14 8 46 3127 2196
a 14 12 14 3069 1023
a 14 15 33 3021 1625
a 14 11 29 4414 1715
a 14 2 39 1017 903
a 14 0 6 2943 1384
a 14 6 44 3747 1775
a 15 14 30 3601 1625
a 15 7 28 4647 993
a 15 8 10 2721 1926
a 15 17 43 4773 2227
a 15 9 25 3350 2196
a 15 6 30 2943 2437
a 15 16 30 3679 783
a 15 10 7 4715 2738
a 15 1 21 1559 1565
a 15 3 22 1181 903
a 15 4 44 1104 452
a 15 5 42 1617 422
a 15 19 34 3960 1324
a 15 13 13 1375 1595
a 15 0 5 1278 1956
a 15 12 19 2972 361
a 16 3 41 2730 1745
a 16 18 7 4676 452
a 16 0 10 1220 2768
a 16 10 17 2527 542
a 16 14 8 4463 2708
a 16 13 17 3175 1023
a 16 11 26 1443 1023
a 16 15 12 3582 843
a 16 4 18 3108 1986
a 16 5 36 2246 2407
a 16 19 28 4424 933
a 16 17 31 3059 753
a 17 11 10 1298 1896
a 17 5 35 3611 1384
a 17 16 34 2440 632
a 17 3 49 3137 1053
a 17 12 40 2275 1745
a 17 2 6 4085 422
a 17 7 46 3814 2888
a 17 19 36 1036 2227
a 17 8 11 2178 1053
a 17 1 20 2130 692
a 17 13 8 1578 452
a 18 5 13 4250 813
a 18 10 27 1840 2979
a 18 12 48 1820 692
a 18 4 19 2750 2166
a 18 9 47 3175 422
a 18 17 7 1646 933
a 18 11 19 3659 1565
a 18 2 11 2798 783
a 18 14 42 3485 813
a 18 1 8 1936 2377
a 18 6 16 4782 1805
a 19 2 44 2827 1775
a 19 6 9 1801 2166
a 19 15 18 2508 2678
a 19 8 45 3446 1384
a 19 18 11 2963 1685
a 19 9 15 3998 301
a 19 1 22 2953 2918
a 19 12 39 1530 512
a 19 10 5 3727 843
a 19 4 28 3514 1866
