c fixed charge multi commodity flow
c
c problem vertices edges commodities
p fcmcf 20 230 40
c
c origin destination demand
k 6 18 670
k 5 19 734
k 16 8 414
k 16 5 183
k 9 7 209
k 7 1 170
k 6 12 259
k 13 8 402
k 3 4 368
k 6 16 223
k 4 1 156
k 5 14 607
k 9 17 183
k 11 5 275
k 1 2 268
k 17 13 569
k 4 2 173
k 11 6 212
k 10 2 361
k 15 18 392
k 10 16 307
k 2 4 276
k 15 5 444
k 17 1 398
k 17 12 362
k 11 7 710
k 16 0 239
k 2 3 475
k 16 1 343
k 4 9 353
k 14 9 418
k 4 5 735
k 9 12 171
k 7 8 473
k 13 18 557
k 11 1 232
k 4 6 391
k 3 7 703
k 13 3 530
k 4 18 286
c
c source target cost capacity fixed
a 0 3 41 829 218
a 0 15 41 1068 142
a 0 8 7 1243 708
a 0 4 15 1234 95
a 0 5 49 510 850
a 0 11 5 1272 888
a 0 13 43 1390 510
a 0 17 9 737 472
a 0 18 19 775 840
a 0 14 37 711 925
a 0 2 40 1552 246
a 0 7 32 332 576
a 1 10 15 765 189
a 1 15 40 1195 557
a 1 19 39 1326 302
a 1 9 23 523 623
a 1 13 19 1288 916
a 1 12 14 463 312
a 1 4 13 791 199
a 1 7 20 405 774
a 1 11 23 705 284
a 1 5 5 762 604
a 1 3 32 380 727
a 1 16 21 361 123
a 2 10 32 1211 604
a 2 14 42 1434 142
a 2 11 21 1164 680
a 2 18 13 373 359
a 2 6 36 657 284
a 2 15 44 1393 737
a 2 0 19 772 614
a 2 17 7 574 453
a 2 1 39 1240 142
a 2 13 21 319 491
a 2 12 6 319 586
a 2 16 37 341 387
a 2 5 12 883 708
a 2 7 34 545 265
a 3 12 33 832 321
a 3 13 31 1195 897
a 3 0 45 1087 821
a 3 14 13 348 652
a 3 16 24 1230 425
a 3 4 31 1269 359
a 3 11 18 635 246
a 3 5 10 1469 95
a 3 19 38 689 680
a 3 2 34 1087 510
a 3 1 43 733 293
a 3 9 30 1278 652
a 3 6 44 1259 821
a 3 8 26 1138 510
a 4 19 28 848 925
a 4 9 13 456 359
a 4 6 17 1281 755
a 4 8 38 956 755
a 4 13 9 931 510
a 4 1 23 1275 293
a 4 16 10 523 821
a 4 15 7 1269 482
a 4 10 24 925 340
a 4 17 17 1046 878
a 4 14 33 1294 406
a 4 5 43 1074 661
a 4 18 25 1552 520
a 4 0 39 507 133
a 4 3 40 1555 472
a 4 7 11 1234 718
a 4 12 6 434 246
a 5 19 11 603 265
a 5 13 12 698 840
a 5 3 42 714 557
a 5 6 22 456 255
a 5 4 7 1489 387
a 5 0 17 1017 595
a 6 17 27 1074 444
a 6 1 37 482 737
a 6 4 16 1154 765
a 6 3 16 367 803
a 6 15 33 402 180
a 6 16 30 392 378
a 6 12 34 1250 123
a 6 19 19 564 161
a 6 8 45 1367 925
a 6 7 29 867 595
a 6 11 32 606 359
a 6 2 23 1387 557
a 7 14 15 1132 472
a 7 10 12 440 340
a 7 18 34 762 755
a 7 16 5 1278 529
a 7 9 13 1007 161
a 7 5 9 1285 661
a 7 4 30 791 453
a 7 1 6 622 614
a 7 0 29 1266 878
a 7 19 6 854 293
a 7 17 11 1262 378
a 8 7 43 1501 133
a 8 0 29 463 284
a 8 12 20 1520 293
a 8 17 31 1358 331
a 8 1 43 402 746
a 8 14 38 587 387
a 8 19 16 727 850
a 8 18 16 421 661
a 8 10 35 807 208
a 8 6 22 686 803
a 9 10 49 1520 170
a 9 11 48 456 218
a 9 15 34 1396 321
a 9 13 17 1364 227
a 9 12 46 600 274
a 9 19 11 995 350
a 9 18 19 574 529
a 9 3 23 679 95
a 9 0 40 1052 482
a 9 1 35 689 869
a 9 14 39 485 567
a 9 17 8 603 840
a 9 5 48 1412 878
a 9 8 18 1138 888
a 9 2 48 1540 878
a 9 4 27 960 529
a 10 19 17 631 491
a 10 2 20 418 689
a 10 16 33 1138 803
a 10 13 26 545 114
a 10 14 47 1508 538
a 10 11 37 1030 491
a 10 15 11 1352 435
a 10 3 47 542 321
a 10 18 39 1469 859
a 10 9 43 1345 406
a 10 8 19 1090 340
a 10 7 25 1074 821
a 11 6 23 501 284
a 11 7 37 1084 416
a 11 14 5 1332 925
a 11 15 48 918 142
a 11 12 17 1256 718
a 11 17 9 797 869
a 11 16 21 1275 425
a 11 1 33 357 151
a 11 4 8 1383 859
a 11 10 38 702 284
a 11 19 21 1183 888
a 11 13 26 781 765
a 12 5 13 1253 321
a 12 3 46 619 878
a 12 15 49 373 529
a 12 8 39 1546 114
a 12 6 14 1329 595
a 12 4 16 1495 831
a 12 17 19 1536 774
a 12 16 38 1460 302
a 12 18 10 1571 435
a 13 14 12 1543 812
a 13 2 43 972 246
a 13 18 22 1269 227
a 13 9 31 619 151
a 13 0 8 969 180
a 13 4 18 319 548
a 13 11 14 443 689
a 13 17 32 851 746
a 13 6 32 351 170
a 14 5 34 635 510
a 14 2 14 558 435
a 14 3 16 1578 359
a 14 16 8 1227 208
a 14 0 46 596 302
a 14 1 43 1336 444
a 14 19 44 332 755
a 14 13 10 1390 397
a 15 7 11 494 425
a 15 0 11 714 755
a 15 16 43 1316 387
a 15 6 41 1141 888
a 15 8 20 1240 350
a 15 11 13 931 793
a 15 10 36 1176 680
a 15 18 5 635 236
a 15 19 11 1164 689
a 16 19 30 705 189
a 16 10 47 1466 642
a 16 11 27 721 538
a 16 2 9 1323 189
a 16 3 12 1469 453
a 16 8 38 427 321
a 16 9 23 1020 925
a 16 15 9 1361 821
a 16 4 40 341 331
a 16 6 43 1106 718
a 16 7 10 1036 520
a 16 14 43 552 793
a 16 1 31 329 472
a 16 5 40 775 387
a 16 13 29 370 425
a 17 12 24 902 274
a 17 10 47 1294 708
a 17 8 37 985 416
a 17 3 10 909 416
a 17 6 37 615 595
a 17 7 49 1055 897
a 17 2 34 995 604
a 17 4 21 1418 123
a 17 11 11 1316 925
a 17 19 33 682 906
a 17 9 11 823 784
a 18 8 15 1434 614
a 18 12 27 1517 284
a 18 15 32 1559 793
a 18 19 10 1058 387
a 18 7 35 335 755
a 18 2 37 972 142
a 18 3 13 928 482
a 18 6 7 1562 821
a 18 5 41 558 897
a 19 10 48 1390 888
a 19 16 13 1387 472
a 19 3 14 1524 425
a 19 14 43 345 623
a 19 9 9 1498 170
a 19 1 13 1320 586
a 19 5 5 485 765
a 19 17 19 1562 406
a 19 7 45 1020 623
a 19 18 14 1418 906
a 19 0 49 788 180
a 19 2 18 934 755
