c fixed charge multi commodity flow
c
c problem vertices edges commodities
p fcmcf 20 230 40
c
c origin destination demand
k 15 12 396
k 14 2 442
k 1 15 198
k 11 10 242
k 5 0 450
k 6 11 285
k 7 0 257
k 1 0 430
k 19 10 522
k 8 4 248
k 8 19 577
k 1 5 458
k 1 4 517
k 12 18 355
k 5 6 594
k 12 4 287
k 2 13 274
k 15 7 192
k 13 0 666
k 2 6 449
k 18 6 388
k 11 2 415
k 13 5 715
k 1 6 532
k 0 13 369
k 16 12 654
k 2 18 452
k 15 13 400
k 5 2 274
k 8 6 469
k 11 17 705
k 7 18 642
k 16 17 402
k 10 15 374
k 9 3 158
k 1 10 617
k 16 14 192
k 17 12 539
k 19 17 224
k 6 3 615
c
c source target cost capacity fixed
a 0 12 42 1208 3516
a 0 3 7 1125 2414
a 0 5 30 1342 1271
a 0 7 33 1273 3600
a 0 18 28 1461 2711
a 0 4 39 409 3897
a 0 16 19 1772 1864
a 0 8 29 1443 2965
a 0 11 47 518 2118
a 0 1 36 890 4193
a 0 14 18 1078 2711
a 0 9 46 857 1271
a 0 15 16 810 1652
a 1 4 18 1017 2669
a 1 9 39 1657 593
a 1 17 22 854 805
a 1 19 47 1194 1567
a 1 18 42 1805 2414
a 1 16 21 503 3770
a 1 6 42 1678 2499
a 1 2 39 608 975
a 1 5 17 1306 2880
a 1 0 49 1436 2923
a 1 8 46 1324 3939
a 2 18 32 1313 1991
a 2 15 39 536 2669
a 2 10 9 485 2753
a 2 1 21 1013 2669
a 2 6 26 1335 2414
a 2 16 37 547 3516
a 3 6 28 1212 2203
a 3 2 16 1772 4108
a 3 17 32 1675 3685
a 3 4 21 792 1102
a 3 12 47 1027 3516
a 3 13 34 1114 1186
a 3 5 23 1071 2965
a 3 18 6 1479 2711
a 3 16 6 843 636
a 3 0 15 1700 2245
a 3 1 30 1534 1229
a 4 3 17 445 3727
a 4 5 21 832 3854
a 4 14 16 803 1102
a 4 9 36 709 1652
a 4 13 25 904 1229
a 4 17 47 583 3685
a 4 6 36 894 847
a 4 1 24 716 3473
a 5 17 34 449 3092
a 5 14 28 456 4151
a 5 19 37 677 3770
a 5 7 5 496 551
a 5 13 47 1056 805
a 5 2 26 1179 3685
a 5 9 46 1024 636
a 5 12 31 1309 1694
a 5 8 31 1219 3981
a 5 6 48 1581 1525
a 5 16 32 1241 2203
a 5 11 31 427 1271
a 6 8 31 1208 1567
a 6 12 39 1396 847
a 6 7 8 973 4066
a 6 5 20 796 2499
a 6 15 37 1494 3643
a 6 3 14 955 1652
a 6 11 8 1411 2669
a 6 16 44 1512 1356
a 6 17 28 659 2541
a 6 9 30 445 1271
a 6 1 40 666 1652
a 7 18 29 362 3685
a 7 0 36 1751 593
a 7 15 44 1089 2626
a 7 4 15 1743 2414
a 7 2 29 1013 3897
a 7 12 15 467 847
a 7 5 35 926 1229
a 7 16 7 1595 1906
a 7 10 10 608 1567
a 7 17 45 1056 466
a 8 4 46 637 1694
a 8 14 5 991 2160
a 8 11 46 1501 3346
a 8 9 49 1049 1864
a 8 15 47 991 3431
a 8 12 24 951 3812
a 8 13 22 800 1186
a 8 5 44 796 3134
a 8 18 39 1461 1144
a 8 2 38 583 424
a 9 7 5 1252 3092
a 9 11 10 1714 763
a 9 18 32 641 678
a 9 8 9 1295 2076
a 9 5 13 384 3388
a 9 17 21 568 1102
a 9 14 14 973 509
a 9 2 37 948 2669
a 9 1 13 1577 3431
a 9 4 42 366 3685
a 9 16 24 1653 678
a 10 0 17 1436 2203
a 10 17 44 789 1991
a 10 8 30 1140 1102
a 10 13 25 1317 593
a 10 11 32 1284 3431
a 10 6 11 829 2076
a 10 18 49 565 720
a 10 12 49 1230 2160
a 10 3 18 843 1737
a 10 4 39 1512 466
a 10 19 14 814 975
a 10 15 10 731 424
a 11 7 21 1234 3939
a 11 13 36 933 2669
a 11 1 33 1733 2076
a 11 8 22 1291 1737
a 11 9 16 1418 2669
a 11 15 11 420 2923
a 11 0 5 955 3007
a 11 14 28 1111 847
a 11 18 29 1552 1483
a 11 5 10 485 3770
a 11 12 31 966 2796
a 11 6 23 1241 1822
a 12 7 11 489 720
a 12 11 8 1165 1737
a 12 14 7 1447 3770
a 12 8 36 1013 805
a 12 4 25 861 3092
a 12 16 32 868 2414
a 12 3 6 1707 2584
a 12 13 14 1798 4193
a 12 2 49 590 3304
a 12 17 30 521 1525
a 12 6 19 641 1906
a 12 10 31 1494 805
a 12 0 34 1754 1906
a 12 19 48 897 1271
a 12 18 22 485 2965
a 12 15 22 1483 2626
a 13 5 24 1183 1949
a 13 9 30 1776 3050
a 13 8 23 1516 1652
a 13 0 30 951 3812
a 13 17 47 1729 3050
a 13 10 36 673 3346
a 14 11 14 941 763
a 14 4 34 557 2033
a 14 10 39 1519 3219
a 14 15 12 1154 847
a 14 19 17 539 3092
a 14 18 33 1129 1906
a 14 17 19 1002 3431
a 14 16 16 857 2669
a 14 3 49 1223 3854
a 14 7 18 998 2457
a 14 6 45 1450 424
a 14 2 14 1660 3177
a 15 3 27 1740 3431
a 15 14 37 1172 1822
a 15 11 31 1201 1652
a 15 12 31 594 3219
a 15 9 18 1613 2372
a 15 2 28 1244 1440
a 15 13 34 850 1864
a 15 1 32 1179 3516
a 15 4 36 369 1525
a 15 5 9 1103 1186
a 15 7 13 1158 3727
a 15 10 19 1490 2753
a 15 6 27 659 1483
a 15 19 20 937 2118
a 15 16 23 1017 3134
a 15 0 49 829 1525
a 15 18 40 1620 3050
a 16 19 19 1422 424
a 16 10 27 1353 2118
a 16 4 42 528 1991
a 16 2 27 492 3473
a 16 13 28 575 1186
a 16 12 38 1111 1991
a 16 3 23 1801 1949
a 17 11 18 1093 3473
a 17 3 17 1696 2033
a 17 7 23 1172 3304
a 17 16 19 984 805
a 17 18 35 1689 805
a 17 10 47 962 2499
a 17 4 45 405 3431
a 17 9 18 800 3050
a 17 2 29 583 3516
a 17 12 38 1599 4024
a 17 5 21 709 3685
a 17 13 35 1787 2160
a 17 14 11 1114 1144
a 17 1 25 792 1440
a 17 19 18 1074 1271
a 17 6 47 1136 3643
a 18 4 21 706 2245
a 18 1 31 1436 3643
a 18 6 46 547 1313
a 18 9 30 485 3050
a 18 12 27 554 2414
a 18 2 32 1552 2753
a 18 17 22 1461 1652
a 18 16 17 731 678
a 18 15 46 1577 4066
a 18 14 13 962 4066
a 18 3 7 933 1356
a 18 11 10 565 2203
a 18 19 36 1038 3219
a 19 3 9 1675 3812
a 19 15 41 528 2076
a 19 14 47 395 3431
a 19 16 31 622 2541
a 19 4 14 1483 3134
a 19 12 30 1234 2076
a 19 18 21 1020 3939
a 19 6 14 1367 1059
a 19 1 41 1378 4024
a 19 7 13 1342 3304
a 19 5 42 724 3473
a 19 0 47 1544 3007
a 19 9 10 1548 1313
a 19 17 32 518 1017
a 19 11 18 767 1313
a 19 10 44 615 2414
