c fixed charge multi commodity flow
c
c problem vertices edges commodities
p fcmcf 20 288 40
c
c origin destination demand
k 14 12 503
k 13 0 343
k 9 5 536
k 5 9 481
k 4 11 320
k 6 11 514
k 7 9 507
k 2 1 380
k 17 11 739
k 3 0 478
k 18 1 308
k 16 13 735
k 17 16 343
k 11 18 578
k 10 4 289
k 19 9 332
k 3 8 228
k 3 6 519
k 15 18 194
k 8 16 357
k 3 17 571
k 0 2 500
k 10 1 573
k 12 2 185
k 2 0 739
k 19 12 643
k 9 14 503
k 15 12 511
k 11 16 672
k 8 0 438
k 19 4 456
k 2 12 639
k 18 12 266
k 0 16 711
k 1 3 200
k 5 1 220
k 16 9 478
k 7 19 351
k 5 17 584
k 11 8 325
c
c source target cost capacity fixed
a 0 3 23 3166 2049
a 0 7 39 1081 1604
a 0 2 33 2592 1270
a 0 15 27 2886 513
a 0 18 28 3249 669
a 0 8 20 2614 268
a 0 14 24 2184 357
a 0 6 30 1481 936
a 0 4 22 3551 490
a 0 9 29 1406 1493
a 0 11 46 3370 1426
a 0 17 31 1360 1270
a 0 12 35 1572 357
a 0 19 40 779 1693
a 1 14 9 2146 1982
a 1 7 43 3453 2072
a 1 2 36 3453 2205
a 1 17 9 2546 2027
a 1 16 41 1307 847
a 1 12 44 2607 1582
a 1 5 35 2259 379
a 1 8 13 3249 245
a 1 13 47 968 2094
a 1 15 45 2267 1403
a 1 6 48 3098 1982
a 1 19 7 2667 1092
a 1 18 25 2229 980
a 1 9 10 3007 379
a 1 3 37 2554 1738
a 1 11 48 2660 1537
a 1 4 14 1194 1270
a 1 10 18 2131 735
a 1 0 43 2728 824
a 2 17 38 1202 490
a 2 9 25 3597 1248
a 2 4 6 2305 1270
a 2 15 40 3362 847
a 2 8 24 3362 1760
a 2 3 31 2682 1738
a 2 14 40 1564 980
a 2 18 22 3098 1582
a 2 5 40 1020 1537
a 2 7 39 3113 1069
a 2 10 23 1111 2072
a 2 13 37 3022 1181
a 2 0 8 1882 2183
a 2 19 28 2176 401
a 3 12 7 3415 1559
a 3 18 39 3317 2183
a 3 14 35 1428 245
a 3 8 26 3506 2205
a 3 2 42 3151 1916
a 3 19 28 2516 713
a 3 15 8 847 1203
a 3 1 48 1670 513
a 3 10 17 2327 1693
a 3 9 21 1043 1515
a 3 0 32 2025 290
a 3 6 44 2290 1916
a 3 17 45 3415 2094
a 3 4 18 3347 1693
a 3 16 28 1489 1960
a 4 12 18 1489 535
a 4 0 8 2342 1092
a 4 3 35 3529 824
a 4 17 24 1942 1181
a 4 9 49 2267 357
a 4 16 36 3257 1381
a 4 14 12 960 1916
a 4 19 7 2191 1248
a 4 10 22 1738 223
a 4 15 14 3219 1960
a 4 8 38 1421 1804
a 4 6 6 3385 1270
a 4 11 10 771 669
a 4 7 34 3604 424
a 4 1 7 2682 802
a 5 17 10 2086 490
a 5 4 15 2796 1069
a 5 16 30 2599 2005
a 5 12 18 1965 1804
a 5 18 34 2252 1359
a 5 3 27 3385 1270
a 5 1 25 1783 1025
a 5 15 23 1406 268
a 5 10 26 2237 1671
a 5 19 19 937 1025
a 5 14 49 930 1648
a 5 11 28 3174 646
a 5 7 7 2252 1047
a 5 6 44 3022 2183
a 5 0 25 1428 1203
a 5 2 44 3113 401
a 5 9 5 1360 646
a 5 8 38 1950 2138
a 6 16 42 3249 312
a 6 19 45 2456 1337
a 6 13 34 2350 1448
a 6 3 9 3725 1626
a 6 14 40 2086 290
a 6 0 30 3770 1715
a 6 17 45 1164 2138
a 6 1 42 2161 424
a 6 10 7 2146 869
a 7 19 11 2146 1470
a 7 13 26 2524 1136
a 7 8 10 1859 1559
a 7 6 17 2637 1359
a 7 4 25 2320 1604
a 7 2 29 2562 1604
a 7 1 28 1360 580
a 7 14 28 2426 1982
a 7 5 26 1715 312
a 7 18 27 1088 936
a 8 4 37 3574 624
a 8 17 28 3264 2183
a 8 2 19 3597 1069
a 8 7 26 1647 869
a 8 10 21 2237 1693
a 8 11 23 2720 1248
a 8 9 18 2259 335
a 8 1 32 1715 891
a 8 0 32 2456 490
a 8 19 42 3166 1493
a 8 16 22 2040 624
a 8 18 42 1579 513
a 8 12 39 771 980
a 8 15 22 3113 802
a 8 5 14 847 1225
a 8 6 15 2902 2183
a 9 18 37 3294 1738
a 9 16 15 1519 580
a 9 8 44 1836 1916
a 9 3 36 1685 580
a 9 0 10 2116 2005
a 9 10 18 3377 1893
a 9 12 16 1799 1827
a 9 5 12 2607 1381
a 9 19 23 1119 1582
a 9 6 18 1066 1626
a 9 14 24 1700 1559
a 10 17 22 1995 2116
a 10 3 11 2682 824
a 10 7 23 3770 1782
a 10 11 15 2448 624
a 10 5 16 2380 1582
a 10 14 31 1987 1003
a 10 1 24 1942 223
a 10 16 29 3181 1916
a 10 19 6 2992 557
a 10 6 49 2614 312
a 10 15 36 2418 1671
a 10 13 12 3272 1403
a 10 18 11 3143 2161
a 10 8 5 2101 2049
a 10 9 43 1262 1426
a 10 12 15 1799 1715
a 10 0 33 1542 958
a 10 4 27 2395 1470
a 10 2 16 1579 1493
a 11 16 35 3355 1893
a 11 0 34 3740 1893
a 11 9 10 2599 735
a 11 13 8 2909 490
a 11 15 18 1874 1671
a 11 18 41 1436 1715
a 11 5 15 2433 891
a 11 2 9 2373 1069
a 11 19 37 3559 602
a 11 8 26 3060 891
a 11 12 15 2524 290
a 11 6 34 2592 758
a 11 7 39 2698 1804
a 11 17 13 1731 1515
a 11 3 37 3234 1270
a 11 1 28 1255 824
a 11 4 26 3309 1537
a 12 18 34 2078 869
a 12 16 6 3430 1003
a 12 6 26 3151 379
a 12 11 8 3506 223
a 12 8 27 2509 1893
a 12 4 47 1731 1827
a 12 7 46 2788 646
a 12 17 12 2698 1715
a 12 19 41 1428 891
a 12 5 37 1368 1470
a 12 15 14 3287 1314
a 13 2 45 2365 1871
a 13 17 26 2494 1203
a 13 18 14 2237 1136
a 13 10 45 1504 824
a 13 6 28 1874 490
a 13 3 45 2705 2049
a 13 1 14 1239 1804
a 13 16 15 3423 1426
a 13 0 46 1859 513
a 13 15 36 1572 2049
a 13 19 32 968 290
a 13 5 31 1330 1292
a 13 8 11 2395 1493
a 13 9 32 2290 1003
a 13 7 31 1202 1916
a 13 12 24 2441 669
a 13 11 11 1632 379
a 13 14 10 3347 758
a 14 18 24 1761 1738
a 14 12 37 1398 847
a 14 13 14 3763 2072
a 14 15 26 1579 869
a 14 10 30 3506 758
a 14 19 33 2350 914
a 14 8 6 2342 1470
a 14 7 20 3370 1626
a 14 2 24 3136 1559
a 15 9 25 1315 1871
a 15 2 40 2516 513
a 15 14 40 1579 513
a 15 0 25 1103 1582
a 15 17 6 877 1893
a 15 8 33 2614 312
a 15 6 16 1239 1248
a 15 10 14 1270 1203
a 15 11 17 847 1671
a 15 19 10 2713 1938
a 15 13 12 3143 758
a 15 18 7 2290 758
a 15 16 18 1459 357
a 15 7 21 3204 312
a 16 14 36 1217 1069
a 16 13 10 3128 2161
a 16 10 11 2395 1069
a 16 3 35 1632 468
a 16 19 35 3423 1515
a 16 8 42 3521 958
a 16 7 47 2320 1559
a 16 18 26 1171 424
a 16 12 23 847 580
a 16 9 30 1474 980
a 16 2 20 2524 1916
a 16 11 47 1292 1849
a 16 1 18 1572 1448
a 16 4 35 1330 1582
a 16 17 36 3317 401
a 16 15 37 1647 468
a 17 4 47 2562 847
a 17 12 8 1783 1337
a 17 5 41 2879 2161
a 17 19 36 2735 802
a 17 15 40 1224 1181
a 17 7 10 3634 2072
a 17 8 42 2879 1114
a 17 10 46 3106 914
a 17 0 24 1882 1559
a 17 6 16 3151 1938
a 17 14 36 2486 1938
a 17 13 38 1761 1827
a 17 18 44 2199 914
a 17 1 6 2441 2161
a 17 16 16 1255 490
a 17 3 25 1285 245
a 17 11 13 2184 847
a 17 2 45 1851 2094
a 18 12 29 764 2094
a 18 11 32 1663 1693
a 18 9 11 2592 557
a 18 2 37 3506 713
a 18 8 40 2758 1292
a 18 4 27 922 713
a 18 13 7 2516 713
a 18 14 10 2970 1827
a 18 7 47 2320 424
a 18 19 45 2033 1359
a 19 15 31 1391 1916
a 19 0 47 968 713
a 19 14 33 2985 1782
a 19 8 46 3438 490
a 19 2 12 1761 646
a 19 9 33 1670 1782
a 19 10 7 2033 1626
a 19 1 48 3748 1760
a 19 13 39 3030 1114
a 19 3 21 1670 1426
a 19 11 29 809 1470
a 19 12 32 1307 602
a 19 18 38 3710 1225
a 19 6 15 2229 1403
a 19 5 30 1481 1292
