c fixed charge multi commodity flow
c
c problem vertices edges commodities
p fcmcf 20 294 40
c
c origin destination demand
k 12 9 721
k 4 17 352
k 5 15 534
k 6 16 577
k 14 10 539
k 10 14 375
k 6 19 573
k 18 6 260
k 0 13 720
k 7 4 723
k 9 19 269
k 5 10 611
k 19 13 603
k 12 6 175
k 1 13 396
k 13 2 605
k 6 2 393
k 17 6 592
k 3 6 616
k 7 1 657
k 17 11 725
k 8 0 653
k 8 14 410
k 12 13 715
k 12 10 302
k 19 14 567
k 15 14 579
k 12 4 179
k 1 10 476
k 17 2 301
k 4 10 659
k 1 16 329
k 7 13 445
k 15 4 236
k 9 2 474
k 5 3 702
k 12 15 313
k 12 7 162
k 8 4 577
k 7 12 680
c
c source target cost capacity fixed
a 0 5 36 3030 1947
a 0 8 7 3102 5841
a 0 15 31 1252 3520
a 0 6 21 2773 3295
a 0 7 12 1377 4418
a 0 12 12 876 1872
a 0 2 25 837 749
a 0 19 36 1304 3744
a 0 1 15 797 7189
a 0 13 45 1989 2022
a 0 18 11 2668 2921
a 0 14 33 2141 2097
a 0 9 43 1831 4643
a 0 4 43 2371 5766
a 0 10 41 1482 7338
a 1 5 23 1680 7189
a 1 9 35 1647 3370
a 1 13 36 2727 6140
a 1 7 22 685 3295
a 1 17 5 2668 5916
a 1 16 33 1212 2247
a 1 0 30 1298 4643
a 1 12 11 745 2097
a 1 15 21 1074 5766
a 1 6 42 2016 3370
a 1 10 34 843 4268
a 1 11 9 2240 1798
a 1 4 7 2312 5916
a 1 19 13 1436 3969
a 2 1 39 2905 1199
a 2 3 32 2371 2471
a 2 18 27 2641 2172
a 2 0 16 2654 2696
a 2 17 27 2556 5092
a 2 13 42 2483 4268
a 2 15 40 2997 5916
a 2 11 32 1502 749
a 2 6 11 2582 749
a 2 7 47 2681 2322
a 2 14 20 2305 3894
a 2 10 26 3010 2471
a 2 16 48 1351 1049
a 2 9 9 2193 1124
a 2 12 43 3241 5541
a 2 8 37 962 5916
a 2 4 42 1581 2247
a 3 11 36 811 824
a 3 17 26 1331 6889
a 3 14 37 1140 5392
a 3 16 44 2075 2397
a 3 15 25 2595 3145
a 3 5 35 2154 1798
a 3 13 39 916 5541
a 3 0 22 2898 4568
a 3 2 26 3188 6889
a 3 8 42 3129 3595
a 3 18 5 1542 2247
a 3 10 27 1746 1872
a 4 3 19 1021 3070
a 4 7 24 1502 2172
a 4 19 44 3017 3894
a 4 18 14 3076 4568
a 4 5 40 2569 3819
a 4 2 23 2444 6889
a 4 16 20 771 7039
a 4 15 44 1614 5467
a 4 13 46 2095 5167
a 4 12 47 2845 7264
a 4 17 5 745 2696
a 4 6 17 2404 824
a 4 0 46 2694 5242
a 5 12 30 2450 6215
a 5 9 39 3194 6814
a 5 19 44 3076 4268
a 5 3 28 2971 3295
a 5 14 34 3142 5541
a 5 1 40 1199 6590
a 5 0 22 2345 6964
a 5 10 32 1673 5616
a 5 6 25 2384 7189
a 5 4 5 2378 1947
a 5 11 34 1127 5616
a 5 13 5 1430 7039
a 5 16 35 982 4268
a 5 15 47 876 2397
a 5 8 25 1357 4493
a 6 1 37 2312 7114
a 6 9 17 2477 4643
a 6 17 6 3168 7338
a 6 3 41 2661 6290
a 6 5 18 1252 3819
a 6 7 32 2747 4793
a 6 10 22 3129 1798
a 6 12 38 1403 2397
a 6 8 6 3168 1947
a 6 2 15 804 6889
a 6 16 48 2615 7413
a 7 11 7 751 1648
a 7 12 8 1555 2921
a 7 2 41 2009 749
a 7 5 9 2701 4119
a 7 16 49 3274 3370
a 7 9 14 2622 4268
a 7 13 45 2055 1573
a 7 10 35 2931 1947
a 7 0 49 1831 4643
a 7 17 42 2852 2846
a 7 19 38 2674 1199
a 7 4 8 1732 1423
a 7 8 48 850 7039
a 7 18 32 2780 5916
a 7 6 20 2325 6590
a 7 3 7 2661 6215
a 7 14 27 2826 3669
a 7 1 12 2641 5991
a 8 0 26 2299 7039
a 8 9 49 2095 1723
a 8 15 40 3122 6290
a 8 2 15 2516 5541
a 8 18 7 1752 1273
a 8 1 11 2990 4493
a 8 17 7 1522 5017
a 8 10 48 988 5317
a 8 12 42 2082 4793
a 8 5 11 2734 6066
a 8 4 39 1647 6440
a 8 3 29 1015 6215
a 9 11 15 2161 5317
a 9 1 17 1884 1798
a 9 17 16 1285 7338
a 9 16 22 2483 5242
a 9 18 35 3010 5017
a 9 14 39 745 5017
a 9 6 19 2470 6215
a 9 8 32 2938 5317
a 9 19 44 1173 6665
a 9 7 49 1265 5766
a 9 5 12 2003 4194
a 9 13 44 1627 7189
a 9 0 37 1107 3370
a 9 12 21 2582 3295
a 9 4 30 1476 6440
a 10 4 18 3056 4268
a 10 11 8 1877 2846
a 10 16 16 1469 1498
a 10 15 45 1456 6515
a 10 1 42 1798 6590
a 10 13 13 1028 2771
a 10 2 8 666 7413
a 10 19 49 1087 1798
a 10 8 23 929 7039
a 10 9 44 1160 6964
a 10 12 34 830 5691
a 11 13 10 692 2097
a 11 1 37 1917 4418
a 11 19 22 1759 4568
a 11 8 21 2305 2921
a 11 4 22 3083 3595
a 11 14 43 1219 1199
a 11 17 47 3089 2621
a 11 9 28 1891 5691
a 11 6 49 1199 3220
a 11 3 44 1574 6290
a 11 5 47 2997 2247
a 11 12 43 1844 2771
a 11 2 40 1561 4044
a 11 7 29 2859 5991
a 11 15 28 1522 2397
a 11 10 14 2009 6515
a 11 18 18 2338 4493
a 11 16 17 1607 2621
a 11 0 34 3241 3894
a 12 17 22 2681 6515
a 12 8 28 2641 2996
a 12 16 47 942 6066
a 12 19 13 2562 5541
a 12 4 35 2384 2471
a 12 10 13 2035 6814
a 12 15 45 1607 824
a 12 18 14 2595 4343
a 12 7 35 1061 7413
a 12 5 14 3050 5317
a 12 14 25 2984 3819
a 12 3 46 2885 899
a 12 6 28 1318 1199
a 12 1 9 712 2921
a 12 0 12 1028 2996
a 12 13 29 2964 3595
a 12 9 16 3260 2397
a 12 11 16 1759 6140
a 12 2 16 1522 3744
a 13 1 6 1732 7264
a 13 0 45 1146 2397
a 13 15 18 679 5017
a 13 19 38 870 3070
a 13 6 7 1146 4718
a 13 9 32 1732 3445
a 13 5 29 3083 1049
a 13 10 21 2911 3744
a 13 17 37 2753 1273
a 13 4 46 731 6215
a 13 8 44 982 1049
a 13 16 33 1370 5467
a 13 3 45 2457 3520
a 13 11 17 1048 3295
a 13 14 33 2898 2546
a 13 12 14 1048 749
a 14 5 34 1416 4793
a 14 0 7 1528 6814
a 14 15 44 1416 6515
a 14 6 40 2622 2696
a 14 10 18 1087 3969
a 14 7 37 1864 6814
a 14 16 29 1357 2546
a 14 9 41 3142 5017
a 14 13 36 1884 4568
a 14 1 43 2101 3744
a 14 17 48 863 5766
a 14 4 25 2286 6964
a 14 18 30 2872 3819
a 15 19 26 2938 1798
a 15 4 31 3280 2471
a 15 6 24 2352 5467
a 15 16 47 1094 2397
a 15 17 37 1087 3145
a 15 13 7 1976 4194
a 15 1 42 3023 2247
a 15 18 48 1785 6066
a 15 7 32 2398 6140
a 15 11 28 975 2696
a 15 9 10 2628 4568
a 15 8 29 2193 5691
a 15 3 30 3135 6365
a 15 12 9 1627 3070
a 15 2 42 1660 4868
a 15 14 5 2496 4568
a 16 1 47 1173 4568
a 16 14 45 3188 2771
a 16 2 36 870 7189
a 16 9 17 830 1723
a 16 19 7 2411 1423
a 16 15 38 1950 824
a 16 0 38 2450 2771
a 16 6 41 2931 6889
a 16 5 13 2997 4194
a 16 17 28 929 1573
a 16 10 37 2641 2996
a 16 18 36 2622 1423
a 16 8 33 1140 6140
a 16 11 39 2668 6290
a 16 12 23 659 5766
a 17 3 33 1423 6739
a 17 2 17 1640 1498
a 17 19 5 955 3894
a 17 8 23 1100 6889
a 17 11 25 3142 7338
a 17 13 18 1416 2696
a 17 6 43 2549 5092
a 17 7 41 3069 6665
a 17 0 44 2878 4493
a 17 12 30 2510 2247
a 17 18 6 2134 7189
a 17 14 32 1884 7264
a 17 9 24 1443 6739
a 17 16 40 1245 3819
a 17 1 30 2681 2322
a 18 6 43 2365 3295
a 18 4 45 3175 2621
a 18 8 9 995 2471
a 18 19 5 1186 1798
a 18 5 31 3287 5991
a 18 15 9 1759 7039
a 18 3 24 1377 5766
a 18 7 16 1232 2621
a 18 17 31 3017 5017
a 18 0 9 1542 2696
a 18 2 19 890 5317
a 18 9 42 2022 6515
a 19 4 46 2398 5017
a 19 10 48 1640 2397
a 19 11 39 1548 7264
a 19 6 18 2003 6140
a 19 7 21 936 7338
a 19 8 36 1561 4643
a 19 3 17 1252 1947
a 19 13 19 1265 1348
a 19 2 14 1331 7189
a 19 16 10 2793 1723
a 19 9 28 1621 1573
a 19 1 14 1094 6140
a 19 15 29 1765 4418
a 19 18 28 2957 6140
a 19 12 18 1693 6964
a 19 17 49 2470 6964
