c fixed charge multi commodity flow
c
c problem vertices edges commodities
p fcmcf 20 294 40
c
c origin destination demand
k 10 3 485
k 14 0 389
k 4 13 612
k 7 12 548
k 0 9 177
k 3 13 531
k 13 8 445
k 19 6 649
k 4 16 236
k 13 0 248
k 16 12 711
k 10 6 350
k 3 10 423
k 17 2 546
k 9 19 260
k 10 18 174
k 10 13 599
k 11 1 292
k 2 19 534
k 1 14 309
k 14 10 608
k 7 0 555
k 13 17 656
k 11 16 598
k 11 10 266
k 4 8 573
k 6 15 668
k 0 5 298
k 15 0 533
k 5 11 229
k 19 2 457
k 7 10 532
k 11 3 707
k 17 10 594
k 17 8 491
k 2 12 589
k 10 0 558
k 18 4 569
k 10 15 387
k 0 16 310
c
c source target cost capacity fixed
a 0 12 46 1922 276
a 0 5 43 1506 144
a 0 6 23 1826 192
a 0 19 14 717 815
a 0 13 17 449 719
a 0 7 26 1850 1079
a 0 10 14 845 899
a 0 15 19 693 983
a 0 4 5 1670 1175
a 0 2 20 1994 612
a 0 17 46 1114 456
a 0 9 12 1106 779
a 0 3 7 1546 360
a 0 8 44 1298 192
a 0 16 32 817 1055
a 0 14 39 1202 827
a 0 1 8 1434 384
a 1 7 41 973 1091
a 1 8 28 1434 456
a 1 0 15 825 648
a 1 11 10 1474 504
a 1 5 46 1130 851
a 1 14 35 1130 1187
a 1 6 7 1830 1139
a 1 4 24 561 348
a 1 18 32 701 192
a 1 15 27 1194 1079
a 1 9 5 1170 731
a 1 3 29 1230 983
a 1 17 9 1594 168
a 2 19 16 1550 264
a 2 14 18 1690 791
a 2 5 48 1466 468
a 2 16 23 417 276
a 2 9 41 1378 839
a 2 6 18 1958 312
a 2 12 37 757 204
a 2 11 17 649 468
a 2 0 12 773 1019
a 2 13 26 1694 456
a 2 15 17 401 552
a 2 1 22 1458 336
a 2 3 18 1142 959
a 3 14 16 1230 791
a 3 8 13 493 144
a 3 15 29 673 156
a 3 16 29 1402 815
a 3 2 41 1998 204
a 3 9 19 1730 636
a 3 12 18 549 971
a 3 5 18 1846 240
a 3 6 36 1642 432
a 3 1 48 441 420
a 3 10 37 617 144
a 4 6 23 469 612
a 4 8 31 1938 1079
a 4 13 18 1017 1079
a 4 15 46 1278 707
a 4 14 20 1494 324
a 4 2 32 1102 911
a 4 11 25 1222 1067
a 4 10 34 1630 1163
a 4 18 9 1370 1175
a 4 0 20 425 192
a 4 3 36 1690 252
a 4 5 46 1854 396
a 4 19 22 721 743
a 4 9 12 693 983
a 4 1 47 853 899
a 5 13 18 1782 288
a 5 7 5 781 384
a 5 18 37 469 683
a 5 19 9 1718 1151
a 5 12 29 1686 743
a 5 1 45 1954 875
a 5 16 35 473 791
a 5 14 23 509 1103
a 5 9 29 873 456
a 5 6 11 1246 1043
a 5 11 26 1013 636
a 5 8 35 1782 216
a 5 10 47 885 695
a 5 3 16 1554 839
a 5 0 41 1834 288
a 5 17 27 897 144
a 5 15 39 1098 1055
a 5 4 49 1618 456
a 5 2 41 805 624
a 6 13 24 1570 564
a 6 15 36 1362 228
a 6 17 18 797 312
a 6 19 10 1354 899
a 6 10 33 1138 216
a 6 5 22 1886 552
a 6 11 41 765 815
a 6 1 27 1098 1115
a 6 3 10 441 743
a 6 9 37 1774 659
a 6 8 42 721 192
a 6 12 21 765 1115
a 6 4 34 489 863
a 6 18 38 1834 276
a 6 2 36 1582 312
a 6 16 23 1862 228
a 6 14 34 1266 564
a 6 0 5 649 456
a 7 4 6 1658 851
a 7 0 49 469 144
a 7 8 30 1962 1055
a 7 11 42 665 1163
a 7 9 43 457 995
a 7 14 41 1414 947
a 7 2 49 1762 432
a 7 17 38 1021 144
a 7 1 33 721 312
a 7 18 38 417 240
a 8 7 22 473 504
a 8 12 19 1702 707
a 8 16 9 957 1043
a 8 6 36 1650 624
a 8 5 33 1414 719
a 8 11 16 1042 324
a 8 4 10 713 839
a 8 18 40 1286 396
a 8 10 32 1190 624
a 8 0 31 905 492
a 8 17 26 557 959
a 8 2 24 449 1163
a 8 13 42 413 1055
a 8 15 33 453 743
a 8 1 9 665 120
a 8 14 20 897 1055
a 8 9 33 1986 144
a 9 19 36 489 1055
a 9 15 12 1422 624
a 9 12 46 1734 803
a 9 3 34 1694 1019
a 9 5 34 1230 899
a 9 8 48 1822 767
a 9 1 13 653 228
a 9 10 23 993 1091
a 9 2 42 1858 216
a 10 2 45 1382 1151
a 10 18 39 1330 372
a 10 5 37 1434 1007
a 10 13 37 1438 432
a 10 11 24 1322 863
a 10 17 18 953 791
a 10 6 8 1378 1079
a 10 3 28 769 947
a 10 15 19 413 683
a 10 1 26 1242 192
a 10 9 28 641 132
a 10 0 41 685 875
a 10 12 33 501 564
a 10 7 25 1005 276
a 10 14 28 1554 636
a 10 16 49 1726 875
a 11 4 36 1598 1031
a 11 9 7 1190 839
a 11 16 19 1346 528
a 11 7 19 1970 995
a 11 14 6 661 132
a 11 0 42 1058 480
a 11 3 14 733 959
a 11 18 37 693 779
a 11 1 10 637 288
a 11 17 47 897 180
a 11 19 15 1542 264
a 11 6 17 925 959
a 11 5 12 1494 695
a 11 2 49 1062 468
a 11 12 13 525 731
a 11 15 14 1222 1019
a 11 8 19 1294 432
a 12 17 19 1578 420
a 12 19 20 897 324
a 12 16 42 1966 444
a 12 11 28 537 1019
a 12 9 29 553 312
a 12 18 13 1942 396
a 12 1 6 1258 252
a 12 10 37 465 384
a 12 6 5 645 1151
a 12 3 14 1610 1091
a 12 15 20 1730 588
a 12 8 24 1166 444
a 12 0 49 1562 1091
a 12 14 25 1334 264
a 12 2 31 1794 719
a 12 7 43 873 1127
a 12 5 22 1730 480
a 12 4 21 1194 348
a 12 13 31 929 216
a 13 2 12 1686 264
a 13 10 15 1358 384
a 13 11 44 1422 468
a 13 16 28 989 240
a 13 18 20 593 779
a 13 5 16 1662 971
a 13 6 36 1818 1031
a 13 14 11 1630 719
a 13 19 15 549 576
a 13 4 28 1938 1175
a 13 15 36 1218 360
a 13 3 8 509 204
a 13 12 18 749 528
a 13 8 5 1506 863
a 14 9 46 845 803
a 14 19 47 1786 264
a 14 10 29 1414 1163
a 14 0 47 1130 1187
a 14 8 38 1250 1091
a 14 4 12 1310 144
a 14 1 5 885 540
a 14 7 37 1330 791
a 14 18 8 833 276
a 14 13 30 1414 1187
a 14 11 28 1702 971
a 14 3 16 1738 120
a 14 6 17 805 1043
a 14 15 23 1646 156
a 14 5 38 1017 911
a 14 12 46 1498 540
a 14 16 36 1558 492
a 14 17 27 1534 743
a 15 19 10 761 240
a 15 12 10 1146 192
a 15 7 24 1466 923
a 15 18 26 1518 180
a 15 0 28 1582 1043
a 15 14 44 593 528
a 15 3 11 1938 420
a 15 13 48 585 815
a 15 1 33 1806 420
a 15 17 24 1042 432
a 15 8 36 1314 983
a 15 16 5 1446 228
a 16 0 46 949 420
a 16 6 24 1774 1175
a 16 17 28 729 552
a 16 14 34 953 360
a 16 4 18 969 779
a 16 18 30 665 1067
a 16 13 43 893 588
a 16 8 6 1674 1175
a 16 9 20 673 288
a 16 11 38 1994 192
a 16 2 24 1338 1019
a 17 3 27 421 600
a 17 4 22 1182 683
a 17 0 44 537 432
a 17 9 15 941 216
a 17 11 38 1066 204
a 17 13 9 1310 396
a 17 8 31 1594 120
a 17 2 9 1046 1031
a 17 7 26 1050 911
a 17 15 29 873 240
a 18 14 5 1250 372
a 18 6 5 1174 636
a 18 5 40 745 216
a 18 17 19 1850 588
a 18 7 11 469 1187
a 18 16 32 809 1151
a 18 15 40 1738 1127
a 18 1 27 621 648
a 18 3 20 1134 791
a 18 9 26 1462 360
a 18 10 22 1166 636
a 18 11 12 737 803
a 18 19 31 1558 1091
a 18 13 25 1230 1091
a 18 12 45 869 288
a 18 2 29 1094 396
a 18 8 15 1334 1151
a 19 12 29 793 1031
a 19 2 31 1902 1175
a 19 4 45 1426 312
a 19 9 9 921 827
a 19 1 35 497 252
a 19 7 23 1782 384
a 19 16 23 797 276
a 19 0 8 485 671
a 19 5 39 1078 420
a 19 3 44 1138 468
a 19 14 8 641 444
a 19 8 30 685 947
a 19 17 33 833 384
a 19 10 14 609 636
a 19 18 24 1374 935
a 19 11 44 1250 204
a 19 6 49 1646 360
a 19 15 39 577 216
