c fixed charge multi commodity flow
c
c problem vertices edges commodities
p fcmcf 20 294 40
c
c origin destination demand
k 16 12 734
k 6 16 476
k 19 1 497
k 7 10 222
k 1 13 297
k 15 16 442
k 6 11 259
k 14 5 577
k 2 5 408
k 6 13 424
k 7 15 338
k 2 14 607
k 17 18 457
k 1 6 678
k 8 7 673
k 18 0 674
k 2 17 550
k 12 8 681
k 10 13 548
k 5 1 681
k 18 6 361
k 12 18 238
k 19 0 308
k 6 2 570
k 13 12 713
k 16 10 426
k 9 14 681
k 18 11 326
k 10 4 658
k 12 15 447
k 13 5 530
k 10 19 272
k 6 19 179
k 16 8 400
k 17 1 749
k 1 19 373
k 3 5 634
k 3 4 398
k 11 3 650
k 13 7 635
c
c source target cost capacity fixed
a 0 11 46 530 3158
a 0 8 43 1580 3058
a 0 3 34 1604 2306
a 0 15 38 904 652
a 0 1 31 896 4562
a 0 13 45 1158 3810
a 0 12 36 1373 702
a 0 9 46 959 2607
a 0 16 28 1134 1855
a 0 17 13 1469 552
a 1 15 6 745 702
a 1 2 29 852 2657
a 1 16 11 1879 2156
a 1 4 23 900 3409
a 1 14 34 1632 4161
a 1 9 48 709 3008
a 1 3 44 1572 4662
a 1 7 40 1222 2106
a 1 5 25 852 2908
a 1 13 41 1787 702
a 1 11 18 725 4662
a 1 6 43 1314 3609
a 1 12 44 1501 4511
a 2 3 33 840 3810
a 2 17 34 836 1304
a 2 9 20 442 4963
a 2 10 42 1373 953
a 2 0 34 1262 3860
a 2 14 26 1325 3108
a 2 7 30 466 2156
a 2 4 31 1600 4010
a 2 8 28 1898 1454
a 2 13 44 1676 3359
a 2 1 14 466 2807
a 2 6 33 1982 3960
a 2 15 44 991 1304
a 2 5 16 1210 1805
a 2 18 15 1341 953
a 2 12 9 1345 3860
a 2 11 28 1162 4511
a 2 16 38 963 4111
a 2 19 28 1763 1955
a 3 10 43 1425 4060
a 3 9 30 705 4261
a 3 16 39 1548 3760
a 3 6 24 1485 953
a 3 15 43 1560 1655
a 3 14 29 1469 1203
a 3 17 30 673 1554
a 3 19 40 721 2005
a 3 1 29 1485 4662
a 3 5 32 868 802
a 3 11 5 1668 4211
a 3 7 43 1656 2507
a 3 4 22 1377 3158
a 3 13 12 1162 1855
a 3 18 24 1099 1905
a 3 0 42 1298 4461
a 3 8 10 1974 1955
a 3 2 33 1914 2857
a 3 12 37 1485 802
a 4 12 13 1075 853
a 4 2 39 1457 903
a 4 17 32 951 3108
a 4 19 34 864 2056
a 4 0 35 478 1604
a 4 15 12 1477 1003
a 4 9 7 569 1604
a 4 3 13 1775 2005
a 4 11 22 1497 4963
a 4 5 11 1604 2306
a 4 14 25 1620 3860
a 4 7 8 1481 3359
a 4 6 25 1210 1805
a 4 13 29 1508 3058
a 4 8 13 848 1153
a 4 10 21 1413 2256
a 4 16 42 749 1655
a 5 3 31 991 4662
a 5 16 12 577 2857
a 5 8 23 685 1755
a 5 10 32 1672 1203
a 5 14 38 1437 4060
a 5 1 12 784 1655
a 5 6 22 1329 2406
a 5 18 21 410 2707
a 5 12 30 1445 3860
a 5 2 16 1421 953
a 5 15 17 1640 4461
a 5 0 45 900 1103
a 5 4 6 1059 2857
a 5 7 7 1827 853
a 5 19 28 1540 2908
a 5 17 25 1043 4010
a 5 11 37 856 4612
a 6 11 14 1119 3058
a 6 8 21 1600 1755
a 6 0 41 1692 702
a 6 12 31 1755 4762
a 6 15 27 506 752
a 6 1 46 470 1203
a 6 7 25 1902 4211
a 6 14 24 1855 2908
a 6 4 16 1882 3960
a 6 5 39 1652 3559
a 7 11 33 1867 1955
a 7 5 44 573 4612
a 7 2 6 1572 853
a 7 0 42 1393 1103
a 7 9 47 1572 3409
a 7 13 10 1875 4361
a 7 19 41 1501 752
a 7 3 11 1115 552
a 7 8 11 916 3910
a 7 15 23 800 1755
a 7 1 17 1130 1354
a 7 18 6 1481 2557
a 7 4 18 1938 4712
a 7 16 19 983 1404
a 7 12 23 1863 4411
a 7 10 24 760 903
a 7 14 35 1596 853
a 7 17 26 709 2256
a 8 11 22 1978 4912
a 8 18 5 1751 3108
a 8 17 13 1290 3760
a 8 0 25 677 4762
a 8 3 6 1938 4211
a 8 9 14 414 4912
a 8 12 14 1703 4361
a 8 14 31 1982 1905
a 8 2 32 1871 1354
a 8 19 13 788 1153
a 8 7 31 1254 552
a 9 14 40 1775 702
a 9 18 31 725 602
a 9 5 46 1548 1955
a 9 7 17 717 853
a 9 3 42 1154 602
a 9 13 41 446 903
a 9 10 37 701 3960
a 9 19 46 1783 2005
a 9 6 8 1337 2757
a 10 11 47 1349 702
a 10 18 44 753 3309
a 10 6 38 434 4211
a 10 15 24 1162 2406
a 10 7 5 1027 3008
a 10 3 29 577 3810
a 10 5 49 1564 853
a 10 14 46 402 4712
a 10 19 23 534 1103
a 10 0 18 1449 4411
a 10 9 46 1274 3008
a 10 8 20 1536 4562
a 10 2 27 940 1153
a 10 12 46 1855 4963
a 10 4 34 999 2958
a 10 1 30 1226 1454
a 10 17 49 1612 2607
a 10 13 37 1660 1955
a 10 16 24 1759 4461
a 11 13 15 1524 3108
a 11 3 8 1894 853
a 11 18 24 617 4161
a 11 8 21 1433 853
a 11 6 33 402 3559
a 11 1 44 1847 1404
a 11 0 43 609 903
a 11 7 13 637 2156
a 11 5 12 514 2456
a 11 15 17 1922 2857
a 11 19 33 1306 802
a 11 4 43 1711 2557
a 11 10 32 518 1554
a 11 12 7 522 502
a 11 14 44 1039 2206
a 11 9 38 1166 3509
a 11 16 23 1560 4161
a 12 14 8 554 4762
a 12 8 41 1779 1254
a 12 18 28 1481 3459
a 12 2 5 1930 4111
a 12 15 20 1035 4562
a 12 0 22 1807 4612
a 12 4 31 1505 4010
a 12 9 26 1099 3108
a 12 19 18 490 652
a 13 18 41 1572 1855
a 13 19 27 1170 4060
a 13 1 41 1397 502
a 13 2 37 872 4311
a 13 10 25 1389 3609
a 13 8 13 1254 4812
a 13 17 41 474 1554
a 13 11 43 430 853
a 13 9 29 1134 1905
a 13 12 29 1580 953
a 13 3 8 760 2908
a 13 15 30 657 1655
a 13 4 45 1501 3559
a 14 19 28 820 3409
a 14 8 25 1178 2857
a 14 10 46 1314 1404
a 14 11 49 1902 903
a 14 13 44 1349 903
a 14 3 31 1906 953
a 14 4 46 1604 3208
a 14 5 36 1298 1855
a 14 9 11 725 1955
a 14 0 6 406 3258
a 14 15 35 1194 4812
a 14 16 7 1680 602
a 14 17 45 1286 1905
a 14 12 32 741 2807
a 14 6 36 1111 2156
a 14 1 11 1668 4361
a 14 2 21 1516 1053
a 14 7 5 1071 3008
a 15 11 45 1469 2507
a 15 14 23 1015 4912
a 15 12 34 987 3008
a 15 4 43 892 1354
a 15 2 19 438 1955
a 15 9 5 498 4812
a 15 18 46 1986 4261
a 15 16 34 597 1655
a 15 19 43 936 2958
a 16 8 14 816 2657
a 16 0 33 1695 2607
a 16 14 41 1258 4662
a 16 15 46 1214 3459
a 16 12 46 1664 3910
a 16 9 35 1588 3710
a 16 10 35 1501 4111
a 16 17 24 398 502
a 16 6 48 1190 3158
a 16 4 22 689 2958
a 16 19 15 1210 3359
a 16 1 7 1298 2256
a 16 2 38 1512 1103
a 16 7 13 585 2707
a 16 11 13 888 3008
a 16 5 27 673 2908
a 17 11 31 494 1805
a 17 6 40 1695 1755
a 17 19 9 1815 3208
a 17 5 43 1875 903
a 17 4 11 896 1053
a 17 1 42 1003 2005
a 17 8 48 1926 2807
a 17 14 24 808 2206
a 17 10 6 1115 3158
a 17 7 41 1918 4662
a 17 9 6 1779 2306
a 17 18 33 1859 1203
a 17 3 30 1445 2908
a 17 13 35 772 4662
a 17 2 14 1552 4662
a 17 16 9 1910 2807
a 17 12 6 653 3659
a 17 0 16 1003 2306
a 17 15 29 900 3860
a 18 12 15 1345 3258
a 18 11 11 1584 2356
a 18 13 10 1027 4511
a 18 1 45 1111 1955
a 18 17 44 1206 1755
a 18 0 30 621 4511
a 18 4 37 1385 4010
a 18 7 5 1413 4411
a 18 9 8 1059 1003
a 18 19 13 1516 702
a 18 5 21 697 3509
a 18 6 7 1727 3058
a 18 16 12 1759 2005
a 18 3 49 776 3158
a 18 10 15 1632 4963
a 18 8 40 1839 1354
a 18 14 40 1628 3208
a 19 9 41 1481 802
a 19 17 29 1950 3208
a 19 1 20 936 1655
a 19 8 36 1568 1404
a 19 6 45 1966 4010
a 19 4 17 1481 4912
a 19 16 39 1453 4361
a 19 12 30 800 4762
a 19 10 47 1922 4261
a 19 15 7 1314 3108
a 19 11 28 1055 2607
a 19 5 34 1282 1304
a 19 7 15 1134 4311
a 19 14 39 478 4612
