c fixed charge multi commodity flow
c
c problem vertices edges commodities
p fcmcf 20 291 200
c
c origin destination demand
k 8 17 49
k 19 15 39
k 18 4 50
k 3 16 57
k 0 7 65
k 11 7 16
k 1 6 58
k 4 1 62
k 8 18 27
k 12 9 74
k 3 9 59
k 0 9 28
k 11 5 18
k 7 12 19
k 17 5 57
k 0 12 30
k 18 0 50
k 14 7 71
k 0 4 58
k 11 18 21
k 0 10 61
k 15 11 71
k 15 18 24
k 19 7 24
k 2 12 17
k 19 12 74
k 14 4 43
k 5 19 63
k 10 0 57
k 12 18 20
k 16 2 19
k 2 11 33
k 9 11 65
k 12 15 39
k 17 9 67
k 4 5 56
k 15 7 19
k 19 3 47
k 15 12 25
k 16 4 47
k 18 12 18
k 7 17 39
k 16 12 32
k 6 9 35
k 9 16 64
k 3 5 41
k 6 10 59
k 0 15 53
k 14 1 39
k 19 17 72
k 7 16 49
k 13 1 73
k 11 13 72
k 3 1 57
k 6 5 34
k 3 12 44
k 5 10 30
k 15 4 73
k 13 18 38
k 10 19 16
k 1 10 36
k 0 11 49
k 2 0 21
k 3 11 25
k 15 16 73
k 4 18 58
k 4 9 41
k 1 9 68
k 16 17 44
k 8 2 70
k 8 4 15
k 11 3 64
k 0 17 45
k 14 13 26
k 17 8 53
k 1 19 17
k 17 0 35
k 19 1 74
k 19 18 53
k 5 17 38
k 3 4 45
k 14 0 22
k 3 18 55
k 12 14 15
k 19 6 57
k 1 11 50
k 2 14 25
k 8 16 54
k 17 11 35
k 18 13 22
k 2 5 66
k 4 19 49
k 9 12 33
k 16 9 64
k 14 6 24
k 7 9 22
k 9 2 26
k 3 10 69
k 11 19 29
k 2 9 60
k 4 2 59
k 5 7 70
k 0 5 61
k 11 16 49
k 14 16 28
k 3 17 17
k 5 12 29
k 6 7 35
k 9 19 16
k 16 15 53
k 1 17 68
k 11 17 73
k 16 10 49
k 2 6 52
k 0 16 28
k 2 4 32
k 17 7 49
k 7 8 61
k 15 9 16
k 6 1 17
k 10 4 65
k 15 3 23
k 9 6 41
k 7 18 66
k 13 12 38
k 4 7 45
k 8 9 51
k 3 13 35
k 6 19 63
k 2 13 62
k 6 4 31
k 4 14 43
k 2 3 26
k 15 0 38
k 16 19 48
k 8 5 49
k 14 11 60
k 15 17 20
k 2 1 41
k 7 3 51
k 1 3 63
k 18 15 72
k 6 8 60
k 11 8 57
k 2 18 48
k 0 3 42
k 12 1 23
k 14 2 60
k 17 14 66
k 7 19 32
k 8 15 48
k 15 14 59
k 15 2 35
k 7 1 36
k 19 10 41
k 1 15 74
k 14 10 43
k 17 19 31
k 17 1 41
k 7 6 68
k 11 15 52
k 6 2 42
k 11 12 19
k 11 0 35
k 15 6 31
k 9 3 67
k 16 5 67
k 2 17 31
k 7 14 56
k 13 19 40
k 18 8 72
k 16 6 19
k 13 4 17
k 6 13 16
k 1 7 45
k 16 13 34
k 4 3 62
k 5 11 56
k 14 8 16
k 1 0 55
k 4 11 37
k 18 17 21
k 3 8 65
k 5 18 43
k 19 16 26
k 0 19 69
k 0 13 23
k 19 9 45
k 6 3 51
k 13 9 35
k 18 11 48
k 13 0 63
k 3 14 54
k 3 7 51
k 0 18 69
k 6 16 59
k 2 16 57
k 7 2 17
k 8 19 67
k 15 5 74
c
c source target cost capacity fixed
a 0 7 1 234 1310
a 0 5 7 370 2428
a 0 3 8 294 2428
a 0 8 1 245 1746
a 0 16 1 440 464
a 0 14 7 121 355
a 0 19 5 224 955
a 0 12 7 133 601
a 0 1 7 293 1364
a 0 15 9 164 1064
a 0 18 7 490 1501
a 1 11 2 453 382
a 1 7 1 260 1392
a 1 6 2 159 1582
a 1 4 9 515 601
a 1 10 3 465 519
a 1 19 9 310 437
a 1 3 6 254 1801
a 1 16 9 495 573
a 1 0 5 329 737
a 1 2 9 128 1364
a 1 13 6 118 382
a 1 18 7 235 1228
a 1 14 3 345 655
a 1 15 5 457 2319
a 1 8 7 348 1446
a 1 5 2 253 1992
a 1 12 1 168 546
a 1 17 2 443 491
a 1 9 9 250 1037
a 2 9 8 407 2701
a 2 5 4 396 2264
a 2 16 1 132 2128
a 2 3 6 509 1719
a 2 7 6 149 2373
a 2 6 2 409 273
a 2 14 4 346 846
a 2 1 1 123 2155
a 2 19 3 527 955
a 2 17 3 342 2537
a 2 4 8 224 2483
a 2 8 7 367 1910
a 2 11 2 411 1773
a 2 13 7 187 764
a 3 13 3 517 1773
a 3 18 1 155 437
a 3 9 3 447 1064
a 3 2 1 163 1910
a 3 8 2 207 519
a 3 1 2 388 1773
a 3 10 9 326 1255
a 3 19 3 411 1828
a 3 5 9 128 1364
a 3 4 5 361 573
a 3 0 8 259 2346
a 3 12 7 255 2401
a 3 11 8 493 1337
a 3 16 8 216 1201
a 3 15 9 509 2592
a 3 7 2 199 1419
a 3 6 1 438 1092
a 3 14 6 508 328
a 3 17 8 331 846
a 4 18 1 222 2155
a 4 0 1 185 655
a 4 10 9 155 2592
a 4 14 6 172 273
a 4 19 2 531 846
a 4 1 9 190 2401
a 4 13 4 418 410
a 4 5 7 310 2592
a 4 15 6 330 1201
a 4 16 6 120 2292
a 4 11 8 451 1446
a 4 7 3 294 655
a 5 3 3 190 1937
a 5 14 1 416 1883
a 5 16 7 349 2401
a 5 10 9 225 1201
a 5 12 5 393 2346
a 5 19 1 196 1828
a 5 0 7 193 1582
a 5 6 7 476 2073
a 5 4 8 317 1801
a 5 11 9 182 1419
a 5 8 4 493 2537
a 5 17 2 359 1092
a 5 13 9 406 2210
a 5 9 7 334 2510
a 6 0 8 190 791
a 6 19 8 416 682
a 6 11 1 466 737
a 6 13 9 225 1310
a 6 14 2 342 1282
a 6 5 6 358 1692
a 6 17 7 194 1037
a 6 1 9 312 2592
a 6 16 3 273 328
a 6 4 9 212 2237
a 7 8 1 279 2292
a 7 19 1 461 573
a 7 0 6 436 1910
a 7 9 6 350 1637
a 7 15 2 427 1064
a 7 10 3 305 2319
a 7 17 4 537 273
a 7 14 6 388 491
a 7 5 9 257 710
a 7 4 1 530 2428
a 7 12 7 358 2592
a 7 18 1 287 1501
a 7 3 9 429 1555
a 7 6 5 474 2019
a 7 13 9 336 1337
a 7 1 2 489 464
a 8 7 5 385 791
a 8 15 8 342 1992
a 8 18 1 358 2264
a 8 16 4 293 1255
a 8 17 5 493 2564
a 8 3 8 312 1555
a 8 1 7 115 1037
a 8 5 7 418 2619
a 8 12 4 255 2101
a 9 17 3 476 2564
a 9 4 5 356 1855
a 9 11 5 399 2292
a 9 3 3 369 2701
a 9 16 7 404 355
a 9 6 7 320 1146
a 9 0 9 371 764
a 9 8 3 121 2019
a 9 15 1 431 1419
a 9 2 9 491 573
a 9 19 4 227 1119
a 9 1 4 140 1310
a 9 12 2 288 955
a 9 10 8 224 655
a 10 5 1 302 1419
a 10 15 8 179 273
a 10 12 9 489 2537
a 10 6 2 190 273
a 10 14 8 526 2237
a 10 3 4 237 1228
a 10 13 4 489 328
a 10 19 1 233 1582
a 10 7 7 152 2373
a 10 11 1 440 1228
a 10 18 5 138 519
a 10 1 1 327 1692
a 10 9 4 532 1010
a 10 0 4 426 901
a 10 16 8 469 1992
a 11 6 2 485 2019
a 11 19 6 523 355
a 11 12 8 122 873
a 11 7 5 459 2564
a 11 9 4 192 2483
a 11 17 8 180 710
a 11 2 1 230 2210
a 11 18 8 128 1446
a 11 4 4 157 2346
a 11 8 7 234 301
a 11 14 4 224 437
a 11 16 6 425 1664
a 11 3 9 480 1746
a 11 1 4 400 764
a 11 10 1 518 2128
a 11 13 3 285 1146
a 11 0 9 372 1310
a 12 14 1 460 1664
a 12 3 6 530 2510
a 12 18 4 385 2046
a 12 4 3 453 2237
a 12 0 2 258 1146
a 12 7 1 214 655
a 12 10 2 476 1392
a 12 17 2 494 1037
a 12 2 1 302 1773
a 12 16 6 479 1964
a 12 6 7 438 2619
a 13 4 5 236 1419
a 13 17 1 139 1582
a 13 6 4 141 1555
a 13 18 3 271 1228
a 13 5 9 356 437
a 13 8 7 461 846
a 13 16 1 227 2483
a 13 7 3 176 2428
a 13 12 5 341 2510
a 13 2 2 170 1473
a 13 19 3 157 1883
a 13 1 3 206 1473
a 13 14 6 380 1910
a 14 15 2 323 2128
a 14 0 9 415 2128
a 14 17 8 226 1419
a 14 4 6 494 2428
a 14 11 1 530 1255
a 14 12 6 195 2455
a 14 16 9 443 1228
a 14 13 5 498 1419
a 14 8 9 454 1010
a 14 3 5 428 2292
a 14 2 8 212 1310
a 14 19 3 459 2401
a 14 7 5 197 2210
a 14 1 5 453 1582
a 14 18 1 387 1582
a 14 5 5 314 982
a 14 6 1 297 573
a 14 10 9 237 1719
a 15 2 8 249 2592
a 15 7 2 198 2401
a 15 13 8 142 1801
a 15 12 3 124 655
a 15 4 6 315 1855
a 15 0 1 157 1419
a 15 5 5 459 2455
a 15 18 7 361 2564
a 15 19 3 468 1855
a 15 17 9 170 2046
a 15 6 3 132 2019
a 15 11 1 120 1883
a 15 14 9 390 955
a 15 3 3 302 1855
a 15 8 1 531 791
a 16 2 2 505 1855
a 16 4 2 444 1473
a 16 9 2 162 2455
a 16 11 3 129 2619
a 16 6 4 112 491
a 16 1 8 151 2155
a 16 13 2 236 2155
a 16 15 5 127 928
a 16 8 7 154 1992
a 16 10 4 423 573
a 16 18 2 136 2564
a 16 17 3 252 1910
a 16 14 6 377 846
a 17 1 9 527 1883
a 17 14 5 242 628
a 17 10 5 335 2155
a 17 7 7 455 1146
a 17 11 5 395 328
a 17 12 9 437 1773
a 17 2 6 210 2046
a 17 15 3 453 2646
a 17 18 9 443 1310
a 17 3 5 483 1228
a 17 9 8 140 1364
a 17 0 1 288 1010
a 17 5 6 359 2646
a 17 19 1 176 2455
a 17 6 2 244 1883
a 18 17 3 530 764
a 18 13 7 229 819
a 18 3 9 451 1228
a 18 7 7 513 464
a 18 19 3 208 2019
a 18 8 5 237 410
a 18 4 1 163 328
a 18 9 4 269 982
a 18 15 7 373 901
a 18 11 1 512 2428
a 18 0 3 317 2673
a 18 1 2 244 601
a 18 14 5 455 1173
a 18 5 3 409 1883
a 18 12 9 427 2183
a 18 6 7 154 2264
a 18 16 5 447 955
a 18 10 4 515 1146
a 19 6 9 126 819
a 19 7 5 309 1828
a 19 4 5 229 1392
a 19 5 9 309 464
a 19 9 5 354 1501
a 19 13 9 179 1610
a 19 16 6 197 2701
a 19 12 3 298 819
a 19 1 5 287 1337
a 19 8 4 458 2237
a 19 11 2 268 873
a 19 10 6 341 1364
a 19 15 2 186 982
a 19 14 9 254 2101
a 19 3 6 350 2673
a 19 0 7 432 1637
a 19 2 1 510 1173
a 19 17 8 180 1228
