c fixed charge multi commodity flow
c
c problem vertices edges commodities
p fcmcf 30 518 100
c
c origin destination demand
k 13 17 42
k 26 14 25
k 20 18 22
k 21 15 44
k 9 6 21
k 7 1 41
k 26 8 39
k 12 22 44
k 22 28 66
k 20 8 69
k 19 6 18
k 24 13 71
k 13 24 48
k 25 20 25
k 2 15 15
k 11 18 22
k 3 4 57
k 28 10 57
k 22 0 51
k 20 25 42
k 11 15 63
k 15 17 54
k 12 2 69
k 28 4 15
k 20 21 58
k 15 23 44
k 24 4 34
k 15 11 52
k 24 10 39
k 14 24 56
k 2 4 64
k 4 0 16
k 24 9 19
k 1 20 63
k 25 17 53
k 19 12 43
k 3 29 32
k 12 17 59
k 7 21 45
k 24 11 57
k 20 6 38
k 26 10 39
k 4 22 43
k 15 22 62
k 19 2 23
k 22 20 48
k 12 27 37
k 17 16 72
k 4 27 73
k 11 9 22
k 19 7 49
k 13 12 55
k 8 15 46
k 17 24 38
k 7 15 56
k 9 7 21
k 11 2 68
k 16 3 50
k 26 18 31
k 28 6 51
k 17 14 48
k 28 13 26
k 23 1 23
k 10 21 44
k 14 23 37
k 23 9 60
k 6 26 66
k 29 14 19
k 0 29 37
k 21 4 67
k 20 2 37
k 11 26 23
k 7 3 56
k 20 13 48
k 16 5 35
k 20 29 61
k 2 1 69
k 2 17 44
k 4 11 28
k 2 12 49
k 25 19 51
k 0 18 52
k 8 22 48
k 8 14 17
k 22 13 49
k 28 3 28
k 13 27 48
k 13 16 27
k 21 9 65
k 23 18 21
k 25 18 37
k 15 29 39
k 15 10 23
k 25 23 22
k 10 14 39
k 24 21 55
k 5 24 29
k 16 14 34
k 0 14 20
k 4 25 23
c
c source target cost capacity fixed
a 0 7 3 324 339
a 0 24 12 204 208
a 0 22 3 244 240
a 0 2 6 178 331
a 0 5 5 191 64
a 0 9 8 299 327
a 0 1 4 187 84
a 0 8 19 288 188
a 0 3 10 327 308
a 0 10 4 133 72
a 0 25 12 157 244
a 0 13 17 173 40
a 0 21 11 290 268
a 0 14 4 288 212
a 0 29 8 191 164
a 0 23 2 263 292
a 0 16 4 101 292
a 0 18 10 351 308
a 0 20 3 263 212
a 0 15 7 263 220
a 0 12 2 199 383
a 1 29 4 138 168
a 1 9 8 172 240
a 1 7 19 172 252
a 1 3 4 111 172
a 1 13 4 176 256
a 1 23 14 155 168
a 1 22 4 276 359
a 1 4 18 138 339
a 1 20 9 176 204
a 1 18 11 151 304
a 1 25 8 345 68
a 1 5 18 140 268
a 1 2 7 216 76
a 1 11 19 104 371
a 1 17 3 302 172
a 1 15 9 248 212
a 2 15 19 150 228
a 2 24 19 233 232
a 2 18 18 260 284
a 2 4 3 300 391
a 2 5 18 184 76
a 2 7 11 312 208
a 2 25 15 86 184
a 2 6 9 295 80
a 2 3 3 186 343
a 2 8 9 272 355
a 2 11 17 206 160
a 2 16 14 216 268
a 2 23 2 232 347
a 2 19 15 262 335
a 2 28 18 354 339
a 2 20 12 335 156
a 2 9 4 319 319
a 2 1 19 206 120
a 3 10 16 160 204
a 3 15 6 138 220
a 3 20 3 242 52
a 3 12 11 312 319
a 3 5 6 185 184
a 3 27 11 273 276
a 3 9 5 257 120
a 3 0 10 148 172
a 3 22 11 324 128
a 4 18 8 93 220
a 4 14 14 160 184
a 4 15 6 309 88
a 4 21 10 291 120
a 4 11 2 123 240
a 4 9 10 220 252
a 4 12 12 127 88
a 4 7 10 237 315
a 4 22 11 352 256
a 4 3 19 145 292
a 4 26 11 172 192
a 4 28 13 294 379
a 4 23 19 169 104
a 4 0 5 224 156
a 4 29 6 245 292
a 5 16 3 157 48
a 5 18 11 301 80
a 5 24 13 337 311
a 5 20 17 226 268
a 5 25 19 132 124
a 5 11 8 140 339
a 5 13 5 319 44
a 5 0 7 172 292
a 5 7 14 127 60
a 5 26 4 241 132
a 5 14 11 197 108
a 5 23 7 197 359
a 5 15 5 75 132
a 5 2 11 140 120
a 5 22 12 336 236
a 5 4 4 230 156
a 5 21 4 241 196
a 5 12 12 81 128
a 5 28 15 217 68
a 5 6 11 99 395
a 6 24 17 182 264
a 6 5 3 161 252
a 6 23 14 76 331
a 6 27 17 314 327
a 6 29 19 182 52
a 6 9 17 90 200
a 6 0 6 219 327
a 6 19 12 246 220
a 6 28 18 128 296
a 6 13 6 232 367
a 6 25 16 231 236
a 6 20 19 354 200
a 6 11 11 279 56
a 6 3 19 85 327
a 6 8 13 220 288
a 6 2 11 128 120
a 6 16 12 280 331
a 6 14 10 319 371
a 6 1 17 253 52
a 7 6 11 204 208
a 7 24 5 329 212
a 7 10 12 272 319
a 7 26 15 187 104
a 7 8 10 334 371
a 7 12 12 101 296
a 7 15 18 137 176
a 7 0 13 111 76
a 7 29 2 159 200
a 7 25 12 251 391
a 7 14 8 153 252
a 7 20 6 346 264
a 7 21 6 282 311
a 7 27 6 177 371
a 7 23 18 241 276
a 8 23 8 313 311
a 8 4 19 138 136
a 8 0 11 312 188
a 8 7 19 157 311
a 8 22 7 231 128
a 8 13 4 331 164
a 8 21 7 237 288
a 8 11 6 157 308
a 8 16 16 92 144
a 8 18 18 117 323
a 8 15 14 309 168
a 8 10 13 279 311
a 8 12 17 96 395
a 8 24 11 269 108
a 8 6 3 322 371
a 8 1 10 82 327
a 8 29 3 261 224
a 8 14 2 324 200
a 8 19 17 164 176
a 8 25 10 206 363
a 8 17 2 253 104
a 9 3 19 278 68
a 9 29 16 187 152
a 9 22 7 102 92
a 9 16 13 332 76
a 9 4 10 322 308
a 9 26 10 312 40
a 9 5 8 204 208
a 9 6 5 101 68
a 9 23 6 81 391
a 9 19 15 237 40
a 9 17 15 177 335
a 9 7 8 327 100
a 9 24 14 222 335
a 9 18 8 116 176
a 9 2 11 250 228
a 9 25 17 319 132
a 9 10 15 178 160
a 9 11 8 354 116
a 9 8 14 309 216
a 9 12 3 156 383
a 9 21 16 170 76
a 10 4 18 139 60
a 10 24 5 310 204
a 10 29 19 295 56
a 10 19 12 105 128
a 10 21 16 193 284
a 10 7 19 327 176
a 10 1 12 297 92
a 10 14 8 74 120
a 10 17 12 82 363
a 10 20 15 287 363
a 10 22 12 300 260
a 10 23 6 343 284
a 11 0 19 199 296
a 11 28 16 291 192
a 11 4 5 141 92
a 11 21 5 300 84
a 11 29 12 144 272
a 11 20 15 160 371
a 11 12 6 174 260
a 11 17 13 98 148
a 11 23 17 278 60
a 11 2 14 349 244
a 11 24 16 140 52
a 11 27 11 190 292
a 11 25 8 96 132
a 11 22 6 165 68
a 11 3 2 314 236
a 12 9 2 323 88
a 12 16 2 186 208
a 12 1 4 139 164
a 12 22 10 148 132
a 12 19 7 320 232
a 12 24 13 268 240
a 12 26 8 294 104
a 12 23 15 280 280
a 12 25 4 196 284
a 12 11 12 273 375
a 12 17 16 157 164
a 12 13 6 304 284
a 12 5 11 300 375
a 12 28 15 209 184
a 12 3 13 281 264
a 12 18 3 126 40
a 12 0 17 327 260
a 12 8 10 290 331
a 12 7 8 247 208
a 12 14 8 139 52
a 12 20 14 346 48
a 12 6 19 97 156
a 12 2 2 257 128
a 12 27 15 143 104
a 12 29 5 89 280
a 12 10 15 223 108
a 13 26 18 256 323
a 13 20 3 153 232
a 13 5 15 191 379
a 13 10 9 168 208
a 13 12 16 216 268
a 13 11 10 266 319
a 13 25 7 175 260
a 13 14 14 282 319
a 13 22 13 133 272
a 13 24 14 326 315
a 13 29 6 121 367
a 13 17 7 91 80
a 13 2 6 304 192
a 13 9 4 165 355
a 13 27 19 147 288
a 14 8 6 249 272
a 14 22 12 128 72
a 14 26 9 337 48
a 14 7 3 268 92
a 14 23 11 72 164
a 14 12 2 110 363
a 14 20 12 112 88
a 14 2 18 203 184
a 14 24 15 140 48
a 14 13 7 321 375
a 14 25 16 282 148
a 14 16 19 189 379
a 14 21 19 106 64
a 14 3 18 179 184
a 14 1 11 270 323
a 14 18 19 115 84
a 14 27 4 84 52
a 15 10 5 230 108
a 15 17 5 174 375
a 15 23 12 94 92
a 15 24 6 314 343
a 15 7 15 83 76
a 15 25 15 123 136
a 15 9 9 87 264
a 15 2 7 108 379
a 15 0 11 326 375
a 15 22 13 81 76
a 15 8 2 121 64
a 15 4 10 264 304
a 15 18 9 301 355
a 15 3 7 201 304
a 15 19 2 341 395
a 15 28 19 332 240
a 15 11 6 206 311
a 15 6 7 223 220
a 15 14 12 300 311
a 16 20 4 225 308
a 16 26 10 290 188
a 16 3 8 216 300
a 16 9 16 221 323
a 16 29 2 335 68
a 16 18 4 322 44
a 16 1 13 86 76
a 16 25 5 303 196
a 16 27 2 231 371
a 16 5 18 335 216
a 16 22 6 165 256
a 16 4 8 273 292
a 16 12 17 209 108
a 16 28 14 129 355
a 16 21 19 199 176
a 16 14 10 140 172
a 16 11 5 336 343
a 16 24 3 136 256
a 17 7 5 119 140
a 17 5 13 160 88
a 17 29 14 145 152
a 17 6 17 171 128
a 17 21 19 187 335
a 17 22 12 333 387
a 17 16 16 148 188
a 17 27 4 195 116
a 17 12 11 194 68
a 17 1 19 248 80
a 17 13 4 160 44
a 17 23 10 219 96
a 17 14 8 317 104
a 17 15 7 324 296
a 17 28 13 199 335
a 17 11 13 140 84
a 17 25 9 86 100
a 18 23 4 335 80
a 18 28 15 156 128
a 18 26 2 342 387
a 18 3 4 270 192
a 18 0 15 332 72
a 18 29 6 233 88
a 18 11 9 202 96
a 18 22 7 120 80
a 18 2 14 78 68
a 18 15 9 192 52
a 18 10 18 349 395
a 18 5 13 270 192
a 18 27 12 153 284
a 18 25 18 238 387
a 18 13 12 294 128
a 18 24 13 282 128
a 18 7 17 163 288
a 18 9 10 114 40
a 18 12 12 300 371
a 19 12 11 73 355
a 19 23 2 191 323
a 19 25 9 104 272
a 19 27 11 121 180
a 19 20 16 154 196
a 19 6 2 75 375
a 19 29 10 300 204
a 19 16 12 181 172
a 19 21 16 349 204
a 19 4 13 108 319
a 19 22 17 347 308
a 19 14 5 343 72
a 19 2 8 262 232
a 19 15 6 277 359
a 19 13 9 331 288
a 19 9 19 202 335
a 19 28 10 167 108
a 19 11 8 348 116
a 20 28 8 141 220
a 20 27 10 272 208
a 20 19 16 264 192
a 20 26 9 318 200
a 20 13 13 208 268
a 20 25 2 253 355
a 20 1 4 300 383
a 20 0 14 243 300
a 20 29 16 108 168
a 20 15 8 240 288
a 20 5 17 305 359
a 21 19 17 142 292
a 21 3 14 124 188
a 21 15 11 297 104
a 21 29 6 309 128
a 21 18 19 90 248
a 21 20 4 309 335
a 21 25 13 311 363
a 21 9 18 343 256
a 21 26 15 195 200
a 21 1 5 199 315
a 21 12 2 318 212
a 21 27 4 145 104
a 21 2 10 266 100
a 21 11 10 245 156
a 21 14 5 88 140
a 21 28 11 251 156
a 22 14 10 326 367
a 22 9 9 123 292
a 22 18 10 144 216
a 22 23 15 212 220
a 22 20 9 221 212
a 22 11 5 172 96
a 22 25 10 303 184
a 22 15 9 351 124
a 22 13 6 232 140
a 22 1 15 153 56
a 22 24 2 241 311
a 22 21 16 309 355
a 22 16 3 340 124
a 22 19 15 259 192
a 22 29 16 103 256
a 22 26 7 309 52
a 22 6 3 131 104
a 22 0 6 154 124
a 22 28 11 123 327
a 22 27 19 198 64
a 22 5 2 91 96
a 22 3 13 79 280
a 22 4 3 146 212
a 22 2 14 336 128
a 22 12 11 77 232
a 23 4 9 119 339
a 23 20 17 130 156
a 23 22 4 251 355
a 23 11 17 346 200
a 23 6 14 250 276
a 23 21 13 287 200
a 23 29 3 276 276
a 23 15 13 72 180
a 23 14 11 99 224
a 23 7 14 252 284
a 23 12 8 234 371
a 23 24 10 282 84
a 23 9 16 288 276
a 23 28 5 135 256
a 23 27 11 247 108
a 23 2 6 243 252
a 23 25 7 268 140
a 23 8 3 103 204
a 23 26 14 161 192
a 24 7 4 336 355
a 24 13 15 338 304
a 24 17 7 196 256
a 24 11 8 79 300
a 24 9 8 221 84
a 24 2 3 134 391
a 24 6 17 285 264
a 24 27 6 170 268
a 24 0 9 232 140
a 24 25 7 268 244
a 24 8 18 121 327
a 24 20 12 167 327
a 24 5 14 289 152
a 24 12 16 265 176
a 24 4 11 119 371
a 24 22 14 163 363
a 24 18 18 145 391
a 24 19 16 91 48
a 24 26 13 118 180
a 24 3 4 240 327
a 24 23 6 342 387
a 24 10 8 252 292
a 24 15 5 171 379
a 24 21 17 246 343
a 25 9 9 147 331
a 25 18 9 156 120
a 25 19 10 172 343
a 25 0 2 301 363
a 25 23 12 113 196
a 25 29 4 260 204
a 25 21 17 95 212
a 25 2 19 100 64
a 25 17 13 314 252
a 25 15 4 253 327
a 25 7 3 111 339
a 25 4 3 249 391
a 25 3 5 83 52
a 25 8 11 111 100
a 25 22 18 73 108
a 26 3 6 144 92
a 26 21 11 192 335
a 26 20 17 288 172
a 26 1 14 170 236
a 26 23 19 273 180
a 26 6 19 226 188
a 26 4 10 247 256
a 26 0 15 118 256
a 26 2 11 353 359
a 26 5 5 251 363
a 26 18 19 304 359
a 26 8 18 241 216
a 26 11 8 214 144
a 26 16 13 202 196
a 26 24 14 148 220
a 26 9 16 211 224
a 26 17 11 326 208
a 27 0 3 96 132
a 27 24 10 244 200
a 27 14 19 126 116
a 27 19 13 265 395
a 27 23 13 248 367
a 27 10 12 276 172
a 27 26 5 270 248
a 27 18 11 73 196
a 27 28 4 179 387
a 27 13 12 199 264
a 27 4 18 305 148
a 27 5 5 165 152
a 27 1 15 89 216
a 27 21 5 198 40
a 27 9 14 74 52
a 27 3 7 355 339
a 27 2 14 246 395
a 28 2 9 285 212
a 28 26 2 281 300
a 28 7 18 265 383
a 28 5 13 72 323
a 28 9 18 179 124
a 28 18 12 111 152
a 28 22 9 183 355
a 28 3 15 255 152
a 29 10 14 120 343
a 29 2 18 150 331
a 29 27 5 280 164
a 29 1 10 194 216
a 29 25 16 119 319
a 29 18 15 314 156
a 29 24 6 164 156
a 29 14 11 82 327
a 29 15 16 336 296
a 29 19 4 280 236
a 29 9 5 297 104
a 29 8 16 274 164
a 29 13 5 277 359
a 29 7 9 253 228
a 29 21 5 214 280
