c fixed charge multi commodity flow
c
c problem vertices edges commodities
p fcmcf 30 516 100
c
c origin destination demand
k 9 24 58
k 4 3 29
k 18 17 57
k 12 18 41
k 9 27 34
k 22 12 24
k 17 2 35
k 15 17 69
k 4 8 36
k 5 24 21
k 23 10 26
k 26 6 48
k 6 26 22
k 28 4 66
k 4 2 28
k 16 6 30
k 20 11 71
k 17 20 74
k 8 28 25
k 21 1 28
k 5 28 40
k 27 21 57
k 16 0 36
k 3 14 60
k 20 22 56
k 24 29 33
k 0 8 74
k 8 25 52
k 2 21 57
k 12 8 57
k 4 29 40
k 20 1 59
k 2 17 18
k 10 25 43
k 25 21 15
k 24 2 31
k 19 8 31
k 6 17 58
k 17 29 49
k 1 5 45
k 21 16 30
k 12 1 41
k 27 3 34
k 10 11 44
k 14 2 43
k 18 21 46
k 29 17 68
k 25 4 41
k 1 0 46
k 22 5 22
k 13 2 44
k 18 29 57
k 26 22 52
k 2 24 17
k 7 21 33
k 4 22 73
k 20 28 57
k 28 29 58
k 5 25 32
k 7 12 16
k 7 28 71
k 18 9 30
k 19 25 21
k 21 0 61
k 28 27 65
k 26 1 22
k 6 20 71
k 14 23 18
k 4 16 38
k 3 6 62
k 13 24 36
k 3 15 74
k 28 18 73
k 1 17 48
k 25 6 33
k 21 14 69
k 1 10 30
k 27 22 43
k 2 5 22
k 15 9 74
k 8 18 27
k 15 29 61
k 13 28 22
k 2 7 59
k 29 5 42
k 26 8 47
k 21 27 33
k 14 21 18
k 10 13 55
k 2 18 59
k 8 10 53
k 15 13 52
k 28 9 43
k 22 11 67
k 24 14 34
k 2 26 64
k 20 7 29
k 8 12 26
k 22 15 46
k 8 15 19
c
c source target cost capacity fixed
a 0 9 12 279 1202
a 0 8 14 146 1057
a 0 22 8 250 1078
a 0 27 5 279 1741
a 0 19 9 187 2010
a 0 13 19 147 1596
a 0 1 2 339 1244
a 0 10 4 179 1928
a 0 24 8 171 1264
a 0 14 9 155 1368
a 0 17 9 153 415
a 0 20 17 210 954
a 0 6 3 94 1140
a 0 4 16 116 1575
a 0 2 5 95 871
a 0 16 16 137 394
a 0 29 2 356 1472
a 0 26 16 176 933
a 0 3 16 175 270
a 0 25 13 273 1119
a 1 14 4 171 291
a 1 16 17 128 1679
a 1 17 8 321 2052
a 1 0 14 325 912
a 1 3 15 186 912
a 1 12 9 304 1182
a 1 28 15 194 1637
a 1 7 4 346 1410
a 1 9 18 254 1741
a 1 2 17 220 871
a 1 4 17 220 1865
a 1 11 6 115 1679
a 1 22 17 182 249
a 1 24 8 347 1948
a 1 15 10 347 1534
a 1 29 17 179 1492
a 1 10 4 151 788
a 1 18 13 94 581
a 1 19 8 287 1472
a 1 26 9 321 1430
a 2 5 11 116 726
a 2 11 14 80 1741
a 2 0 4 315 1119
a 2 1 3 100 1451
a 2 22 16 312 995
a 2 20 11 248 1140
a 2 12 5 196 1658
a 2 29 3 219 498
a 2 15 15 116 1700
a 2 18 12 347 498
a 2 21 2 320 2031
a 3 24 18 154 332
a 3 22 2 224 1492
a 3 21 11 148 871
a 3 8 19 171 1948
a 3 13 4 336 746
a 3 2 16 364 933
a 3 1 6 353 1119
a 3 7 2 166 974
a 3 12 6 300 601
a 3 9 9 345 829
a 3 27 5 325 1617
a 3 15 16 267 1244
a 3 19 17 320 394
a 3 11 17 203 311
a 3 17 13 77 2010
a 3 25 2 363 601
a 3 29 8 260 1990
a 3 4 6 228 560
a 3 0 3 180 1865
a 3 26 2 338 1803
a 4 1 2 124 1803
a 4 5 16 302 622
a 4 16 9 337 477
a 4 17 4 121 1596
a 4 7 15 210 1078
a 4 9 4 238 1389
a 4 24 14 110 1617
a 4 3 6 187 933
a 4 22 9 283 809
a 4 10 7 354 767
a 4 15 4 112 1513
a 4 27 2 366 291
a 4 20 13 328 353
a 4 19 12 350 2010
a 4 25 5 97 1803
a 4 0 5 330 1140
a 4 2 2 124 270
a 4 11 16 301 1119
a 4 18 10 294 1845
a 5 1 5 226 519
a 5 19 5 276 1762
a 5 20 9 223 1430
a 5 24 5 182 1119
a 5 11 13 80 1223
a 5 13 14 292 954
a 5 27 10 317 850
a 5 18 17 177 1451
a 5 12 2 276 519
a 5 9 2 349 1783
a 5 6 12 340 954
a 5 16 14 77 1119
a 5 29 11 276 1347
a 5 3 11 196 622
a 5 10 7 273 1596
a 6 9 16 151 746
a 6 3 14 100 1534
a 6 29 4 356 311
a 6 15 11 85 1700
a 6 12 19 214 912
a 6 28 19 221 1347
a 6 20 8 255 1202
a 6 23 17 184 415
a 6 19 7 130 974
a 6 21 2 91 684
a 6 10 11 78 788
a 6 22 10 272 1845
a 6 26 17 144 809
a 6 27 4 313 415
a 6 1 3 328 311
a 6 0 6 364 1223
a 6 8 14 337 1119
a 7 20 5 325 1016
a 7 22 16 162 1037
a 7 3 15 242 353
a 7 5 10 174 1099
a 7 14 11 289 1244
a 7 21 14 135 1617
a 7 13 17 206 1596
a 7 6 14 76 208
a 7 18 17 254 1492
a 7 10 14 272 1119
a 7 11 5 307 1637
a 7 25 4 97 974
a 7 28 13 236 228
a 7 17 16 358 601
a 7 4 8 216 1368
a 7 29 2 267 353
a 7 8 10 201 456
a 7 16 13 158 1078
a 7 27 4 155 995
a 7 1 3 346 1845
a 7 9 7 218 1783
a 7 19 5 209 1803
a 7 15 17 134 1078
a 7 12 6 361 291
a 7 26 14 150 1865
a 7 23 19 215 1119
a 7 2 11 155 1824
a 8 12 9 118 726
a 8 29 10 138 249
a 8 6 18 238 2052
a 8 16 17 169 1285
a 8 15 9 349 1202
a 8 5 19 301 1492
a 8 3 16 99 415
a 8 9 13 213 995
a 8 25 4 292 1264
a 8 4 19 168 974
a 8 14 8 303 1368
a 8 1 19 218 1119
a 8 22 9 247 332
a 8 10 13 293 892
a 8 27 2 322 1700
a 9 21 17 365 1803
a 9 10 6 351 1078
a 9 5 5 97 974
a 9 29 14 204 332
a 9 17 10 342 1306
a 9 25 10 342 560
a 9 11 16 255 601
a 9 4 7 120 1244
a 9 20 11 201 746
a 9 19 3 77 1223
a 9 27 12 290 1327
a 9 24 3 149 228
a 9 8 9 269 1264
a 9 18 11 256 436
a 9 1 12 366 498
a 9 6 18 254 1865
a 9 3 13 337 726
a 9 15 17 196 208
a 9 28 12 188 746
a 9 14 13 166 1658
a 9 7 9 336 726
a 9 13 15 295 1451
a 9 26 3 171 829
a 10 27 19 284 1700
a 10 12 8 129 1658
a 10 2 5 177 1140
a 10 15 8 154 1472
a 10 22 7 229 1389
a 10 23 7 281 1368
a 10 26 13 324 1016
a 10 18 8 356 912
a 10 17 10 217 1658
a 11 21 6 75 560
a 11 26 12 100 1845
a 11 18 14 279 746
a 11 13 9 240 705
a 11 24 4 157 1451
a 11 7 19 116 270
a 11 22 6 158 1244
a 11 17 18 146 1472
a 11 19 13 139 1803
a 11 15 2 127 228
a 11 25 12 152 622
a 11 6 11 309 1990
a 11 23 19 104 1099
a 12 10 14 265 415
a 12 6 16 89 1679
a 12 7 18 91 1182
a 12 20 16 122 353
a 12 28 7 103 622
a 12 21 5 203 1140
a 12 9 15 267 684
a 12 13 13 141 415
a 12 23 12 203 228
a 12 17 10 352 892
a 12 16 2 239 1306
a 12 0 10 337 1492
a 12 4 3 250 2052
a 12 1 5 252 2052
a 12 15 7 118 1865
a 12 24 5 92 415
a 12 25 15 198 705
a 13 16 6 292 2010
a 13 5 4 358 1099
a 13 14 7 306 1016
a 13 17 10 267 1368
a 13 20 8 115 581
a 13 22 14 134 995
a 13 28 8 210 1534
a 13 12 6 208 1762
a 13 7 11 271 767
a 13 21 11 291 1824
a 13 15 8 108 1327
a 13 18 15 229 1078
a 13 9 11 166 871
a 13 2 6 165 539
a 13 10 9 179 705
a 13 27 4 160 1368
a 14 20 7 173 436
a 14 22 15 312 601
a 14 0 14 157 1948
a 14 24 15 118 705
a 14 18 15 82 1658
a 14 13 19 95 1907
a 14 15 14 354 1928
a 14 25 8 210 519
a 14 4 6 164 1368
a 14 6 12 314 892
a 14 21 2 312 726
a 14 17 7 130 1886
a 14 28 19 109 1617
a 14 3 15 284 2052
a 14 16 15 156 1534
a 14 11 3 336 684
a 14 26 6 182 332
a 14 29 17 137 829
a 14 27 15 97 1700
a 14 10 19 192 1306
a 14 8 16 345 1223
a 15 4 13 107 1306
a 15 25 6 328 415
a 15 21 4 270 809
a 15 9 16 157 1347
a 15 20 5 229 498
a 15 7 4 292 1327
a 15 27 9 108 1347
a 15 11 4 105 1700
a 15 16 17 218 498
a 15 1 15 268 1658
a 15 17 17 259 1720
a 15 24 19 218 1845
a 15 0 3 138 684
a 16 10 13 168 1824
a 16 27 12 106 1472
a 16 5 12 240 1057
a 16 15 15 75 1347
a 16 2 8 135 1430
a 16 8 15 232 581
a 16 12 11 132 1472
a 16 29 18 157 1410
a 16 17 5 336 498
a 16 13 17 229 1990
a 16 21 11 253 228
a 16 11 19 179 291
a 16 22 5 349 1658
a 16 18 4 229 871
a 16 24 10 102 270
a 16 6 11 313 705
a 16 9 11 112 2031
a 16 0 4 113 1078
a 16 26 16 301 1223
a 17 25 17 163 1410
a 17 1 3 276 1472
a 17 26 12 353 1119
a 17 7 16 262 892
a 17 11 8 351 436
a 17 19 2 218 1037
a 17 28 14 277 1223
a 17 16 16 265 974
a 17 24 17 240 1057
a 17 23 6 256 436
a 17 5 14 240 933
a 17 2 10 328 1016
a 17 21 2 265 228
a 17 9 11 283 560
a 17 13 16 166 1140
a 17 15 9 243 1783
a 17 18 10 320 1264
a 17 22 14 141 1679
a 17 6 16 234 1140
a 17 3 17 212 1969
a 17 0 12 163 1264
a 18 14 7 201 1928
a 18 19 16 189 809
a 18 3 5 146 1865
a 18 1 9 305 2010
a 18 23 6 319 1783
a 18 9 4 227 871
a 18 12 5 212 581
a 18 25 3 249 1865
a 18 29 18 207 788
a 18 4 6 347 1451
a 18 0 10 349 1741
a 19 21 12 183 1119
a 19 11 16 298 829
a 19 13 9 253 1865
a 19 6 2 353 1472
a 19 15 8 324 560
a 19 10 9 190 1783
a 19 0 18 267 601
a 19 26 2 264 1161
a 19 17 3 85 1658
a 19 23 11 203 1347
a 19 20 8 254 270
a 19 2 14 255 2052
a 19 12 12 301 1555
a 19 5 2 234 1990
a 19 28 4 84 208
a 19 8 19 250 601
a 19 18 12 107 581
a 19 9 17 150 850
a 20 0 4 320 912
a 20 27 17 97 519
a 20 4 4 245 767
a 20 23 3 203 1347
a 20 24 10 335 1534
a 20 29 12 103 1948
a 20 6 8 142 1472
a 20 1 16 188 767
a 20 25 10 323 788
a 20 19 8 323 456
a 20 12 14 168 1119
a 20 9 15 288 1078
a 20 17 14 161 1886
a 20 26 8 364 1202
a 20 11 15 154 394
a 20 7 8 149 1679
a 20 8 11 190 208
a 20 14 9 121 1720
a 20 21 15 117 622
a 20 5 3 358 1720
a 21 2 3 352 1306
a 21 27 6 233 560
a 21 29 19 273 1886
a 21 19 15 234 1327
a 21 11 17 265 1140
a 21 20 6 265 746
a 21 0 17 161 850
a 21 26 9 346 1762
a 21 23 19 279 332
a 21 24 6 361 1492
a 21 7 13 174 1637
a 21 1 17 83 933
a 21 6 13 303 1783
a 21 16 7 95 1886
a 21 12 2 259 1099
a 21 8 3 99 498
a 21 28 8 138 622
a 21 15 8 75 436
a 21 9 16 340 1845
a 21 14 11 135 1845
a 22 7 4 328 477
a 22 14 11 165 809
a 22 28 18 232 498
a 22 2 2 322 1762
a 22 29 7 348 1161
a 22 0 7 332 1700
a 22 17 10 144 767
a 22 9 16 255 933
a 22 8 4 254 291
a 22 13 2 163 746
a 22 25 8 270 912
a 22 6 7 126 1969
a 22 21 11 113 1264
a 22 20 13 241 1285
a 22 1 3 237 1845
a 23 7 7 349 788
a 23 18 17 135 1202
a 23 6 10 295 560
a 23 29 6 353 1679
a 23 20 11 206 1182
a 23 27 14 360 1389
a 23 2 18 83 643
a 23 24 12 256 1182
a 23 10 17 257 1119
a 23 22 4 345 1990
a 23 11 13 135 519
a 23 5 2 307 270
a 23 3 10 238 684
a 23 25 9 82 1637
a 23 26 8 156 1078
a 24 2 9 306 1907
a 24 18 18 150 208
a 24 28 11 185 1016
a 24 6 4 149 1451
a 24 17 8 191 394
a 24 19 18 332 1099
a 24 25 6 325 2052
a 24 26 14 201 1430
a 24 12 16 144 933
a 24 20 4 226 498
a 24 16 11 357 270
a 24 7 18 218 809
a 24 5 18 243 1306
a 24 11 6 353 1845
a 24 1 8 212 311
a 24 8 5 308 1700
a 24 22 11 341 912
a 24 10 11 296 1617
a 24 13 18 365 1140
a 24 4 12 289 1244
a 24 27 8 312 1306
a 24 23 17 310 1492
a 25 1 3 261 373
a 25 14 6 138 1907
a 25 16 2 122 1244
a 25 3 19 224 1762
a 25 26 14 317 1969
a 25 29 17 153 1803
a 25 2 7 154 311
a 25 0 13 353 373
a 25 19 9 366 1679
a 25 17 18 127 1658
a 25 27 19 157 912
a 25 23 10 326 1741
a 25 15 7 174 1430
a 25 21 13 102 1472
a 25 22 10 91 809
a 26 14 8 352 1679
a 26 24 5 313 1347
a 26 1 12 170 1513
a 26 15 11 300 519
a 26 18 6 219 1886
a 26 20 10 347 311
a 26 12 11 109 1119
a 26 25 11 273 291
a 26 23 2 165 291
a 26 11 16 297 871
a 26 0 2 292 1492
a 26 27 18 94 208
a 26 22 6 364 311
a 26 2 2 100 291
a 26 7 2 274 1617
a 26 29 12 92 1658
a 26 16 4 361 1865
a 27 17 3 152 1762
a 27 9 18 269 1534
a 27 25 18 135 767
a 27 20 2 116 1347
a 27 22 5 127 892
a 27 12 8 218 228
a 27 29 14 147 1368
a 27 26 2 103 249
a 27 0 16 242 1140
a 27 7 7 325 1948
a 27 24 17 143 270
a 27 3 2 172 1534
a 27 21 17 87 1824
a 27 15 4 192 1451
a 27 2 19 201 1886
a 27 16 15 252 1762
a 27 23 14 270 912
a 28 0 11 331 1637
a 28 22 15 111 1037
a 28 24 11 190 539
a 28 17 5 190 332
a 28 9 4 308 1741
a 28 6 6 97 1575
a 28 4 10 298 1886
a 28 21 13 107 1948
a 28 12 14 96 1244
a 28 16 4 92 1700
a 28 18 18 204 270
a 28 2 9 256 311
a 28 11 11 90 1223
a 28 7 11 124 581
a 28 20 17 202 1182
a 29 12 19 196 746
a 29 26 18 165 1223
a 29 15 15 185 560
a 29 5 15 244 1078
a 29 1 17 94 684
a 29 20 2 104 892
a 29 13 7 95 1637
a 29 11 2 170 664
a 29 17 3 181 208
a 29 7 10 97 1368
a 29 25 5 236 519
a 29 6 14 99 726
a 29 23 17 265 1886
a 29 16 7 158 1492
a 29 18 14 164 767
