c fixed charge multi commodity flow
c
c problem vertices edges commodities
p fcmcf 30 519 100
c
c origin destination demand
k 8 17 27
k 17 7 54
k 15 4 23
k 23 0 62
k 29 22 16
k 9 12 51
k 0 2 43
k 2 10 46
k 15 20 15
k 9 26 61
k 19 22 42
k 22 26 40
k 21 2 59
k 1 4 24
k 25 17 68
k 26 16 69
k 21 24 59
k 0 21 64
k 12 18 54
k 9 7 47
k 1 2 37
k 2 4 20
k 13 24 67
k 17 14 51
k 22 24 17
k 12 10 37
k 18 29 62
k 18 15 55
k 25 6 40
k 25 15 62
k 1 24 27
k 4 18 28
k 10 4 72
k 10 12 55
k 25 5 28
k 19 14 69
k 15 26 54
k 17 6 31
k 26 6 15
k 1 27 27
k 0 4 21
k 20 7 32
k 1 21 71
k 5 21 60
k 24 13 51
k 13 9 39
k 2 16 20
k 0 14 68
k 12 4 17
k 13 17 42
k 24 12 17
k 23 26 66
k 29 11 16
k 25 8 18
k 25 7 52
k 9 19 47
k 4 1 23
k 28 13 37
k 16 23 36
k 18 27 26
k 12 17 43
k 2 19 40
k 11 1 60
k 10 2 36
k 15 14 74
k 21 29 38
k 2 3 52
k 17 28 57
k 14 24 62
k 13 1 22
k 2 27 47
k 20 16 34
k 11 21 43
k 11 26 29
k 23 5 64
k 5 6 19
k 12 27 15
k 17 11 45
k 26 25 37
k 14 5 61
k 27 8 67
k 20 0 30
k 23 14 70
k 13 19 48
k 9 22 32
k 27 2 42
k 9 27 46
k 19 11 24
k 2 12 32
k 11 10 15
k 11 17 64
k 26 13 27
k 19 26 70
k 9 6 29
k 2 15 54
k 7 27 20
k 7 14 30
k 9 17 68
k 18 4 52
k 27 16 46
c
c source target cost capacity fixed
a 0 20 19 202 191
a 0 5 4 194 148
a 0 29 7 70 70
a 0 8 2 198 127
a 0 10 11 85 251
a 0 25 13 131 140
a 0 1 13 127 224
a 0 7 15 147 62
a 0 21 16 70 199
a 0 26 15 70 229
a 0 19 15 132 261
a 0 2 3 120 121
a 0 6 6 148 89
a 0 27 16 237 151
a 0 3 19 136 100
a 1 3 12 95 33
a 1 15 11 243 186
a 1 9 14 122 119
a 1 28 11 109 78
a 1 24 13 131 116
a 1 8 14 74 124
a 1 16 8 235 237
a 1 2 17 207 194
a 1 6 11 219 256
a 1 17 17 91 41
a 1 19 17 88 62
a 1 10 3 226 216
a 1 11 18 125 224
a 1 23 17 71 202
a 1 0 9 104 108
a 1 25 15 116 178
a 2 3 19 153 216
a 2 28 9 123 242
a 2 16 4 130 108
a 2 13 2 229 30
a 2 20 7 166 65
a 2 6 13 162 87
a 2 7 19 70 229
a 2 25 9 226 267
a 2 29 10 124 127
a 2 22 12 77 49
a 2 17 18 167 113
a 2 11 2 177 156
a 2 15 6 144 84
a 2 8 18 91 251
a 2 1 11 146 116
a 2 21 14 80 73
a 2 19 17 220 124
a 2 0 11 213 154
a 2 4 2 145 38
a 3 14 3 137 65
a 3 1 2 114 81
a 3 16 18 52 95
a 3 17 6 219 183
a 3 19 19 117 199
a 3 4 12 175 70
a 3 8 13 130 178
a 3 21 6 129 140
a 3 15 7 80 81
a 3 28 19 161 162
a 3 11 7 236 234
a 3 6 4 98 105
a 3 23 14 51 259
a 3 18 10 90 173
a 3 9 11 87 119
a 3 27 16 226 87
a 3 2 7 181 44
a 3 29 19 114 224
a 3 20 19 68 38
a 3 24 13 151 205
a 3 22 4 67 124
a 3 26 18 198 49
a 4 12 17 142 116
a 4 11 7 93 191
a 4 28 14 184 116
a 4 19 19 114 138
a 4 18 4 51 202
a 4 29 13 173 194
a 4 2 9 60 46
a 4 23 10 175 183
a 4 24 10 207 162
a 4 3 7 50 181
a 4 8 19 133 216
a 5 24 5 154 159
a 5 0 14 184 143
a 5 12 4 59 175
a 5 11 10 192 199
a 5 16 15 92 216
a 5 22 17 109 92
a 5 3 10 102 242
a 5 23 7 236 143
a 5 7 16 183 156
a 5 2 13 147 127
a 5 15 4 242 38
a 5 1 6 193 44
a 5 25 9 119 199
a 5 20 5 167 232
a 5 6 16 134 197
a 5 10 9 221 189
a 5 8 9 53 116
a 5 9 2 232 127
a 5 4 8 141 240
a 6 17 8 198 60
a 6 24 8 55 181
a 6 19 2 124 167
a 6 14 7 127 49
a 6 13 18 176 73
a 6 0 8 187 221
a 6 11 14 209 178
a 6 4 14 171 116
a 6 23 6 179 33
a 6 15 15 109 256
a 6 7 4 71 89
a 6 18 6 159 68
a 6 28 6 59 237
a 6 20 14 135 97
a 6 29 8 162 240
a 6 9 18 175 57
a 6 5 2 83 178
a 6 8 15 147 264
a 6 26 11 134 167
a 6 22 5 220 240
a 7 3 13 98 135
a 7 10 2 156 54
a 7 21 10 173 229
a 7 4 3 220 138
a 7 29 18 64 140
a 7 18 16 229 224
a 7 16 15 162 191
a 7 15 8 100 57
a 7 11 18 214 197
a 7 24 8 69 78
a 7 8 12 70 213
a 7 13 3 55 148
a 7 25 14 131 38
a 7 27 11 70 261
a 7 23 15 182 140
a 7 14 14 64 194
a 7 5 9 150 261
a 7 28 15 239 229
a 7 1 5 90 97
a 7 19 12 182 264
a 7 26 19 136 127
a 8 16 15 211 62
a 8 10 2 167 261
a 8 13 7 67 57
a 8 25 15 212 44
a 8 14 17 152 232
a 8 3 10 80 162
a 8 18 11 105 267
a 8 24 4 232 226
a 8 2 10 72 103
a 8 17 7 134 30
a 8 27 9 55 100
a 8 23 17 107 27
a 8 11 15 127 264
a 8 5 7 213 148
a 8 4 2 128 226
a 8 1 16 222 140
a 9 16 10 106 224
a 9 5 7 130 87
a 9 1 5 103 234
a 9 3 7 78 213
a 9 18 9 93 92
a 9 7 12 149 183
a 9 25 10 144 121
a 9 4 8 80 124
a 9 2 19 173 95
a 9 10 4 198 189
a 9 24 10 143 27
a 9 26 3 120 253
a 9 20 7 50 256
a 9 19 4 122 197
a 9 12 19 188 162
a 9 14 4 236 226
a 9 13 19 201 156
a 9 28 18 183 46
a 9 0 5 183 264
a 9 17 19 73 30
a 9 15 6 98 27
a 9 6 4 131 70
a 10 15 16 137 138
a 10 6 12 235 30
a 10 28 11 159 189
a 10 16 6 234 221
a 10 13 12 100 62
a 10 4 13 131 38
a 10 22 8 227 33
a 10 5 15 179 44
a 10 24 17 103 154
a 10 2 10 51 135
a 10 26 8 202 240
a 10 8 8 203 89
a 10 7 15 52 113
a 10 11 15 189 232
a 10 1 8 153 38
a 10 12 7 156 60
a 10 27 7 187 70
a 10 18 2 214 181
a 10 29 14 189 256
a 10 25 8 167 130
a 10 0 19 66 197
a 10 19 18 56 208
a 10 14 13 72 213
a 10 20 16 220 181
a 10 21 18 143 186
a 10 17 9 186 210
a 10 9 16 100 191
a 11 15 18 74 38
a 11 23 3 152 234
a 11 24 11 179 46
a 11 25 8 52 76
a 11 9 18 233 33
a 11 20 13 140 159
a 11 1 9 201 76
a 11 26 15 60 202
a 11 14 19 135 194
a 11 4 7 75 87
a 11 16 3 218 186
a 11 3 15 121 175
a 12 17 19 129 54
a 12 28 2 102 76
a 12 27 6 243 237
a 12 22 10 185 68
a 12 4 17 70 95
a 12 2 19 89 226
a 12 20 5 132 95
a 12 25 14 117 159
a 12 5 5 235 135
a 12 19 17 208 213
a 12 23 3 213 62
a 12 6 9 195 38
a 12 15 3 111 210
a 12 1 16 237 224
a 12 9 7 108 30
a 12 13 9 213 33
a 12 18 17 90 105
a 12 14 17 147 73
a 12 29 4 89 210
a 12 16 19 100 68
a 12 24 14 95 27
a 13 7 2 158 113
a 13 23 13 55 146
a 13 8 11 57 57
a 13 0 18 190 202
a 13 28 5 100 224
a 13 5 2 185 205
a 13 18 7 194 60
a 13 20 17 90 264
a 13 27 2 222 226
a 13 17 6 166 143
a 13 16 15 226 116
a 13 1 17 139 232
a 13 22 13 226 27
a 13 21 13 89 224
a 13 25 19 219 173
a 14 4 17 97 73
a 14 17 2 140 121
a 14 23 4 213 146
a 14 2 17 107 41
a 14 7 10 186 84
a 14 21 10 142 41
a 14 22 7 95 218
a 14 6 6 225 41
a 14 11 17 52 154
a 14 1 4 155 218
a 14 0 3 60 210
a 14 26 9 114 234
a 14 20 7 62 194
a 14 25 8 67 30
a 14 28 12 71 156
a 14 3 9 191 259
a 14 19 5 228 154
a 14 27 8 52 251
a 14 18 2 123 156
a 14 8 12 108 267
a 14 15 5 95 92
a 15 6 13 156 170
a 15 14 12 91 197
a 15 12 13 220 127
a 15 22 9 224 154
a 15 29 17 130 224
a 15 11 2 53 229
a 15 24 2 83 151
a 15 21 7 143 121
a 15 23 18 221 30
a 15 4 16 99 194
a 15 17 15 150 38
a 15 2 13 78 97
a 15 25 9 114 267
a 15 7 19 97 119
a 15 19 14 173 178
a 16 22 15 234 38
a 16 14 9 125 175
a 16 18 8 181 186
a 16 15 19 163 27
a 16 23 17 66 33
a 16 26 16 209 57
a 16 1 6 121 100
a 16 19 17 240 156
a 16 2 18 183 113
a 16 5 17 106 242
a 16 13 5 109 44
a 16 3 19 104 242
a 16 7 14 120 30
a 16 10 15 222 132
a 16 0 5 217 165
a 17 3 8 58 183
a 17 2 10 79 33
a 17 10 7 169 81
a 17 27 11 119 251
a 17 24 19 125 44
a 17 0 4 117 70
a 17 29 8 75 237
a 17 12 16 212 60
a 17 13 6 240 57
a 18 25 8 55 78
a 18 0 15 169 253
a 18 11 18 76 261
a 18 13 13 92 124
a 18 14 13 211 52
a 18 20 17 55 197
a 18 17 16 82 159
a 18 26 15 119 60
a 18 5 3 177 105
a 18 29 16 60 261
a 18 10 10 235 103
a 18 7 18 126 162
a 18 16 18 175 240
a 19 27 17 155 170
a 19 16 8 86 237
a 19 17 19 172 105
a 19 13 15 217 33
a 19 24 15 124 33
a 19 4 13 139 261
a 19 7 3 87 146
a 19 15 6 192 237
a 19 3 9 125 205
a 19 14 12 161 52
a 19 9 10 153 237
a 19 21 13 200 124
a 19 8 7 128 113
a 19 28 17 208 38
a 19 0 10 175 232
a 19 26 4 56 68
a 19 23 9 69 242
a 19 5 10 230 30
a 20 9 9 113 213
a 20 16 8 165 148
a 20 5 6 155 194
a 20 4 17 181 173
a 20 22 19 116 92
a 20 3 17 88 84
a 20 24 18 107 237
a 20 19 12 83 154
a 20 27 3 88 221
a 20 1 12 115 242
a 20 25 4 210 49
a 20 21 18 56 60
a 20 26 11 163 60
a 20 11 5 205 173
a 20 7 11 223 46
a 20 13 2 78 111
a 20 18 6 179 81
a 20 15 14 174 183
a 20 14 9 59 132
a 20 29 8 114 181
a 20 23 14 108 70
a 20 10 5 93 105
a 20 0 5 114 97
a 20 6 18 105 267
a 21 22 11 179 100
a 21 5 5 116 87
a 21 15 13 80 97
a 21 11 7 156 27
a 21 10 3 196 138
a 21 29 10 149 78
a 21 18 19 222 138
a 21 27 14 92 245
a 21 20 16 136 151
a 21 13 15 59 189
a 21 23 8 139 54
a 21 4 19 234 261
a 21 12 19 78 248
a 21 24 15 139 119
a 21 2 15 185 245
a 21 3 18 59 221
a 21 1 11 243 264
a 22 20 14 113 245
a 22 7 9 226 143
a 22 12 17 53 60
a 22 8 3 172 35
a 22 9 12 150 33
a 22 3 8 228 151
a 22 6 19 223 248
a 22 4 2 150 245
a 22 1 7 50 256
a 22 15 8 226 194
a 22 26 11 232 78
a 22 10 18 97 103
a 22 28 3 149 242
a 22 0 3 84 111
a 22 11 4 158 52
a 22 25 5 186 127
a 22 21 16 81 100
a 22 23 5 173 165
a 22 29 3 78 165
a 22 5 9 156 119
a 22 17 16 195 140
a 23 8 10 169 253
a 23 2 19 229 132
a 23 17 3 68 135
a 23 6 13 92 76
a 23 13 13 121 108
a 23 5 18 225 46
a 23 10 8 74 245
a 23 28 3 156 218
a 23 0 2 141 256
a 23 16 16 215 251
a 23 9 8 57 208
a 23 12 17 75 194
a 23 29 8 117 135
a 23 15 17 186 202
a 23 1 11 118 189
a 23 21 10 212 95
a 24 4 17 94 253
a 24 6 3 80 138
a 24 21 4 236 87
a 24 29 7 151 146
a 24 16 16 132 234
a 24 19 10 234 224
a 24 15 2 227 178
a 24 8 18 107 105
a 24 25 19 102 54
a 24 27 19 165 111
a 24 22 8 231 138
a 24 18 6 172 130
a 24 17 6 101 146
a 25 27 11 200 226
a 25 15 6 199 143
a 25 28 17 171 92
a 25 26 5 213 116
a 25 11 2 131 65
a 25 10 2 80 202
a 25 20 10 179 41
a 25 7 13 219 30
a 25 1 11 51 267
a 25 3 18 228 194
a 25 2 15 72 73
a 25 14 16 167 242
a 25 22 12 182 68
a 26 18 16 156 181
a 26 2 4 97 259
a 26 25 3 237 108
a 26 7 6 68 210
a 26 0 8 137 44
a 26 29 12 129 76
a 26 22 10 223 189
a 26 21 18 84 113
a 26 12 13 100 199
a 26 15 2 67 189
a 26 24 3 244 62
a 26 6 5 219 175
a 27 28 3 116 54
a 27 19 15 196 213
a 27 2 14 146 30
a 27 26 8 238 248
a 27 21 18 114 143
a 27 9 7 214 202
a 27 14 8 93 202
a 27 17 4 117 213
a 27 6 19 167 62
a 27 7 16 118 234
a 27 29 17 181 170
a 27 18 2 222 240
a 27 10 16 54 78
a 27 8 19 79 165
a 27 5 19 84 229
a 27 20 2 205 232
a 27 25 12 176 132
a 27 22 19 201 33
a 27 16 19 199 41
a 27 12 17 74 52
a 28 26 17 114 84
a 28 24 16 110 183
a 28 23 8 89 33
a 28 3 2 176 49
a 28 20 13 99 165
a 28 10 17 124 52
a 28 0 10 162 151
a 28 17 14 185 216
a 28 1 13 200 57
a 28 13 17 70 224
a 28 18 4 72 178
a 28 6 6 233 113
a 28 22 10 143 165
a 28 15 17 189 95
a 28 16 4 148 224
a 28 14 5 119 189
a 28 19 19 181 175
a 28 8 13 158 92
a 28 7 9 224 202
a 28 11 5 186 140
a 29 15 7 94 41
a 29 2 11 224 105
a 29 4 14 187 146
a 29 22 18 210 237
a 29 21 4 123 95
a 29 0 13 135 143
a 29 7 13 179 92
a 29 26 5 115 175
a 29 5 18 81 175
a 29 27 4 136 251
a 29 23 2 62 205
a 29 3 10 114 78
a 29 28 7 233 140
a 29 1 11 115 267
a 29 12 17 205 89
a 29 19 10 180 229
