c fixed charge multi commodity flow
c
c problem vertices edges commodities
p fcmcf 30 517 100
c
c origin destination demand
k 12 14 71
k 15 14 63
k 20 18 46
k 10 1 18
k 8 26 47
k 16 22 45
k 15 5 64
k 24 27 62
k 28 23 61
k 24 15 64
k 2 12 34
k 3 18 52
k 24 3 50
k 1 10 45
k 14 28 65
k 15 23 17
k 24 21 72
k 8 17 49
k 0 24 26
k 16 3 26
k 4 18 45
k 21 17 74
k 15 16 27
k 12 29 23
k 6 3 65
k 18 6 42
k 22 21 73
k 0 3 44
k 3 15 67
k 3 4 35
k 11 19 51
k 4 15 35
k 25 10 57
k 13 17 57
k 13 3 68
k 8 5 31
k 24 16 17
k 8 27 43
k 22 14 64
k 6 23 50
k 10 18 58
k 5 21 42
k 14 7 62
k 12 5 50
k 13 18 57
k 23 10 74
k 16 2 16
k 2 16 70
k 10 29 74
k 1 9 31
k 24 20 24
k 10 14 26
k 26 25 53
k 5 19 41
k 1 5 66
k 23 8 65
k 1 11 74
k 0 27 53
k 24 7 28
k 10 21 65
k 14 13 45
k 23 12 39
k 21 20 26
k 17 14 42
k 16 20 22
k 10 2 30
k 0 8 30
k 17 10 47
k 26 15 18
k 1 15 23
k 7 3 39
k 27 7 73
k 12 19 43
k 27 6 70
k 19 14 20
k 25 23 29
k 20 0 42
k 3 20 41
k 8 11 68
k 1 13 71
k 8 21 31
k 18 15 33
k 27 9 73
k 9 29 19
k 25 15 41
k 12 8 39
k 6 21 59
k 9 3 45
k 13 16 48
k 26 11 55
k 14 10 74
k 25 24 54
k 23 21 60
k 16 25 18
k 5 8 27
k 12 25 15
k 0 20 54
k 20 8 71
k 14 16 30
k 28 13 47
c
c source target cost capacity fixed
a 0 25 17 159 1102
a 0 10 5 125 603
a 0 22 3 109 1337
a 0 6 7 125 191
a 0 28 4 131 368
a 0 18 16 244 162
a 0 19 18 198 147
a 0 9 4 89 1396
a 0 11 8 78 397
a 0 13 9 152 162
a 0 16 3 266 456
a 0 21 7 186 1249
a 0 26 6 183 397
a 0 14 19 220 573
a 0 3 2 84 500
a 0 20 14 182 1175
a 0 8 3 157 999
a 0 1 18 200 970
a 0 23 14 100 1190
a 1 15 2 118 1366
a 1 21 15 247 1175
a 1 25 7 199 280
a 1 12 14 236 955
a 1 19 11 177 1396
a 1 14 9 178 1117
a 1 9 16 57 1175
a 1 13 8 168 896
a 1 20 7 104 221
a 1 2 11 97 1234
a 1 23 2 219 852
a 1 24 4 255 647
a 2 8 12 270 1352
a 2 24 10 265 1146
a 2 9 15 258 1161
a 2 7 12 176 1205
a 2 19 2 233 412
a 2 17 15 148 1366
a 2 16 19 202 1396
a 2 5 3 184 1396
a 2 21 4 79 676
a 2 0 14 101 735
a 2 15 18 209 559
a 2 29 19 207 147
a 2 4 18 56 940
a 2 20 4 238 1410
a 2 11 14 88 955
a 2 3 17 94 191
a 2 12 5 145 441
a 2 22 12 232 309
a 2 23 6 76 705
a 2 13 19 171 852
a 2 26 6 175 676
a 3 16 6 148 1293
a 3 9 19 138 1073
a 3 11 5 210 500
a 3 14 16 242 823
a 3 21 2 146 456
a 3 19 9 270 1352
a 3 13 12 182 324
a 3 6 12 251 1425
a 3 7 17 77 750
a 3 18 8 179 926
a 3 4 5 205 955
a 3 15 2 253 324
a 3 28 4 68 691
a 3 8 10 112 1161
a 3 10 9 138 412
a 3 26 4 206 852
a 3 25 6 264 632
a 3 2 6 174 1131
a 3 24 8 181 441
a 4 14 17 255 647
a 4 27 4 143 1352
a 4 16 11 56 896
a 4 24 10 223 852
a 4 19 5 94 985
a 4 10 13 131 265
a 4 21 9 122 1029
a 4 18 2 246 1073
a 4 7 11 80 191
a 4 6 4 146 294
a 4 2 14 72 1058
a 4 8 19 151 470
a 4 13 16 129 1220
a 4 26 5 222 911
a 4 11 15 152 764
a 4 15 10 164 191
a 4 9 10 259 515
a 4 23 19 117 235
a 4 29 8 79 838
a 5 21 10 126 1352
a 5 10 13 257 162
a 5 4 2 93 485
a 5 8 11 130 147
a 5 24 19 82 1175
a 5 20 16 234 147
a 5 3 2 264 221
a 5 25 14 82 1425
a 5 18 2 211 353
a 5 11 18 139 926
a 5 9 5 119 779
a 5 12 17 177 750
a 5 17 13 142 750
a 5 13 3 218 617
a 5 0 4 141 1293
a 5 2 19 235 456
a 5 6 13 211 617
a 5 23 11 164 265
a 6 18 17 91 1410
a 6 21 7 212 529
a 6 16 3 71 955
a 6 26 5 122 559
a 6 13 2 138 1440
a 6 15 2 173 573
a 6 8 16 182 926
a 6 10 12 153 1308
a 6 9 7 85 1366
a 6 22 7 212 1278
a 6 7 10 269 191
a 6 20 17 78 1014
a 7 28 17 195 147
a 7 4 4 118 529
a 7 19 15 69 441
a 7 8 19 88 1322
a 7 16 13 121 353
a 7 3 11 64 691
a 7 29 15 106 838
a 7 9 8 100 705
a 7 23 13 225 1322
a 7 18 18 120 1146
a 7 11 13 197 750
a 7 20 2 58 896
a 7 21 11 80 221
a 7 10 6 142 779
a 7 14 17 63 735
a 7 17 6 120 940
a 7 0 5 163 280
a 7 5 12 265 529
a 7 25 8 228 1220
a 7 24 19 83 764
a 7 26 18 92 1190
a 8 19 19 215 1455
a 8 25 14 125 544
a 8 3 6 207 764
a 8 9 6 222 544
a 8 13 19 144 882
a 8 21 19 70 368
a 8 12 11 137 191
a 8 17 15 98 632
a 8 5 13 97 221
a 8 18 14 114 1073
a 8 10 19 79 1322
a 8 14 14 129 955
a 8 26 13 223 896
a 8 4 7 189 999
a 8 28 17 173 1161
a 8 2 6 203 676
a 8 29 19 57 1220
a 8 27 12 239 1337
a 8 16 10 184 1322
a 8 20 3 123 985
a 8 7 2 215 1455
a 9 3 5 69 412
a 9 25 11 99 632
a 9 8 14 259 1293
a 9 23 6 234 1381
a 9 28 2 270 485
a 9 10 10 248 1190
a 9 26 3 128 764
a 9 0 15 173 705
a 9 15 15 113 1455
a 9 18 3 138 353
a 9 14 6 133 515
a 9 20 18 253 926
a 9 2 18 133 750
a 9 11 6 264 632
a 9 22 19 153 529
a 9 7 8 263 573
a 9 29 5 226 720
a 9 21 9 269 206
a 9 4 7 162 926
a 9 19 5 119 1234
a 9 12 8 64 324
a 9 16 2 69 1278
a 9 13 19 211 485
a 9 6 13 163 1205
a 9 5 14 186 1029
a 9 17 8 190 705
a 9 27 6 138 250
a 10 23 13 135 617
a 10 6 12 228 368
a 10 28 5 95 705
a 10 25 16 134 338
a 10 22 7 191 1366
a 10 8 11 95 1278
a 10 14 18 128 823
a 10 21 7 181 1043
a 10 11 18 175 368
a 10 7 15 157 235
a 10 0 7 121 1043
a 10 20 10 218 1440
a 10 4 17 153 397
a 10 19 3 159 1278
a 10 24 12 99 529
a 11 17 19 177 676
a 11 22 3 176 867
a 11 15 9 248 1146
a 11 0 11 202 750
a 11 6 5 124 1381
a 11 10 8 268 294
a 11 14 9 224 1278
a 11 13 9 174 338
a 11 21 18 260 1249
a 11 18 5 143 338
a 11 29 9 237 970
a 11 26 8 83 1014
a 11 24 15 171 1029
a 11 7 11 173 324
a 11 16 6 169 412
a 11 19 7 160 852
a 12 20 19 57 1073
a 12 17 5 186 235
a 12 5 8 217 940
a 12 3 11 142 456
a 12 18 13 227 1308
a 12 25 11 70 544
a 12 23 7 80 882
a 12 21 3 226 147
a 12 14 19 110 632
a 12 0 19 86 324
a 12 19 4 254 852
a 12 28 8 210 676
a 12 6 3 103 940
a 12 27 8 130 1205
a 12 29 18 144 1366
a 12 22 14 130 1190
a 12 13 9 240 1322
a 12 10 10 253 324
a 12 16 14 155 1102
a 12 8 12 193 838
a 13 2 7 99 368
a 13 24 12 132 676
a 13 4 9 97 1322
a 13 9 5 145 1058
a 13 0 9 130 235
a 13 16 10 70 1102
a 13 22 8 66 750
a 13 7 19 198 1455
a 13 12 12 131 500
a 13 21 12 99 1455
a 13 29 16 270 1058
a 13 25 7 269 1220
a 13 1 17 190 412
a 13 17 18 164 1396
a 13 3 15 94 426
a 13 23 9 82 309
a 13 26 11 143 838
a 13 28 9 178 1117
a 13 15 13 195 1190
a 13 11 4 129 1102
a 13 8 7 135 1425
a 13 20 15 225 588
a 14 12 13 94 485
a 14 17 9 241 852
a 14 3 5 209 1190
a 14 13 14 129 1278
a 14 22 11 203 441
a 14 21 17 174 1440
a 14 8 18 225 1190
a 14 19 3 180 456
a 14 15 4 109 1029
a 14 26 17 92 999
a 14 28 16 194 1337
a 14 7 12 212 441
a 14 24 16 90 750
a 15 28 19 118 338
a 15 13 17 151 382
a 15 8 6 198 867
a 15 17 5 212 1043
a 15 6 11 85 750
a 15 3 11 206 705
a 15 29 16 60 265
a 15 10 8 233 720
a 15 25 17 190 1029
a 15 9 7 128 1410
a 15 2 4 73 647
a 15 27 9 177 896
a 15 19 16 109 353
a 15 16 9 165 324
a 15 12 17 87 823
a 15 4 12 111 867
a 15 11 12 158 1175
a 15 22 12 61 559
a 15 20 19 98 1220
a 15 24 4 77 808
a 16 20 15 224 940
a 16 1 16 73 397
a 16 25 19 122 1337
a 16 26 3 242 1293
a 16 13 3 63 1117
a 16 9 2 171 926
a 16 11 18 220 1087
a 16 3 10 71 1161
a 16 18 6 146 896
a 16 12 14 84 1043
a 16 14 2 260 573
a 16 5 16 140 1249
a 16 10 7 157 1308
a 16 7 17 135 676
a 16 27 11 253 1146
a 16 22 16 215 250
a 16 2 13 140 470
a 16 28 8 184 1249
a 16 8 10 102 235
a 16 21 17 183 1440
a 17 23 12 66 265
a 17 24 6 224 1425
a 17 8 17 207 603
a 17 12 7 140 1058
a 17 0 14 115 368
a 17 15 5 177 705
a 17 22 3 79 896
a 17 26 12 168 1366
a 17 29 13 86 588
a 17 5 6 164 1205
a 17 3 3 203 764
a 17 25 3 140 1337
a 17 1 8 246 1102
a 17 20 18 160 250
a 18 7 9 194 235
a 18 5 13 72 1308
a 18 12 13 97 309
a 18 19 4 77 1073
a 18 8 16 251 1146
a 18 2 2 82 1264
a 18 9 17 88 926
a 18 13 5 228 999
a 18 0 12 163 1146
a 18 1 13 119 1396
a 18 16 7 266 647
a 18 15 13 102 1337
a 18 28 7 204 911
a 18 22 3 166 368
a 18 25 13 84 456
a 19 22 19 126 1205
a 19 26 15 93 1087
a 19 3 9 130 985
a 19 2 18 74 632
a 19 18 4 132 382
a 19 20 14 89 544
a 19 16 16 240 1249
a 19 23 13 83 1205
a 19 9 6 74 1073
a 19 10 12 169 808
a 19 0 17 226 911
a 19 15 19 185 338
a 20 24 17 100 1366
a 20 8 4 108 485
a 20 23 4 213 647
a 20 19 9 191 485
a 20 15 10 252 691
a 20 12 8 233 1455
a 20 22 9 160 191
a 20 25 7 194 705
a 20 4 19 126 926
a 20 26 15 130 1337
a 20 10 18 205 955
a 20 9 17 246 397
a 20 21 8 109 808
a 21 7 8 202 911
a 21 19 10 67 852
a 21 2 5 73 691
a 21 23 15 66 353
a 21 13 5 112 1205
a 21 8 8 198 412
a 21 5 7 117 999
a 21 4 2 68 1102
a 21 1 17 180 1308
a 21 29 5 114 1190
a 21 14 3 216 1058
a 21 11 18 208 294
a 21 9 4 138 1337
a 21 18 8 108 309
a 21 6 13 119 735
a 21 28 19 58 1073
a 21 26 6 165 426
a 21 22 19 99 970
a 22 17 15 228 485
a 22 7 16 65 985
a 22 26 19 123 544
a 22 13 12 169 1175
a 22 16 2 129 573
a 22 2 18 223 1264
a 22 27 11 78 1308
a 22 19 11 176 647
a 22 0 7 160 1073
a 22 18 2 158 265
a 22 23 4 115 794
a 22 8 5 262 926
a 22 20 18 158 794
a 22 9 2 107 1352
a 22 5 6 261 265
a 22 25 6 185 1293
a 23 7 3 90 1205
a 23 16 6 123 559
a 23 3 11 132 250
a 23 20 12 239 500
a 23 13 10 159 1102
a 23 11 7 239 1337
a 23 4 16 265 280
a 23 14 10 68 1396
a 23 12 6 173 324
a 23 10 16 155 368
a 23 24 13 162 397
a 23 5 11 96 500
a 23 27 11 135 426
a 23 22 13 256 720
a 23 18 16 114 1117
a 23 1 7 99 500
a 23 0 7 229 1366
a 23 6 17 138 1264
a 23 19 9 252 808
a 23 28 12 151 412
a 24 8 6 88 764
a 24 11 13 176 705
a 24 28 17 56 412
a 24 18 2 183 1175
a 24 9 13 60 852
a 24 16 10 56 1337
a 24 10 13 163 250
a 24 12 3 99 147
a 24 17 4 109 750
a 24 2 13 236 412
a 24 23 7 102 426
a 24 6 15 204 147
a 24 1 15 264 1131
a 24 25 17 116 441
a 24 14 9 98 999
a 24 22 3 89 338
a 24 15 4 206 456
a 25 5 5 235 1190
a 25 7 5 196 632
a 25 13 13 77 412
a 25 10 4 84 1440
a 25 9 11 85 999
a 25 21 18 241 441
a 25 8 7 131 764
a 25 23 8 119 324
a 25 16 6 202 588
a 25 6 19 202 353
a 25 3 15 90 265
a 25 27 13 268 588
a 25 29 9 142 1234
a 25 18 11 104 1264
a 25 22 2 182 324
a 25 26 19 181 221
a 25 0 15 229 926
a 25 24 7 139 896
a 25 11 12 250 985
a 25 2 11 66 603
a 25 19 16 234 441
a 25 15 15 246 1205
a 26 8 15 251 661
a 26 14 6 87 1366
a 26 5 8 174 500
a 26 27 14 112 691
a 26 17 10 64 1249
a 26 23 18 244 1425
a 26 12 16 256 750
a 26 0 2 131 1264
a 26 19 14 249 485
a 26 9 10 190 162
a 26 2 12 202 1440
a 26 25 7 82 1087
a 26 29 18 182 441
a 26 7 13 181 309
a 26 4 14 71 955
a 26 18 14 157 896
a 26 20 6 268 632
a 26 6 9 236 265
a 26 11 17 198 661
a 26 22 4 147 1014
a 26 24 16 57 1087
a 26 28 8 253 1029
a 26 3 14 180 441
a 26 1 18 108 1455
a 26 15 11 75 1161
a 27 1 10 88 191
a 27 4 5 259 940
a 27 12 16 237 1131
a 27 16 14 183 397
a 27 2 7 157 1102
a 27 3 4 181 456
a 27 29 6 129 221
a 27 17 9 260 617
a 27 7 3 238 985
a 28 5 7 58 882
a 28 13 5 68 985
a 28 11 15 103 147
a 28 29 15 68 470
a 28 7 4 84 338
a 28 16 13 99 750
a 29 19 9 101 147
a 29 20 15 142 1161
a 29 24 15 205 573
a 29 23 7 100 162
a 29 0 7 131 1396
a 29 14 12 183 500
a 29 13 4 100 573
a 29 15 19 73 221
a 29 25 15 226 235
a 29 18 11 150 309
a 29 10 7 64 559
a 29 11 10 77 573
a 29 2 6 264 559
a 29 26 16 143 647
a 29 6 13 63 294
