c fixed charge multi commodity flow
c
c problem vertices edges commodities
p fcmcf 30 520 400
c
c origin destination demand
k 23 0 44
k 14 19 27
k 9 25 31
k 8 15 73
k 20 21 71
k 17 10 46
k 5 4 41
k 8 13 21
k 29 3 64
k 7 28 46
k 18 29 70
k 22 28 68
k 15 14 74
k 21 25 19
k 13 5 18
k 24 6 64
k 17 16 31
k 10 14 27
k 9 29 43
k 6 24 40
k 4 19 64
k 22 11 35
k 21 24 72
k 21 7 30
k 7 3 53
k 25 15 18
k 0 10 55
k 25 17 51
k 15 2 31
k 4 3 25
k 26 28 24
k 22 29 32
k 11 8 63
k 13 12 69
k 19 16 56
k 28 18 67
k 19 2 69
k 25 1 56
k 25 21 37
k 4 21 53
k 15 3 16
k 2 29 69
k 5 29 48
k 13 15 73
k 7 15 56
k 14 27 24
k 1 22 62
k 16 1 65
k 23 19 57
k 24 12 60
k 26 2 61
k 6 16 71
k 19 17 73
k 10 13 47
k 13 9 18
k 24 5 72
k 9 18 19
k 21 14 34
k 8 12 56
k 15 25 20
k 27 19 20
k 11 10 15
k 14 2 37
k 11 16 41
k 7 5 73
k 13 3 23
k 19 18 69
k 23 21 35
k 27 18 50
k 4 24 28
k 19 9 57
k 16 20 19
k 20 2 32
k 13 10 56
k 14 17 28
k 17 7 41
k 1 3 35
k 16 28 56
k 6 29 46
k 14 8 26
k 21 26 67
k 26 15 32
k 16 0 40
k 11 20 64
k 8 3 15
k 20 7 24
k 22 24 69
k 21 20 15
k 17 3 53
k 15 10 27
k 1 10 16
k 25 29 37
k 11 15 32
k 24 17 51
k 25 22 24
k 18 13 69
k 18 14 74
k 18 20 19
k 27 29 23
k 21 29 72
k 12 2 39
k 27 16 45
k 17 21 37
k 23 13 56
k 3 18 39
k 1 11 30
k 16 24 18
k 25 20 35
k 28 23 54
k 25 23 17
k 20 0 35
k 14 24 19
k 0 29 70
k 20 16 39
k 28 21 46
k 15 16 62
k 11 23 21
k 3 12 20
k 4 17 49
k 0 1 16
k 4 7 61
k 14 9 44
k 11 7 51
k 18 23 38
k 22 23 49
k 15 28 50
k 2 25 50
k 2 3 74
k 2 5 51
k 3 23 52
k 18 6 20
k 28 19 57
k 25 13 25
k 2 26 56
k 12 24 53
k 21 13 30
k 12 19 44
k 20 10 25
k 11 28 51
k 8 18 18
k 9 5 73
k 8 2 74
k 4 16 29
k 29 24 22
k 19 10 22
k 6 26 45
k 27 26 70
k 26 24 25
k 21 3 26
k 11 14 60
k 2 14 58
k 21 1 54
k 18 4 16
k 4 13 23
k 29 20 35
k 11 2 38
k 25 8 37
k 4 0 36
k 15 20 17
k 7 0 33
k 1 19 55
k 19 14 62
k 13 18 69
k 2 1 52
k 21 10 69
k 29 13 20
k 2 15 22
k 8 16 48
k 24 29 17
k 26 21 42
k 15 11 30
k 0 19 39
k 26 18 25
k 29 8 46
k 5 10 29
k 5 3 30
k 21 27 65
k 8 14 37
k 27 5 25
k 14 3 72
k 13 1 35
k 18 2 61
k 15 27 71
k 20 8 25
k 13 25 40
k 17 8 50
k 14 13 32
k 21 28 28
k 8 11 19
k 9 14 47
k 21 2 36
k 15 1 50
k 29 5 50
k 23 5 68
k 25 6 21
k 11 4 69
k 25 16 36
k 21 0 66
k 21 5 44
k 11 1 30
k 1 14 33
k 22 8 19
k 15 0 31
k 10 18 21
k 21 8 41
k 4 2 38
k 18 17 73
k 5 25 36
k 9 1 20
k 5 23 44
k 5 7 74
k 3 8 36
k 27 22 61
k 19 28 43
k 3 25 50
k 20 24 20
k 11 0 28
k 23 1 37
k 10 25 71
k 15 17 38
k 22 3 28
k 15 9 55
k 13 4 30
k 11 17 72
k 2 16 70
k 18 0 41
k 15 29 69
k 8 10 21
k 16 27 28
k 9 17 36
k 18 16 23
k 2 8 31
k 19 15 23
k 10 9 54
k 2 9 31
k 18 26 74
k 18 21 36
k 1 4 29
k 10 26 18
k 20 4 69
k 5 14 65
k 17 15 60
k 28 11 52
k 20 1 33
k 29 22 44
k 13 8 73
k 0 2 48
k 1 23 62
k 28 0 34
k 27 25 50
k 28 13 42
k 19 27 56
k 11 13 39
k 2 19 34
k 19 3 32
k 24 25 65
k 3 0 63
k 20 19 40
k 2 27 73
k 27 4 37
k 27 3 34
k 29 26 50
k 5 26 29
k 16 9 74
k 16 14 32
k 5 17 40
k 26 4 20
k 26 17 17
k 23 28 41
k 2 17 46
k 9 22 70
k 12 3 17
k 8 7 54
k 9 23 20
k 4 23 56
k 7 24 28
k 13 19 26
k 2 0 51
k 14 11 63
k 11 6 62
k 18 28 37
k 24 10 40
k 15 19 16
k 24 14 70
k 21 15 71
k 11 12 33
k 1 6 60
k 9 8 70
k 5 15 41
k 21 12 39
k 17 29 46
k 20 17 36
k 10 16 37
k 16 6 59
k 1 15 50
k 19 0 52
k 23 7 67
k 25 26 57
k 17 11 64
k 27 21 46
k 0 6 64
k 9 10 55
k 9 3 25
k 0 12 54
k 1 16 74
k 2 24 30
k 9 2 43
k 2 6 37
k 12 8 57
k 12 21 20
k 20 22 36
k 8 6 53
k 1 26 20
k 17 13 68
k 17 28 48
k 15 5 27
k 2 12 58
k 18 11 53
k 11 26 23
k 18 24 66
k 25 4 60
k 9 21 26
k 6 22 50
k 12 6 69
k 1 13 15
k 4 1 28
k 20 29 56
k 2 18 49
k 5 20 44
k 1 8 36
k 19 13 36
k 17 23 61
k 27 2 38
k 15 18 70
k 17 26 51
k 18 5 67
k 27 6 47
k 14 0 74
k 8 21 52
k 14 10 33
k 28 16 61
k 6 15 53
k 29 4 46
k 2 13 22
k 6 7 36
k 22 10 26
k 3 24 35
k 14 29 42
k 24 15 68
k 28 8 38
k 6 20 54
k 28 9 58
k 0 15 15
k 24 21 42
k 21 18 20
k 29 16 27
k 25 5 72
k 21 11 22
k 17 6 29
k 26 27 71
k 15 4 42
k 24 9 30
k 12 22 60
k 4 22 20
k 6 4 62
k 29 2 23
k 14 18 65
k 18 27 30
k 6 17 68
k 26 5 25
k 18 10 22
k 8 20 40
k 2 10 33
k 6 1 35
k 19 5 20
k 13 21 44
k 8 23 65
k 5 24 32
k 25 2 55
k 27 1 47
k 0 26 46
k 19 22 27
k 23 16 25
k 6 18 31
k 23 11 56
k 6 25 40
k 7 29 57
k 24 22 59
k 7 17 58
k 26 13 22
k 17 14 71
k 5 27 46
k 24 8 48
k 28 2 68
k 26 9 36
k 23 22 59
k 21 6 38
k 14 16 24
k 2 21 21
k 5 8 68
c
c source target cost capacity fixed
a 0 13 2 464 1431
a 0 15 6 490 373
a 0 3 8 181 358
a 0 16 9 267 909
a 0 29 6 595 492
a 0 23 7 496 1118
a 0 11 6 430 895
a 0 28 3 232 701
a 0 20 4 206 1267
a 0 9 4 452 641
a 0 8 7 452 1148
a 0 24 5 593 507
a 0 10 8 550 626
a 0 12 8 417 790
a 0 5 6 702 1327
a 0 4 5 242 880
a 0 17 9 461 731
a 1 17 4 401 150
a 1 19 8 651 1476
a 1 25 1 207 1312
a 1 22 8 623 954
a 1 11 6 149 1133
a 1 3 5 552 1178
a 1 14 5 477 403
a 1 29 9 458 760
a 1 9 9 615 269
a 1 13 4 554 701
a 1 20 9 409 850
a 1 10 9 285 1178
a 1 8 2 245 492
a 1 27 4 175 835
a 1 4 4 606 1371
a 2 9 7 710 1431
a 2 8 5 225 522
a 2 3 3 357 656
a 2 18 8 339 880
a 2 26 9 447 209
a 2 1 7 578 492
a 2 16 2 172 820
a 2 11 1 323 865
a 2 27 8 285 1058
a 2 10 6 547 388
a 2 25 2 603 1356
a 2 6 6 642 239
a 3 25 9 289 1267
a 3 12 2 628 1178
a 3 28 3 431 656
a 3 29 1 220 194
a 3 5 2 698 537
a 3 9 6 241 1446
a 3 6 5 425 433
a 3 14 5 210 939
a 3 4 1 323 611
a 3 11 7 632 1252
a 3 19 5 250 462
a 3 27 9 201 656
a 3 0 7 629 835
a 3 20 8 282 284
a 3 15 7 316 716
a 3 18 7 651 1416
a 3 22 3 323 626
a 3 16 5 532 150
a 4 26 2 289 269
a 4 12 2 679 1088
a 4 24 8 178 567
a 4 8 8 664 328
a 4 27 6 248 880
a 4 15 3 631 239
a 4 17 6 730 1401
a 4 2 8 335 1401
a 4 5 7 178 999
a 4 3 9 704 1401
a 4 22 6 628 656
a 4 21 7 179 686
a 4 0 2 509 790
a 4 13 1 304 507
a 4 23 5 546 1029
a 4 28 8 591 1118
a 4 20 7 543 477
a 4 10 6 406 150
a 4 11 4 365 820
a 4 7 8 658 1446
a 4 29 8 346 1356
a 5 29 4 245 1148
a 5 12 1 159 865
a 5 16 5 150 418
a 5 11 9 364 388
a 5 10 1 566 418
a 5 24 7 730 1222
a 5 7 5 647 150
a 5 9 2 553 1431
a 5 14 6 730 880
a 5 27 6 553 567
a 5 26 7 354 1133
a 5 17 8 417 433
a 5 19 9 204 790
a 5 4 1 197 194
a 5 22 6 313 731
a 5 1 5 553 671
a 5 18 4 362 209
a 5 28 2 255 1401
a 5 0 3 568 1282
a 5 20 5 222 1148
a 5 2 4 661 1058
a 5 8 1 562 805
a 5 6 3 255 1014
a 6 4 5 289 462
a 6 1 5 464 1461
a 6 5 1 382 1148
a 6 15 8 402 403
a 6 3 8 365 984
a 6 28 2 720 448
a 6 2 2 474 239
a 6 21 6 316 954
a 6 22 2 458 731
a 6 7 5 153 522
a 6 27 9 727 209
a 6 10 9 573 552
a 6 20 7 226 403
a 6 14 3 528 492
a 6 18 1 625 269
a 6 23 3 722 1133
a 6 13 5 349 448
a 6 24 8 156 343
a 6 29 5 395 984
a 6 25 2 323 239
a 7 10 4 234 1163
a 7 12 5 675 820
a 7 22 4 484 343
a 7 4 1 549 1342
a 7 20 6 220 671
a 7 16 6 379 1297
a 7 0 8 393 164
a 7 11 6 418 1342
a 7 14 2 382 865
a 7 1 5 609 418
a 7 21 6 402 507
a 7 26 8 335 895
a 7 19 8 666 641
a 7 2 4 324 284
a 8 2 9 641 835
a 8 25 9 720 1103
a 8 18 7 368 194
a 8 9 2 433 1178
a 8 16 7 175 388
a 8 10 4 484 358
a 8 5 3 572 775
a 8 13 1 710 1267
a 8 11 6 556 448
a 8 14 9 436 1058
a 8 12 3 409 775
a 8 29 5 340 209
a 8 6 9 461 597
a 8 22 2 250 686
a 8 19 3 601 611
a 9 7 2 509 299
a 9 20 5 713 1401
a 9 19 4 610 1446
a 9 26 1 471 865
a 9 29 9 292 835
a 9 4 7 203 597
a 9 23 5 207 462
a 9 17 8 251 299
a 9 27 4 157 954
a 9 10 5 418 284
a 9 24 8 553 239
a 9 21 5 648 224
a 9 2 8 266 597
a 9 15 8 310 1193
a 9 11 9 190 954
a 10 12 2 298 1282
a 10 2 9 528 313
a 10 1 4 301 462
a 10 11 5 714 239
a 10 6 7 250 1237
a 10 4 4 355 924
a 10 7 2 308 656
a 10 0 9 581 760
a 10 25 3 510 150
a 10 13 1 584 984
a 10 27 3 631 1386
a 10 20 5 506 522
a 10 17 5 483 1267
a 10 19 9 273 239
a 10 21 9 620 1178
a 10 28 2 254 358
a 10 16 8 698 701
a 10 9 7 631 1252
a 10 8 7 283 1312
a 10 23 4 704 313
a 11 3 4 453 433
a 11 25 2 379 984
a 11 4 2 402 1044
a 11 6 2 556 269
a 11 14 9 467 835
a 11 9 6 377 969
a 11 20 6 420 1118
a 11 0 2 475 969
a 11 15 3 154 1193
a 11 10 5 566 284
a 11 1 4 651 924
a 11 2 2 192 954
a 11 18 3 289 403
a 11 28 7 714 895
a 11 22 2 159 269
a 11 5 4 603 567
a 11 21 8 527 1058
a 11 13 9 651 239
a 11 26 4 439 671
a 11 16 9 615 671
a 12 26 5 607 746
a 12 1 4 390 492
a 12 4 5 367 1207
a 12 13 2 695 1446
a 12 22 2 292 552
a 12 6 3 447 1133
a 12 9 4 226 164
a 12 15 3 417 299
a 12 14 4 537 954
a 12 5 9 370 716
a 12 24 2 449 790
a 12 17 9 549 1342
a 12 10 6 704 760
a 13 10 7 307 358
a 13 4 3 191 254
a 13 12 7 481 1386
a 13 0 7 289 1073
a 13 2 4 600 835
a 13 27 1 225 209
a 13 15 4 204 909
a 13 24 8 433 924
a 13 25 2 162 1103
a 13 9 6 286 299
a 13 26 1 513 1461
a 13 28 3 420 1371
a 13 14 7 149 1312
a 13 21 8 179 1356
a 13 8 4 289 1222
a 13 7 5 229 686
a 13 20 8 639 1237
a 13 6 9 433 984
a 13 3 1 502 164
a 13 11 5 412 746
a 14 22 5 276 656
a 14 26 3 595 1312
a 14 24 4 280 820
a 14 0 5 239 1118
a 14 21 5 474 1058
a 14 8 7 509 582
a 14 3 9 610 1416
a 14 25 3 326 939
a 14 18 9 355 477
a 14 20 7 336 254
a 14 19 7 689 448
a 14 10 8 338 507
a 14 12 9 462 954
a 14 23 3 658 731
a 14 16 1 683 224
a 14 27 6 579 448
a 14 4 2 544 850
a 14 6 4 379 597
a 14 1 9 417 507
a 14 9 4 480 567
a 14 5 7 534 373
a 14 28 1 720 1073
a 15 23 9 336 313
a 15 25 1 519 1133
a 15 29 5 637 1163
a 15 27 8 428 522
a 15 26 4 343 1029
a 15 2 5 635 1014
a 15 10 8 338 239
a 15 24 9 286 1014
a 15 3 1 676 1431
a 15 8 6 701 1282
a 15 19 1 612 462
a 15 18 4 258 1073
a 15 9 3 458 313
a 15 7 4 387 1476
a 15 14 7 716 522
a 15 16 6 635 552
a 16 26 6 673 1252
a 16 18 1 172 716
a 16 14 5 423 775
a 16 23 1 266 1044
a 16 13 8 588 1222
a 16 3 5 351 611
a 16 9 2 505 820
a 16 8 8 349 254
a 16 6 8 673 239
a 16 10 9 518 820
a 17 9 6 575 224
a 17 16 9 184 984
a 17 15 9 232 1476
a 17 25 4 354 522
a 17 27 6 474 895
a 17 28 3 299 433
a 17 8 1 198 775
a 17 4 4 332 1163
a 17 11 5 494 567
a 17 10 7 503 909
a 17 0 1 191 984
a 17 19 1 534 1103
a 17 18 7 695 775
a 17 23 4 207 895
a 18 3 1 264 522
a 18 8 3 606 850
a 18 21 5 510 209
a 18 14 2 450 746
a 18 5 4 697 999
a 18 17 3 147 775
a 18 2 4 660 1103
a 18 25 5 483 969
a 18 20 6 194 1193
a 18 10 7 566 462
a 18 27 1 175 1178
a 18 19 7 493 671
a 18 26 3 626 343
a 18 0 5 447 1088
a 18 16 6 206 537
a 18 28 8 704 343
a 18 22 2 445 1029
a 18 24 8 415 1327
a 19 12 7 241 850
a 19 21 2 194 1118
a 19 17 5 512 760
a 19 3 3 286 1371
a 19 10 6 582 1446
a 19 9 1 414 462
a 19 11 2 670 492
a 19 24 2 314 1431
a 19 18 2 727 284
a 19 23 5 483 880
a 19 25 5 269 1118
a 19 5 7 670 731
a 19 26 7 222 746
a 19 20 6 673 313
a 19 29 7 163 179
a 19 6 3 204 299
a 19 28 6 623 1029
a 20 13 9 719 1148
a 20 1 9 282 537
a 20 29 8 619 1356
a 20 9 8 437 626
a 20 11 7 497 299
a 20 19 2 616 1327
a 20 24 8 678 1073
a 20 8 2 553 1401
a 20 27 6 307 686
a 20 23 6 267 1297
a 20 0 8 393 597
a 20 15 1 697 507
a 20 4 8 670 984
a 20 22 5 585 1044
a 21 22 9 685 716
a 21 2 2 609 433
a 21 0 3 255 1014
a 21 13 4 234 1073
a 21 27 9 464 1148
a 21 29 5 540 880
a 21 9 5 244 1118
a 21 14 4 724 1386
a 21 18 4 483 1222
a 21 23 4 595 284
a 21 12 1 390 1133
a 21 17 3 417 209
a 21 6 3 452 254
a 21 15 7 436 835
a 21 3 1 528 224
a 21 5 9 383 984
a 21 24 5 519 1014
a 21 20 4 562 999
a 21 1 6 467 701
a 21 26 1 642 746
a 22 10 5 678 1163
a 22 25 4 332 850
a 22 15 4 622 1118
a 22 11 6 569 1103
a 22 29 8 556 1356
a 22 21 3 273 1029
a 22 17 7 689 1252
a 22 8 8 647 999
a 22 1 1 527 909
a 22 3 5 228 164
a 22 2 1 292 939
a 22 18 7 335 224
a 22 26 3 702 1148
a 22 6 2 442 1327
a 22 9 1 600 850
a 22 20 1 537 1327
a 23 15 3 730 1476
a 23 13 6 175 820
a 23 25 2 376 1118
a 23 27 5 239 939
a 23 19 6 663 209
a 23 5 1 722 552
a 23 21 6 302 775
a 23 12 7 660 1461
a 23 11 3 442 343
a 23 8 3 389 299
a 23 24 4 257 1029
a 23 18 9 424 1237
a 23 7 4 258 746
a 23 22 4 698 1058
a 23 0 1 173 1356
a 23 16 5 301 1461
a 23 14 7 415 686
a 24 14 4 165 209
a 24 6 7 348 507
a 24 10 5 522 1133
a 24 27 4 527 1371
a 24 3 8 194 1386
a 24 5 3 669 582
a 24 12 4 179 164
a 24 22 4 447 194
a 24 8 7 512 1133
a 24 28 4 332 1282
a 24 15 8 203 194
a 24 23 2 496 522
a 24 0 8 241 254
a 24 29 6 719 254
a 24 26 4 587 1476
a 24 9 2 291 686
a 24 16 2 228 343
a 24 7 1 367 269
a 24 18 1 587 1207
a 24 25 3 537 954
a 24 13 8 182 716
a 24 2 6 638 954
a 25 6 3 566 284
a 25 11 6 720 716
a 25 28 1 319 179
a 25 17 6 185 448
a 25 1 9 433 1193
a 25 23 6 411 567
a 25 15 8 619 1193
a 25 16 5 692 299
a 25 3 3 565 1014
a 25 0 7 238 820
a 25 24 3 436 552
a 25 5 2 601 522
a 25 21 6 499 969
a 25 20 4 506 939
a 25 27 8 730 1312
a 25 26 2 661 1178
a 25 10 7 212 1356
a 25 2 2 673 1327
a 26 21 1 700 954
a 26 2 7 510 909
a 26 24 6 417 224
a 26 1 3 382 939
a 26 15 8 415 179
a 26 12 5 638 1297
a 26 14 1 661 731
a 26 25 7 238 880
a 26 29 4 286 1342
a 26 18 6 508 239
a 26 11 2 173 790
a 26 13 9 714 1356
a 26 6 7 540 701
a 26 9 4 275 656
a 26 4 2 481 1446
a 26 10 2 667 552
a 26 5 8 275 507
a 26 7 1 431 716
a 26 22 6 377 343
a 26 19 3 537 731
a 26 23 9 610 1237
a 26 27 4 474 552
a 27 23 7 213 716
a 27 25 7 546 760
a 27 18 8 228 1431
a 27 21 7 537 1088
a 27 4 3 714 1267
a 27 11 7 571 1476
a 27 16 5 634 1476
a 27 26 8 424 1014
a 27 13 2 311 388
a 27 12 8 490 1401
a 27 8 3 333 671
a 27 3 6 600 418
a 27 2 3 468 150
a 27 1 4 154 746
a 27 6 2 528 850
a 27 5 7 219 746
a 27 29 2 280 686
a 27 20 9 568 671
a 27 17 6 423 895
a 27 24 4 629 760
a 27 0 4 288 477
a 28 23 2 434 1282
a 28 20 4 223 805
a 28 6 5 239 492
a 28 7 8 705 731
a 28 9 9 311 731
a 28 26 3 229 954
a 28 18 6 383 611
a 28 27 7 267 969
a 28 14 3 549 924
a 28 10 8 150 194
a 28 8 8 565 1282
a 28 0 8 260 567
a 28 24 5 425 701
a 28 13 8 534 537
a 29 12 5 395 1148
a 29 19 7 188 1148
a 29 8 6 440 150
a 29 24 7 475 299
a 29 4 1 241 1133
a 29 23 2 280 1461
a 29 6 4 176 1461
a 29 18 3 642 820
a 29 26 2 192 1297
a 29 10 8 541 224
a 29 11 2 187 1416
a 29 27 8 324 895
a 29 0 2 338 179
a 29 22 7 187 954
a 29 20 4 453 1193
a 29 2 2 231 388
