c fixed charge multi commodity flow
c
c problem vertices edges commodities
p fcmcf 30 680 100
c
c origin destination demand
k 25 8 23
k 12 3 68
k 3 4 54
k 6 24 59
k 14 22 27
k 10 28 64
k 0 3 22
k 18 25 42
k 0 14 27
k 8 17 51
k 15 17 26
k 19 24 24
k 13 0 42
k 0 13 58
k 13 22 31
k 0 6 55
k 25 13 71
k 8 15 74
k 29 4 37
k 12 21 73
k 8 6 66
k 10 18 41
k 9 15 69
k 17 9 39
k 14 28 50
k 7 11 67
k 9 6 59
k 27 21 44
k 11 1 38
k 12 18 32
k 11 25 54
k 14 18 66
k 27 12 51
k 12 6 41
k 23 28 62
k 19 22 61
k 25 24 66
k 6 12 28
k 16 3 27
k 7 19 31
k 1 12 46
k 13 2 32
k 1 5 16
k 9 24 35
k 27 29 66
k 0 16 34
k 10 1 33
k 9 21 23
k 19 16 19
k 11 27 47
k 11 17 39
k 25 18 54
k 23 9 56
k 24 9 68
k 5 3 47
k 20 6 18
k 10 21 60
k 29 15 49
k 23 5 25
k 8 18 30
k 17 24 53
k 25 19 20
k 18 17 30
k 25 23 53
k 16 0 40
k 24 6 37
k 13 10 46
k 28 4 50
k 10 19 67
k 27 2 54
k 14 6 32
k 24 26 73
k 13 20 17
k 13 5 54
k 15 20 21
k 19 28 45
k 27 4 30
k 3 20 68
k 6 21 33
k 20 9 37
k 20 29 62
k 18 0 35
k 21 8 31
k 25 12 59
k 0 18 15
k 4 24 16
k 11 21 73
k 6 4 37
k 17 14 53
k 18 16 61
k 12 4 56
k 13 16 29
k 16 11 31
k 13 8 57
k 10 3 37
k 15 8 21
k 21 28 22
k 14 16 59
k 20 26 69
k 11 28 73
c
c source target cost capacity fixed
a 0 10 8 281 188
a 0 20 13 284 340
a 0 4 8 149 331
a 0 9 19 304 282
a 0 26 17 215 107
a 0 28 17 145 303
a 0 21 14 123 368
a 0 15 11 191 335
a 0 1 15 268 107
a 0 17 12 284 168
a 0 14 13 283 237
a 0 11 5 323 58
a 0 23 11 326 364
a 0 24 7 311 315
a 0 22 5 250 384
a 0 13 11 351 233
a 0 2 8 96 323
a 0 7 4 181 397
a 0 12 17 288 397
a 0 5 16 236 327
a 0 27 15 116 192
a 0 6 7 241 135
a 0 3 18 204 335
a 0 16 6 240 192
a 0 25 17 181 389
a 0 18 8 208 405
a 0 29 19 157 323
a 0 8 4 232 389
a 1 20 18 76 291
a 1 14 11 235 303
a 1 28 11 359 397
a 1 24 15 259 360
a 1 4 4 230 335
a 1 16 17 129 262
a 1 21 16 291 180
a 1 9 16 242 192
a 1 3 6 293 188
a 1 29 12 227 319
a 1 23 12 184 393
a 1 0 5 161 197
a 1 7 7 329 368
a 1 26 3 315 66
a 1 19 19 122 119
a 1 10 19 237 331
a 1 5 13 109 172
a 1 22 18 126 148
a 1 13 19 175 266
a 2 29 14 121 70
a 2 11 12 337 66
a 2 18 8 260 192
a 2 13 4 348 103
a 2 27 19 179 188
a 2 7 15 306 270
a 2 8 17 349 286
a 2 1 9 88 397
a 2 24 17 137 364
a 2 14 15 308 70
a 2 22 2 200 348
a 2 3 16 96 66
a 2 9 11 82 254
a 2 28 14 99 327
a 2 20 17 302 58
a 2 25 7 265 156
a 2 5 10 178 282
a 2 16 19 278 172
a 2 10 2 189 270
a 2 23 4 135 299
a 2 12 19 280 217
a 2 19 15 217 86
a 2 17 11 268 340
a 2 15 11 234 331
a 2 26 2 332 119
a 2 21 7 168 62
a 2 4 13 228 303
a 2 6 6 269 115
a 2 0 9 355 250
a 3 18 3 361 348
a 3 13 13 192 348
a 3 12 16 344 340
a 3 11 19 223 384
a 3 10 11 131 74
a 3 15 15 168 184
a 3 2 14 358 364
a 3 29 18 283 115
a 3 20 4 268 311
a 3 1 10 187 50
a 3 8 2 229 315
a 3 7 12 187 364
a 3 26 12 140 156
a 3 19 9 317 307
a 3 25 16 177 397
a 3 4 3 262 331
a 3 21 11 271 123
a 3 17 11 317 246
a 3 5 13 170 225
a 3 28 5 117 303
a 3 9 18 299 176
a 3 16 3 274 360
a 3 14 16 129 376
a 3 24 7 218 123
a 3 27 19 247 258
a 3 22 9 122 352
a 3 6 2 186 107
a 4 20 18 309 331
a 4 28 18 143 62
a 4 10 17 226 319
a 4 21 15 256 221
a 4 26 19 342 291
a 4 7 4 308 172
a 4 0 9 315 233
a 4 16 17 146 168
a 4 14 3 357 405
a 4 8 10 188 205
a 4 18 7 268 352
a 4 2 9 105 213
a 4 27 10 256 295
a 4 24 19 281 229
a 4 17 16 101 364
a 4 9 16 258 217
a 4 19 2 161 197
a 4 1 8 120 405
a 4 15 14 337 192
a 4 3 8 272 74
a 4 6 10 121 405
a 4 29 9 91 209
a 4 5 17 156 143
a 4 12 8 225 58
a 4 11 15 107 58
a 4 22 15 193 131
a 4 13 19 237 368
a 4 25 9 102 225
a 4 23 10 340 295
a 5 3 6 194 99
a 5 29 17 329 282
a 5 28 18 344 123
a 5 22 16 117 270
a 5 19 6 221 192
a 5 13 6 233 384
a 5 11 17 167 143
a 5 10 6 260 82
a 5 20 19 325 291
a 5 24 8 171 152
a 5 1 11 256 54
a 5 23 8 88 111
a 5 18 9 211 188
a 5 26 3 164 368
a 5 4 8 85 127
a 5 7 7 262 327
a 5 27 6 370 229
a 5 12 14 284 270
a 5 6 17 83 152
a 5 15 6 76 156
a 5 17 8 265 45
a 5 21 19 269 286
a 5 2 10 76 315
a 5 16 6 265 188
a 5 25 4 291 156
a 5 9 9 247 311
a 6 22 16 249 176
a 6 3 2 207 115
a 6 19 10 86 82
a 6 26 8 127 331
a 6 28 4 354 250
a 6 15 16 347 246
a 6 16 12 287 143
a 6 13 14 197 291
a 6 21 3 265 164
a 6 0 19 286 356
a 6 9 19 120 168
a 6 14 5 180 291
a 6 12 11 257 209
a 6 1 18 203 307
a 6 4 9 105 221
a 6 2 15 337 143
a 6 7 10 345 111
a 6 23 2 317 278
a 6 17 8 88 148
a 6 29 16 309 90
a 6 24 9 134 131
a 6 20 6 326 397
a 6 25 12 109 278
a 6 27 15 361 184
a 7 5 16 228 340
a 7 13 14 128 205
a 7 10 9 160 90
a 7 21 4 154 380
a 7 2 8 288 115
a 7 12 6 135 397
a 7 0 12 313 62
a 7 3 13 93 405
a 7 22 14 183 340
a 7 14 5 274 66
a 7 1 4 205 139
a 7 20 7 331 131
a 7 19 17 185 344
a 7 17 11 210 103
a 7 18 12 183 311
a 7 27 2 250 176
a 7 26 7 103 225
a 7 9 17 245 242
a 7 23 13 204 401
a 7 8 19 276 160
a 7 16 4 349 360
a 7 24 10 322 246
a 7 11 10 222 131
a 7 4 15 104 139
a 7 29 5 309 278
a 7 28 7 176 389
a 8 12 12 235 99
a 8 19 19 320 82
a 8 16 9 337 156
a 8 26 18 226 242
a 8 25 4 218 254
a 8 24 11 120 364
a 8 6 7 118 311
a 8 22 14 359 335
a 8 4 13 349 41
a 8 18 3 245 286
a 8 29 2 274 205
a 8 13 9 299 237
a 8 3 12 238 176
a 8 14 6 179 50
a 8 23 9 340 168
a 8 9 11 328 103
a 8 15 2 332 356
a 8 5 14 137 66
a 9 1 15 239 335
a 9 5 7 325 393
a 9 17 6 136 384
a 9 8 9 103 131
a 9 25 6 81 311
a 9 2 16 146 340
a 9 3 4 311 66
a 9 27 11 256 217
a 9 6 3 321 123
a 9 29 10 335 99
a 9 23 15 160 205
a 9 10 11 186 160
a 9 15 2 335 360
a 9 4 8 288 393
a 9 18 7 326 148
a 9 13 2 268 119
a 9 21 13 96 311
a 9 0 2 84 291
a 10 7 5 303 229
a 10 24 14 172 331
a 10 28 16 117 327
a 10 14 7 294 111
a 10 5 6 264 397
a 10 3 14 152 405
a 10 20 7 75 107
a 10 6 15 210 99
a 10 27 18 307 58
a 10 17 6 157 258
a 10 4 19 247 282
a 10 22 17 326 246
a 10 9 11 350 237
a 11 1 15 123 99
a 11 21 17 267 70
a 11 25 8 222 340
a 11 3 14 361 229
a 11 29 6 352 299
a 11 19 8 88 70
a 11 18 6 226 66
a 11 0 7 360 99
a 11 13 3 209 143
a 11 8 19 137 311
a 11 4 19 210 360
a 11 22 13 127 307
a 11 27 5 343 205
a 11 14 13 252 389
a 11 12 18 274 127
a 11 28 16 131 41
a 11 15 16 256 384
a 11 23 8 244 229
a 11 24 2 114 213
a 11 17 14 352 348
a 11 9 18 275 197
a 11 10 17 193 127
a 11 26 2 273 237
a 11 20 13 352 331
a 12 26 13 80 99
a 12 14 13 271 90
a 12 17 18 194 376
a 12 2 11 146 217
a 12 13 16 367 233
a 12 16 19 147 160
a 12 18 15 96 401
a 12 1 6 81 315
a 12 24 2 114 184
a 12 8 4 352 107
a 12 23 12 170 213
a 12 7 19 352 368
a 12 27 14 183 180
a 12 25 7 166 168
a 12 20 11 82 331
a 12 29 18 265 135
a 12 15 11 340 380
a 12 11 8 265 54
a 12 28 13 118 111
a 12 5 10 334 90
a 12 9 14 128 380
a 12 0 12 311 131
a 13 18 8 260 213
a 13 4 12 342 266
a 13 11 18 257 119
a 13 0 15 341 323
a 13 17 2 301 115
a 13 2 19 90 135
a 13 15 10 146 139
a 13 26 19 96 225
a 13 29 13 255 295
a 13 9 5 303 327
a 13 20 6 163 356
a 13 3 15 198 315
a 13 19 6 210 352
a 13 23 3 324 201
a 13 22 9 100 254
a 13 5 8 327 258
a 13 28 17 223 90
a 13 1 19 349 180
a 14 7 19 334 184
a 14 20 7 79 393
a 14 17 16 331 315
a 14 5 16 109 401
a 14 3 3 255 352
a 14 13 9 86 50
a 14 28 14 137 160
a 14 18 15 126 254
a 14 11 3 139 107
a 14 1 3 311 152
a 14 27 10 259 372
a 14 23 6 165 315
a 14 8 10 287 107
a 14 25 7 99 148
a 14 22 18 250 221
a 14 16 3 149 327
a 14 15 17 337 164
a 14 10 14 114 307
a 14 9 16 106 168
a 14 2 13 160 209
a 14 0 10 253 127
a 14 12 14 352 278
a 14 29 19 311 258
a 14 21 14 198 107
a 14 19 11 137 86
a 15 24 13 204 258
a 15 22 4 141 323
a 15 8 5 81 323
a 15 3 5 296 66
a 15 4 6 154 209
a 15 26 12 207 70
a 15 0 17 209 282
a 15 28 18 360 123
a 15 5 4 102 364
a 15 17 8 332 107
a 15 18 8 315 242
a 15 13 6 241 344
a 15 7 18 198 58
a 15 14 6 152 246
a 15 2 17 287 262
a 15 27 13 101 327
a 15 19 3 213 139
a 15 21 17 182 380
a 15 12 13 116 327
a 15 6 12 345 86
a 15 29 13 321 201
a 16 20 15 124 335
a 16 0 8 162 143
a 16 3 19 265 180
a 16 9 13 322 197
a 16 13 4 317 139
a 16 5 3 355 123
a 16 7 16 317 401
a 16 2 13 218 266
a 16 12 12 277 103
a 16 21 6 137 270
a 16 19 3 343 82
a 16 22 16 303 221
a 16 14 3 243 221
a 16 6 8 359 323
a 16 15 4 271 348
a 16 28 3 320 352
a 16 17 10 300 180
a 16 26 19 228 344
a 16 18 6 268 393
a 16 4 12 201 41
a 16 23 14 85 184
a 16 27 13 159 237
a 16 11 7 359 262
a 16 8 16 238 111
a 16 10 6 288 344
a 16 1 10 166 111
a 17 29 16 306 176
a 17 19 8 361 389
a 17 10 2 329 282
a 17 21 18 218 139
a 17 15 5 302 233
a 17 9 17 253 384
a 17 23 13 88 270
a 17 0 14 188 180
a 17 12 3 322 307
a 17 27 14 260 401
a 17 20 14 201 344
a 17 24 12 300 168
a 17 14 10 346 376
a 17 18 13 226 176
a 17 28 3 138 389
a 17 5 2 254 356
a 17 8 7 231 225
a 17 25 2 147 160
a 17 7 16 138 242
a 17 3 7 340 344
a 17 11 6 170 201
a 17 26 10 85 54
a 17 2 14 152 127
a 17 6 2 342 372
a 18 19 19 159 221
a 18 21 14 363 103
a 18 16 13 119 340
a 18 13 2 152 242
a 18 28 4 352 397
a 18 11 10 134 282
a 18 22 17 281 111
a 18 20 19 341 286
a 18 26 19 281 356
a 18 10 5 230 303
a 18 4 15 91 123
a 18 29 7 167 217
a 18 17 11 99 115
a 18 12 8 181 323
a 18 3 7 310 360
a 18 9 19 330 352
a 18 24 4 175 54
a 18 14 19 189 197
a 18 7 2 310 54
a 18 27 10 327 82
a 18 5 14 202 221
a 18 1 10 219 119
a 18 2 11 181 380
a 18 0 8 346 278
a 18 6 12 242 78
a 18 25 10 142 335
a 19 22 5 192 107
a 19 0 6 331 331
a 19 14 15 226 307
a 19 11 5 345 401
a 19 17 13 98 397
a 19 24 19 120 368
a 19 16 7 153 127
a 19 20 18 181 384
a 19 29 10 369 368
a 19 1 12 165 299
a 19 18 14 356 331
a 19 8 7 154 286
a 19 13 4 353 331
a 19 26 6 197 380
a 19 10 18 337 242
a 19 2 4 175 111
a 19 23 5 188 254
a 19 5 11 157 327
a 19 7 13 279 401
a 19 6 10 286 278
a 19 27 15 359 229
a 19 4 11 178 360
a 19 28 18 91 168
a 19 15 3 233 41
a 19 3 9 344 242
a 20 18 5 186 233
a 20 0 19 146 237
a 20 15 17 76 315
a 20 11 4 257 291
a 20 26 3 227 344
a 20 23 6 79 41
a 20 13 19 329 356
a 20 19 6 128 360
a 20 3 15 281 344
a 20 27 8 96 401
a 20 2 8 207 152
a 20 16 9 331 188
a 20 12 2 137 229
a 20 17 4 288 335
a 20 8 8 166 168
a 20 7 13 150 99
a 20 14 2 273 143
a 20 24 18 149 278
a 20 1 14 286 58
a 20 21 16 272 156
a 20 25 2 265 229
a 20 4 15 185 352
a 21 19 12 159 58
a 21 28 7 218 295
a 21 7 19 196 331
a 21 12 18 80 405
a 21 2 4 304 295
a 21 13 6 226 389
a 21 5 11 104 229
a 21 1 18 259 258
a 21 24 8 162 41
a 21 29 11 131 368
a 21 4 18 145 262
a 21 16 15 252 160
a 21 27 9 180 50
a 21 26 14 335 352
a 21 25 16 125 111
a 21 23 6 289 54
a 21 8 15 257 45
a 21 15 8 222 45
a 21 0 18 319 278
a 21 18 11 271 360
a 21 10 5 86 225
a 21 11 16 140 176
a 21 22 10 349 380
a 21 20 9 355 335
a 21 14 19 188 86
a 21 9 10 173 127
a 22 29 12 339 213
a 22 23 2 162 41
a 22 27 19 354 274
a 22 2 6 268 54
a 22 4 5 322 299
a 22 19 10 105 99
a 22 28 14 367 389
a 22 0 3 213 99
a 22 14 14 233 160
a 22 25 12 309 213
a 22 16 8 179 344
a 22 24 6 113 327
a 22 26 10 325 311
a 22 13 9 130 348
a 22 8 13 160 364
a 22 21 19 355 352
a 22 11 13 102 180
a 22 18 14 176 286
a 22 6 18 318 291
a 22 10 7 220 107
a 22 9 7 250 360
a 22 1 12 207 139
a 22 5 8 288 90
a 23 4 4 184 213
a 23 17 8 301 54
a 23 1 8 213 286
a 23 11 2 328 115
a 23 5 13 137 168
a 23 27 3 332 107
a 23 7 19 288 115
a 23 18 18 138 143
a 23 10 19 271 201
a 23 8 13 149 393
a 23 2 16 227 225
a 23 16 16 369 119
a 23 6 12 354 372
a 23 13 13 221 164
a 23 19 12 129 319
a 23 26 8 308 143
a 24 0 6 94 327
a 24 2 9 100 323
a 24 21 18 175 74
a 24 9 16 82 335
a 24 22 13 166 99
a 24 7 13 152 323
a 24 17 19 203 123
a 24 3 19 257 270
a 24 15 14 122 168
a 24 18 15 344 50
a 24 26 7 114 197
a 24 6 7 286 303
a 24 12 11 88 254
a 24 25 3 169 274
a 24 10 8 178 315
a 24 29 18 258 368
a 25 28 5 292 282
a 25 3 3 105 376
a 25 2 4 107 237
a 25 19 18 322 184
a 25 14 15 102 405
a 25 23 17 118 291
a 25 8 3 217 364
a 25 26 6 243 180
a 25 9 3 283 135
a 25 16 2 314 340
a 25 18 16 225 131
a 25 0 7 131 344
a 25 27 15 210 213
a 25 15 13 311 103
a 25 20 19 240 201
a 25 22 13 226 78
a 25 1 11 82 286
a 25 21 8 191 164
a 25 29 2 335 376
a 26 20 17 173 364
a 26 22 15 282 74
a 26 7 15 228 250
a 26 28 19 321 201
a 26 18 18 290 82
a 26 10 16 153 111
a 26 29 7 96 282
a 26 3 8 85 168
a 26 0 6 160 319
a 26 19 7 140 303
a 26 25 12 191 250
a 26 12 9 294 143
a 26 14 14 149 262
a 26 6 18 342 393
a 26 23 11 334 274
a 26 5 5 241 229
a 26 11 8 105 282
a 26 9 10 111 148
a 26 16 3 199 270
a 26 1 5 89 94
a 26 8 19 140 393
a 26 21 5 168 148
a 26 17 3 82 50
a 26 15 3 117 229
a 26 13 9 181 160
a 26 24 16 226 205
a 27 26 2 207 291
a 27 18 17 244 225
a 27 13 19 239 139
a 27 16 12 359 262
a 27 22 6 312 348
a 27 10 15 309 405
a 27 24 12 332 135
a 27 2 17 317 270
a 27 28 14 266 397
a 27 23 9 302 164
a 27 9 17 224 70
a 27 12 17 281 184
a 27 0 17 264 94
a 27 4 8 292 94
a 27 8 5 201 135
a 27 21 5 184 401
a 27 11 8 142 184
a 27 5 3 132 348
a 27 19 19 326 135
a 27 1 18 351 262
a 27 25 10 282 70
a 27 6 3 130 291
a 27 3 13 87 221
a 27 14 13 181 70
a 27 17 8 123 143
a 28 3 6 303 344
a 28 19 19 361 148
a 28 24 4 237 58
a 28 7 11 135 401
a 28 14 14 166 384
a 28 5 6 93 213
a 28 22 11 367 299
a 28 18 13 157 62
a 28 17 16 236 233
a 28 29 12 173 197
a 28 12 14 208 266
a 28 1 16 169 94
a 28 25 8 369 135
a 28 4 8 149 45
a 28 9 8 209 323
a 29 1 15 342 50
a 29 12 8 251 278
a 29 6 8 274 282
a 29 11 17 114 344
a 29 18 16 352 286
a 29 16 9 284 86
a 29 13 9 305 45
a 29 23 19 201 291
a 29 2 18 247 274
a 29 20 15 93 86
a 29 27 19 134 111
a 29 15 4 76 111
a 29 4 18 346 164
a 29 26 17 144 335
a 29 5 10 240 217
a 29 19 18 168 393
a 29 3 4 174 168
a 29 24 18 172 180
a 29 8 3 206 70
a 29 25 2 306 103
a 29 9 15 140 331
a 29 22 18 251 286
a 29 10 9 166 152
a 29 17 2 273 164
