c fixed charge multi commodity flow
c
c problem vertices edges commodities
p fcmcf 30 680 100
c
c origin destination demand
k 17 25 74
k 0 25 65
k 14 18 74
k 18 25 73
k 1 5 46
k 15 16 56
k 21 19 36
k 24 16 35
k 14 5 49
k 16 18 24
k 13 11 68
k 8 16 73
k 25 11 48
k 8 22 51
k 15 29 60
k 22 3 52
k 29 1 54
k 11 26 54
k 9 7 57
k 3 7 26
k 6 1 54
k 1 0 45
k 11 12 37
k 6 19 23
k 6 29 19
k 5 14 26
k 10 6 73
k 16 2 61
k 24 0 23
k 26 19 16
k 18 8 24
k 16 29 57
k 9 12 19
k 24 4 38
k 22 1 27
k 22 29 15
k 26 23 39
k 16 23 45
k 5 6 29
k 13 29 32
k 23 12 40
k 20 7 46
k 23 13 46
k 11 15 35
k 8 28 21
k 26 22 54
k 22 4 67
k 29 7 73
k 25 16 22
k 12 10 52
k 5 8 52
k 14 1 64
k 16 24 66
k 6 18 74
k 13 15 27
k 25 18 21
k 6 4 71
k 0 9 37
k 27 26 68
k 21 15 25
k 21 2 37
k 26 6 47
k 28 5 38
k 10 26 38
k 21 16 53
k 6 3 66
k 12 28 74
k 23 21 41
k 22 6 48
k 7 20 37
k 10 21 18
k 14 0 51
k 29 3 72
k 2 3 43
k 14 6 62
k 3 26 47
k 10 23 27
k 29 6 55
k 20 17 16
k 2 1 43
k 13 8 51
k 22 20 34
k 4 13 43
k 2 29 67
k 10 25 54
k 12 20 44
k 16 5 52
k 27 14 48
k 14 4 64
k 8 11 56
k 6 11 40
k 3 24 52
k 20 25 31
k 7 22 36
k 21 6 35
k 27 18 23
k 7 0 31
k 22 7 46
k 25 1 40
k 13 6 73
c
c source target cost capacity fixed
a 0 18 2 300 752
a 0 24 19 152 501
a 0 22 2 184 329
a 0 9 17 183 545
a 0 27 6 257 622
a 0 13 10 318 691
a 0 16 4 277 596
a 0 12 10 98 104
a 0 28 6 333 614
a 0 2 5 106 683
a 0 10 7 310 285
a 0 7 18 351 104
a 0 3 14 103 804
a 0 6 14 185 234
a 0 14 2 235 242
a 0 4 12 324 821
a 0 20 3 274 104
a 0 25 18 77 830
a 0 19 18 354 622
a 0 17 2 156 830
a 0 23 14 212 242
a 0 1 7 125 717
a 0 15 7 369 208
a 0 8 6 163 709
a 0 26 12 84 614
a 0 29 9 341 398
a 1 11 11 112 130
a 1 19 2 118 648
a 1 6 11 224 804
a 1 29 5 266 596
a 1 5 17 165 285
a 1 13 11 75 510
a 1 21 12 226 320
a 1 0 8 201 769
a 1 2 3 368 778
a 1 23 11 345 450
a 1 8 10 292 251
a 1 14 8 251 735
a 1 27 19 251 467
a 1 4 16 302 570
a 1 25 6 139 795
a 1 17 7 261 182
a 1 3 14 326 190
a 1 15 5 224 285
a 1 12 3 168 216
a 1 9 12 85 570
a 1 10 7 222 182
a 2 27 12 219 398
a 2 17 7 362 830
a 2 20 4 233 743
a 2 28 12 325 260
a 2 10 19 162 553
a 2 15 19 330 113
a 2 18 12 243 674
a 2 5 9 295 683
a 2 0 6 230 415
a 2 26 17 353 372
a 2 21 3 197 432
a 2 14 15 93 640
a 2 24 19 301 380
a 2 13 6 103 709
a 2 16 2 251 553
a 2 19 14 245 311
a 3 14 7 285 640
a 3 5 17 332 346
a 3 9 8 324 545
a 3 10 19 296 121
a 3 19 7 129 329
a 3 27 13 336 527
a 3 16 16 240 579
a 3 28 12 151 717
a 3 24 14 158 87
a 3 13 18 312 545
a 3 21 5 347 683
a 3 7 8 144 812
a 3 6 8 106 467
a 3 18 5 209 614
a 3 20 7 287 640
a 3 12 14 235 717
a 3 15 16 247 484
a 3 11 3 236 570
a 3 17 9 324 225
a 3 23 19 112 691
a 3 26 2 290 838
a 4 3 6 229 104
a 4 2 14 303 234
a 4 22 12 139 596
a 4 19 3 315 104
a 4 28 18 127 182
a 4 21 5 369 657
a 4 10 13 200 795
a 4 29 4 280 182
a 4 6 17 305 260
a 4 13 8 287 139
a 4 9 19 229 363
a 4 0 19 128 441
a 4 17 2 312 216
a 4 8 10 286 156
a 4 20 16 268 786
a 4 26 13 121 562
a 4 16 14 162 614
a 4 5 14 320 631
a 4 12 9 159 536
a 4 11 7 110 847
a 4 18 9 259 121
a 4 23 10 78 562
a 5 3 17 339 717
a 5 29 7 360 674
a 5 15 19 254 674
a 5 24 9 99 311
a 5 8 16 318 450
a 5 27 9 212 441
a 5 20 7 211 519
a 5 10 16 191 821
a 5 28 12 368 355
a 5 17 2 298 190
a 5 7 5 171 165
a 5 12 15 133 380
a 5 4 4 180 562
a 5 16 13 283 553
a 5 14 4 147 389
a 6 20 2 341 847
a 6 23 16 331 95
a 6 22 16 140 182
a 6 17 18 301 260
a 6 19 4 219 493
a 6 24 12 83 441
a 6 16 8 98 735
a 6 28 9 296 389
a 6 18 19 153 260
a 6 21 10 137 104
a 6 7 7 368 536
a 6 27 8 196 424
a 6 8 14 255 700
a 6 26 10 100 553
a 6 1 3 85 372
a 6 14 7 139 855
a 6 10 18 153 251
a 6 29 18 81 363
a 6 4 11 232 121
a 6 25 8 241 510
a 6 13 7 274 458
a 6 3 2 348 139
a 6 15 15 267 234
a 6 5 17 347 691
a 6 0 2 251 130
a 6 12 10 82 329
a 7 4 9 182 726
a 7 1 8 301 484
a 7 26 5 321 277
a 7 8 13 325 311
a 7 11 5 112 553
a 7 20 14 368 821
a 7 3 8 101 355
a 7 12 16 236 467
a 7 17 5 353 380
a 7 25 11 136 303
a 7 19 11 319 519
a 7 10 3 150 303
a 7 5 12 230 855
a 7 9 9 251 570
a 7 27 4 302 830
a 7 21 8 325 752
a 7 6 15 151 432
a 7 0 7 303 493
a 7 22 6 136 855
a 7 28 9 318 674
a 7 14 6 256 294
a 7 23 12 250 657
a 7 15 17 336 406
a 7 29 10 154 795
a 7 24 13 311 596
a 7 16 9 335 691
a 7 18 16 86 596
a 7 2 18 121 683
a 8 11 4 142 87
a 8 13 10 301 139
a 8 18 11 307 355
a 8 10 9 227 199
a 8 22 3 291 795
a 8 23 18 177 320
a 8 0 5 359 190
a 8 4 19 115 104
a 8 28 13 247 527
a 8 5 11 226 743
a 8 20 19 183 121
a 8 16 14 308 579
a 8 25 8 145 147
a 8 29 16 368 631
a 8 21 4 258 355
a 8 26 5 94 812
a 8 17 2 300 622
a 8 24 10 183 475
a 8 6 14 166 614
a 8 3 13 228 709
a 8 27 13 182 588
a 9 21 17 361 553
a 9 3 3 132 285
a 9 2 12 373 717
a 9 13 10 86 156
a 9 15 6 92 208
a 9 28 2 346 450
a 9 14 2 233 311
a 9 7 9 239 234
a 9 25 3 321 311
a 9 18 19 349 795
a 9 29 6 92 648
a 9 10 2 159 389
a 9 5 16 302 346
a 9 6 8 167 432
a 9 8 7 317 372
a 9 23 16 118 415
a 9 1 6 120 648
a 10 5 16 274 225
a 10 20 15 120 726
a 10 24 8 189 475
a 10 23 19 319 683
a 10 16 16 91 605
a 10 9 10 335 631
a 10 1 19 221 450
a 10 21 19 246 562
a 10 25 15 273 830
a 10 3 10 144 648
a 10 28 10 191 743
a 10 6 19 113 821
a 10 7 13 329 648
a 10 13 17 277 424
a 10 15 15 181 234
a 10 12 17 115 467
a 10 8 4 255 648
a 10 4 10 292 424
a 10 11 7 222 398
a 10 2 9 310 726
a 10 14 5 183 648
a 10 0 3 274 778
a 10 22 11 309 622
a 11 13 18 106 562
a 11 29 15 114 182
a 11 9 7 154 631
a 11 25 15 149 294
a 11 8 10 309 588
a 11 5 5 356 631
a 11 17 6 270 337
a 11 7 12 78 363
a 11 10 6 123 665
a 11 12 5 160 458
a 11 27 5 128 665
a 11 6 3 88 553
a 11 26 14 77 415
a 11 4 7 298 743
a 11 21 8 89 795
a 11 0 9 364 95
a 11 22 3 264 821
a 11 18 11 305 735
a 11 1 4 265 596
a 11 28 14 101 458
a 11 19 17 79 674
a 11 3 3 303 553
a 11 14 18 136 311
a 11 23 6 302 424
a 11 16 8 236 363
a 11 24 12 307 700
a 11 15 15 225 225
a 11 2 9 269 743
a 11 20 2 86 588
a 12 9 18 236 234
a 12 8 16 251 165
a 12 5 15 197 640
a 12 17 19 127 527
a 12 21 19 171 484
a 12 18 5 313 320
a 12 10 8 161 631
a 12 16 5 233 234
a 12 3 16 269 182
a 12 0 16 83 812
a 12 28 3 126 838
a 12 19 18 189 691
a 12 27 2 192 329
a 12 13 3 356 665
a 12 22 8 285 501
a 12 7 16 206 208
a 12 15 12 309 216
a 12 24 19 196 510
a 12 2 19 308 208
a 12 20 18 230 726
a 12 14 5 229 311
a 12 1 10 220 441
a 12 29 11 294 648
a 12 11 2 134 432
a 12 25 4 194 752
a 13 18 14 183 700
a 13 9 2 308 812
a 13 28 3 183 588
a 13 10 15 80 786
a 13 21 16 270 216
a 13 12 5 333 778
a 13 6 10 292 691
a 13 29 2 112 182
a 13 8 13 177 760
a 13 3 15 227 450
a 13 25 18 230 760
a 13 26 19 265 294
a 13 7 17 235 735
a 13 19 10 244 156
a 13 4 16 327 458
a 13 1 8 205 717
a 13 14 3 244 190
a 13 11 16 100 242
a 13 15 18 116 778
a 13 16 10 329 553
a 13 5 18 80 337
a 13 20 18 318 190
a 14 8 16 333 294
a 14 25 10 353 588
a 14 20 14 158 614
a 14 10 3 124 441
a 14 15 6 344 311
a 14 12 2 241 640
a 14 23 3 303 760
a 14 26 3 341 570
a 14 2 2 333 631
a 14 24 10 89 216
a 14 13 17 210 830
a 14 7 10 211 320
a 14 27 16 280 372
a 14 19 11 312 752
a 14 4 9 211 277
a 14 3 18 162 121
a 14 29 9 150 450
a 14 21 3 236 95
a 14 0 19 224 190
a 14 16 13 194 199
a 14 1 4 267 95
a 14 28 2 264 596
a 14 9 2 77 484
a 14 5 19 162 830
a 14 6 5 373 432
a 14 22 7 345 87
a 15 18 10 124 113
a 15 28 8 344 242
a 15 7 16 106 743
a 15 1 13 201 683
a 15 12 18 90 285
a 15 10 10 159 553
a 15 26 2 316 182
a 15 6 19 241 648
a 15 21 9 220 691
a 15 16 7 151 812
a 15 13 8 329 337
a 15 3 7 367 830
a 15 23 6 329 346
a 15 22 7 342 337
a 15 2 18 119 199
a 15 5 11 268 277
a 15 17 3 306 501
a 15 8 18 239 683
a 15 27 13 301 614
a 15 19 2 92 406
a 15 9 18 370 225
a 15 20 18 168 786
a 15 0 14 253 337
a 15 25 13 80 277
a 15 4 7 76 113
a 15 29 8 366 346
a 16 12 5 339 743
a 16 17 6 336 294
a 16 2 2 371 778
a 16 10 9 229 104
a 16 26 2 101 674
a 16 6 3 159 311
a 16 0 3 194 700
a 16 13 17 230 346
a 16 28 13 206 640
a 16 14 16 180 303
a 16 23 13 246 709
a 16 1 17 190 726
a 16 27 16 240 726
a 16 19 17 342 709
a 16 3 13 239 251
a 16 24 12 142 285
a 16 22 16 336 260
a 16 20 7 356 622
a 16 21 10 327 415
a 16 25 17 353 579
a 16 4 3 327 398
a 16 11 2 262 691
a 16 5 7 330 268
a 16 9 18 340 372
a 16 8 10 317 674
a 16 18 14 105 493
a 16 29 8 248 441
a 17 16 17 86 182
a 17 1 4 119 311
a 17 0 13 255 251
a 17 21 8 148 424
a 17 3 18 159 260
a 17 4 14 86 260
a 17 8 7 323 458
a 17 2 9 101 251
a 17 14 9 266 545
a 17 13 7 132 147
a 17 9 11 85 424
a 17 29 4 298 501
a 17 19 13 362 441
a 17 25 10 100 372
a 17 12 12 360 562
a 17 27 10 280 717
a 17 18 2 165 147
a 17 15 8 186 475
a 17 5 10 186 812
a 17 23 15 262 104
a 17 10 15 289 242
a 17 26 11 118 467
a 17 6 15 279 778
a 18 15 7 362 104
a 18 10 8 247 614
a 18 26 6 118 519
a 18 0 6 290 121
a 18 8 18 138 847
a 18 3 13 144 363
a 18 22 13 372 294
a 18 29 2 215 424
a 18 20 6 167 735
a 18 2 3 253 311
a 18 28 18 316 320
a 18 5 18 140 372
a 18 14 5 219 545
a 18 12 5 242 821
a 18 9 13 199 147
a 18 17 5 95 346
a 18 23 3 330 786
a 18 25 7 248 536
a 18 4 11 139 173
a 18 16 18 189 190
a 18 7 16 263 527
a 18 19 16 365 735
a 18 27 8 228 631
a 19 24 6 331 709
a 19 9 15 303 113
a 19 6 19 327 173
a 19 18 16 89 199
a 19 4 11 342 821
a 19 13 7 230 320
a 19 2 4 297 329
a 19 28 11 253 855
a 19 3 2 215 674
a 19 25 15 268 536
a 19 27 19 318 467
a 19 14 6 177 640
a 19 21 13 359 493
a 19 0 4 86 830
a 19 15 11 153 648
a 19 1 6 197 208
a 19 12 8 268 700
a 19 22 17 95 795
a 20 19 13 288 562
a 20 14 19 347 372
a 20 25 19 269 285
a 20 28 4 354 622
a 20 1 15 359 760
a 20 10 14 208 709
a 20 24 19 199 743
a 20 27 8 359 285
a 20 2 14 178 242
a 20 23 9 127 553
a 20 6 13 184 665
a 20 13 9 246 311
a 20 3 10 133 173
a 20 9 2 228 432
a 20 17 19 308 380
a 20 12 8 265 614
a 20 18 8 131 536
a 20 4 3 297 683
a 20 26 4 242 519
a 20 7 5 106 510
a 20 15 13 259 588
a 20 0 8 265 165
a 21 15 13 189 337
a 21 1 12 209 640
a 21 27 16 345 346
a 21 3 8 195 372
a 21 12 13 168 640
a 21 8 6 201 450
a 21 9 19 92 545
a 21 13 4 308 199
a 21 10 17 308 760
a 21 26 3 160 752
a 21 24 18 142 804
a 21 6 16 368 355
a 21 23 9 109 87
a 21 19 6 198 665
a 21 25 3 230 320
a 21 28 14 239 648
a 21 7 4 259 717
a 21 22 11 187 225
a 21 29 17 80 329
a 21 18 16 222 294
a 21 2 17 341 311
a 21 16 16 340 648
a 21 5 13 192 622
a 21 4 6 212 735
a 21 14 4 323 778
a 21 11 14 354 372
a 21 20 11 278 182
a 21 0 3 306 406
a 21 17 19 238 570
a 22 2 8 181 346
a 22 19 13 250 812
a 22 28 4 313 415
a 22 27 5 348 95
a 22 13 17 106 752
a 22 16 5 172 545
a 22 10 7 229 415
a 22 0 10 183 216
a 22 17 7 335 691
a 22 24 2 169 510
a 22 7 16 245 277
a 22 23 19 178 285
a 22 3 10 101 415
a 22 25 7 330 657
a 22 26 10 369 182
a 22 15 10 224 691
a 22 21 7 77 329
a 22 14 4 240 225
a 22 8 4 214 855
a 22 6 9 289 113
a 23 3 6 125 415
a 23 16 13 110 467
a 23 25 11 295 450
a 23 8 10 342 156
a 23 1 6 178 277
a 23 4 13 141 579
a 23 12 12 275 380
a 23 5 19 303 130
a 23 26 16 372 147
a 23 27 7 144 717
a 23 28 7 306 432
a 23 24 7 125 691
a 23 21 5 139 493
a 23 7 9 269 562
a 23 29 15 187 709
a 23 19 13 167 579
a 23 14 12 191 303
a 23 10 3 92 156
a 23 2 18 138 484
a 23 13 15 264 199
a 23 18 11 197 467
a 23 15 17 121 139
a 23 9 15 360 674
a 23 6 7 315 760
a 23 11 7 257 415
a 23 0 2 348 225
a 23 22 3 294 700
a 23 20 18 233 173
a 23 17 3 133 311
a 24 18 2 243 87
a 24 8 14 220 139
a 24 27 16 142 311
a 24 14 19 126 579
a 24 1 7 266 778
a 24 28 10 178 303
a 24 29 10 158 260
a 24 13 2 271 372
a 24 23 7 353 303
a 24 22 18 75 821
a 24 4 2 206 329
a 24 11 15 268 691
a 24 19 13 283 346
a 24 26 9 139 216
a 24 5 11 188 406
a 24 16 13 327 726
a 24 20 13 151 268
a 24 6 19 283 225
a 24 25 9 187 691
a 24 9 12 248 700
a 25 23 17 182 303
a 25 17 7 292 277
a 25 4 2 147 657
a 25 11 12 242 519
a 25 6 12 289 260
a 25 20 3 257 683
a 25 16 4 361 450
a 25 29 14 271 752
a 25 2 9 288 519
a 25 13 16 330 406
a 25 21 4 224 182
a 25 1 19 359 329
a 25 14 7 160 614
a 25 27 16 125 415
a 25 7 10 345 173
a 25 9 6 348 830
a 25 12 13 293 622
a 26 11 19 188 355
a 26 15 2 157 735
a 26 21 15 108 735
a 26 22 5 115 406
a 26 8 11 256 199
a 26 20 11 82 752
a 26 4 12 239 208
a 26 7 3 188 683
a 26 0 15 356 441
a 26 3 5 332 501
a 26 12 4 345 104
a 26 23 3 192 657
a 26 18 8 280 674
a 26 6 3 151 527
a 26 16 6 305 320
a 26 24 9 118 752
a 26 13 3 298 760
a 26 14 7 168 657
a 27 16 7 332 735
a 27 29 2 303 475
a 27 18 17 228 363
a 27 14 15 341 614
a 27 20 7 197 493
a 27 5 11 103 87
a 27 25 12 189 717
a 27 21 2 344 657
a 27 13 18 136 545
a 27 2 10 346 657
a 27 8 10 198 415
a 27 3 6 233 700
a 27 24 4 203 87
a 27 28 5 306 536
a 27 15 18 309 855
a 27 12 15 97 830
a 27 4 12 329 113
a 27 11 10 362 605
a 27 10 10 318 372
a 27 0 12 133 173
a 28 16 10 356 380
a 28 14 19 136 303
a 28 17 14 78 614
a 28 2 14 204 648
a 28 7 5 306 467
a 28 5 2 165 87
a 28 27 7 287 251
a 28 6 16 173 182
a 28 0 13 283 450
a 28 24 18 148 87
a 28 26 10 226 674
a 28 20 8 361 674
a 28 25 2 126 553
a 28 18 15 99 467
a 28 12 16 243 493
a 28 22 17 274 726
a 28 3 9 324 441
a 28 19 5 120 467
a 28 29 10 329 441
a 28 11 8 286 735
a 28 23 13 353 432
a 28 21 6 156 631
a 28 1 9 338 380
a 28 8 10 267 329
a 29 21 5 311 830
a 29 13 12 300 121
a 29 28 14 187 562
a 29 12 8 81 355
a 29 3 14 299 242
a 29 9 8 165 424
a 29 0 19 153 190
a 29 22 4 86 139
a 29 19 5 95 855
a 29 25 18 186 216
a 29 24 14 240 804
a 29 8 17 283 415
a 29 7 17 276 104
a 29 2 19 142 139
a 29 18 13 153 579
a 29 20 14 234 424
a 29 15 5 199 156
a 29 6 12 324 337
a 29 5 3 165 683
a 29 17 14 309 432
a 29 10 13 271 389
a 29 14 18 109 406
a 29 26 15 159 519
a 29 4 13 249 147
a 29 23 7 156 631
a 29 16 4 277 320
