c fixed charge multi commodity flow
c
c problem vertices edges commodities
p fcmcf 30 687 100
c
c origin destination demand
k 29 17 71
k 1 16 56
k 13 4 15
k 3 13 49
k 3 2 67
k 21 28 54
k 3 26 23
k 14 3 23
k 20 22 51
k 14 23 60
k 10 27 50
k 22 23 65
k 17 5 58
k 23 29 69
k 26 21 70
k 16 6 73
k 25 26 73
k 13 11 70
k 28 1 54
k 17 26 44
k 25 18 68
k 19 2 19
k 5 1 15
k 13 23 36
k 14 19 54
k 10 22 60
k 0 29 47
k 6 23 15
k 24 5 50
k 22 29 65
k 24 26 49
k 13 26 71
k 6 16 33
k 9 6 29
k 15 0 71
k 23 4 26
k 15 13 70
k 23 22 30
k 15 17 15
k 18 11 18
k 4 14 59
k 29 10 16
k 23 20 44
k 8 0 30
k 12 6 70
k 3 24 15
k 3 20 42
k 10 15 21
k 13 21 72
k 1 27 44
k 1 0 48
k 1 17 39
k 10 20 52
k 10 18 50
k 22 4 31
k 20 29 55
k 25 24 64
k 28 10 37
k 26 25 55
k 2 0 26
k 9 10 38
k 17 6 16
k 29 23 57
k 29 18 16
k 18 21 30
k 16 5 59
k 16 0 52
k 27 16 66
k 25 5 47
k 0 20 16
k 24 11 42
k 20 6 45
k 29 21 25
k 14 27 60
k 5 8 66
k 3 18 45
k 11 16 37
k 29 5 32
k 5 13 48
k 2 22 21
k 4 18 46
k 14 25 17
k 12 14 16
k 8 16 33
k 10 23 54
k 17 12 49
k 7 21 43
k 26 12 41
k 2 12 43
k 9 8 22
k 22 3 23
k 15 22 37
k 8 7 48
k 9 1 48
k 13 6 48
k 7 24 37
k 16 18 48
k 21 16 34
k 18 8 18
k 1 15 47
c
c source target cost capacity fixed
a 0 16 3 108 215
a 0 3 14 205 121
a 0 5 15 55 135
a 0 11 4 204 55
a 0 8 16 107 253
a 0 22 3 234 223
a 0 7 4 127 171
a 0 4 8 214 102
a 0 17 3 199 267
a 0 20 7 189 39
a 0 1 2 247 66
a 0 27 16 50 226
a 0 6 16 132 61
a 0 29 17 56 154
a 0 25 17 125 72
a 0 28 4 198 91
a 0 9 11 94 99
a 0 23 8 110 69
a 0 19 15 83 33
a 0 13 9 91 237
a 0 21 5 116 174
a 0 26 3 114 176
a 0 24 10 113 135
a 0 2 18 199 83
a 0 15 9 97 185
a 1 12 18 74 267
a 1 26 12 116 102
a 1 9 8 180 264
a 1 5 18 194 53
a 1 11 8 114 88
a 1 16 12 125 31
a 1 22 5 57 206
a 1 10 11 121 160
a 1 0 6 191 28
a 1 6 6 224 165
a 1 24 9 84 267
a 1 17 14 153 138
a 1 29 3 89 66
a 1 28 5 183 201
a 1 2 5 189 124
a 1 21 2 82 154
a 1 27 10 175 42
a 1 18 4 245 110
a 1 13 3 124 127
a 2 5 2 233 88
a 2 8 10 96 190
a 2 21 7 107 182
a 2 1 4 247 55
a 2 0 2 139 36
a 2 11 9 142 185
a 2 18 19 212 113
a 2 7 12 72 31
a 2 13 17 226 39
a 2 16 5 188 217
a 2 25 8 197 121
a 2 10 14 97 206
a 2 12 12 238 31
a 2 9 19 167 47
a 2 6 12 102 176
a 2 14 14 181 64
a 3 8 11 243 237
a 3 5 6 159 64
a 3 20 14 171 193
a 3 4 7 176 105
a 3 12 5 198 127
a 3 0 8 56 206
a 3 6 19 145 132
a 3 24 14 120 272
a 3 15 5 185 124
a 3 13 17 167 237
a 3 2 9 153 61
a 3 21 17 134 108
a 3 1 11 50 53
a 3 22 12 139 135
a 3 17 3 157 72
a 3 19 12 182 163
a 3 23 16 229 105
a 3 25 9 52 94
a 3 29 5 120 138
a 4 19 4 140 193
a 4 15 7 80 94
a 4 2 11 78 217
a 4 7 19 126 242
a 4 0 13 150 163
a 4 10 8 220 152
a 4 25 5 90 132
a 4 18 7 68 228
a 4 17 15 166 165
a 4 20 18 219 143
a 4 23 8 189 226
a 4 28 18 92 270
a 4 13 19 165 217
a 4 6 12 158 212
a 4 21 6 107 217
a 4 16 6 242 264
a 4 24 12 116 206
a 4 11 15 239 228
a 4 12 3 162 212
a 4 9 2 61 94
a 4 5 4 80 209
a 4 14 16 160 58
a 4 3 16 240 55
a 4 1 10 100 108
a 4 26 8 189 50
a 4 8 10 74 187
a 5 0 13 201 270
a 5 8 15 72 217
a 5 3 9 84 209
a 5 21 16 116 47
a 5 18 16 166 264
a 5 1 2 78 138
a 5 29 14 138 160
a 5 9 10 100 121
a 5 11 5 144 102
a 5 16 9 155 190
a 5 2 12 57 102
a 5 20 9 211 259
a 5 14 16 227 165
a 5 23 5 86 80
a 5 12 10 227 237
a 5 6 12 207 53
a 5 25 10 139 113
a 5 15 19 180 223
a 5 26 10 177 231
a 5 24 8 214 53
a 5 4 4 164 228
a 5 22 12 98 72
a 5 28 11 225 154
a 6 5 19 82 264
a 6 14 11 89 237
a 6 17 12 236 69
a 6 2 17 170 99
a 6 27 9 159 138
a 6 24 18 123 119
a 6 22 17 156 223
a 6 1 12 198 75
a 6 28 4 219 220
a 6 3 6 60 242
a 6 21 16 227 141
a 6 23 14 246 108
a 6 0 3 72 149
a 6 7 18 145 234
a 6 9 11 60 143
a 6 13 14 225 69
a 6 20 10 195 239
a 6 16 15 113 171
a 6 8 14 246 217
a 6 12 9 82 209
a 6 15 19 171 242
a 6 26 2 151 212
a 7 5 16 82 250
a 7 24 11 92 75
a 7 26 5 230 234
a 7 19 14 129 105
a 7 20 2 88 94
a 7 0 2 58 130
a 7 17 15 138 154
a 7 23 8 68 242
a 7 21 9 81 28
a 7 8 6 229 231
a 7 14 16 101 179
a 7 13 17 164 36
a 7 2 12 168 58
a 7 25 7 101 116
a 7 3 10 105 69
a 7 11 16 101 113
a 7 4 14 92 110
a 7 12 7 117 215
a 7 22 19 51 212
a 7 18 8 158 234
a 7 10 6 243 190
a 7 6 8 85 217
a 7 28 6 205 47
a 7 9 11 132 242
a 7 1 18 174 132
a 7 27 11 149 121
a 7 16 2 210 261
a 7 15 9 219 121
a 7 29 4 107 72
a 8 5 19 248 102
a 8 15 17 61 193
a 8 18 5 87 168
a 8 22 12 196 264
a 8 11 16 75 44
a 8 2 12 222 179
a 8 7 5 108 72
a 8 17 8 103 121
a 8 3 16 85 179
a 8 29 14 101 53
a 8 26 9 240 228
a 8 24 16 150 217
a 8 13 5 128 44
a 8 20 5 218 163
a 8 4 19 59 187
a 8 23 8 56 53
a 8 14 3 105 44
a 8 25 14 124 198
a 8 6 16 193 116
a 8 19 5 90 77
a 8 10 17 211 127
a 8 21 17 161 75
a 9 24 17 130 61
a 9 26 17 210 190
a 9 0 16 141 190
a 9 27 14 137 168
a 9 2 13 138 264
a 9 7 13 214 217
a 9 21 11 179 75
a 9 23 11 188 209
a 9 6 10 123 31
a 9 18 2 145 135
a 9 22 4 162 179
a 9 14 6 121 66
a 9 10 2 151 138
a 9 11 4 130 242
a 9 25 11 148 138
a 9 5 3 163 28
a 9 19 4 215 196
a 9 1 11 198 119
a 9 28 3 64 190
a 9 29 14 52 193
a 9 15 4 155 44
a 9 17 11 60 237
a 9 3 6 211 119
a 9 4 15 68 217
a 9 8 11 174 141
a 9 16 17 105 256
a 9 13 10 79 94
a 10 25 15 86 198
a 10 27 19 237 165
a 10 15 14 116 217
a 10 16 12 207 154
a 10 8 15 80 185
a 10 5 18 167 99
a 10 17 17 159 119
a 10 9 9 136 157
a 10 23 3 173 44
a 10 26 9 167 157
a 10 12 2 123 124
a 10 22 19 122 110
a 10 2 14 229 168
a 10 29 8 131 77
a 10 11 15 161 47
a 10 0 7 218 132
a 10 13 12 200 105
a 10 4 12 197 149
a 10 18 17 59 204
a 10 6 10 200 245
a 10 3 17 95 152
a 10 14 16 176 94
a 10 24 17 104 61
a 10 19 6 101 42
a 10 20 13 97 239
a 10 1 2 135 245
a 10 21 5 110 64
a 11 16 16 216 261
a 11 19 14 168 245
a 11 1 11 185 220
a 11 28 6 240 31
a 11 26 12 171 176
a 11 21 13 53 77
a 11 15 18 115 116
a 11 7 14 220 55
a 11 8 11 215 94
a 11 0 9 120 160
a 11 9 10 214 245
a 11 17 11 78 168
a 11 20 19 70 80
a 11 10 9 78 215
a 11 14 6 195 198
a 11 2 15 187 143
a 11 29 7 115 105
a 11 5 6 151 261
a 11 12 4 193 116
a 11 4 12 153 105
a 11 13 13 87 121
a 12 7 18 248 234
a 12 17 19 78 31
a 12 18 2 72 113
a 12 21 2 78 228
a 12 19 7 131 267
a 12 26 11 247 39
a 12 5 5 129 77
a 12 10 3 163 198
a 12 16 16 170 146
a 12 6 2 98 187
a 12 24 7 183 242
a 12 14 4 205 245
a 12 15 2 61 237
a 12 1 15 225 168
a 12 23 8 245 119
a 12 3 16 204 58
a 12 27 17 213 226
a 12 28 9 238 187
a 12 9 18 120 132
a 12 8 19 67 72
a 12 13 16 159 113
a 12 29 6 126 105
a 12 20 12 211 102
a 12 0 15 103 135
a 12 2 15 195 165
a 12 4 13 212 50
a 13 23 2 150 39
a 13 7 11 81 66
a 13 24 14 62 201
a 13 16 9 95 256
a 13 8 11 197 253
a 13 2 3 92 250
a 13 17 16 87 212
a 13 10 8 142 149
a 13 1 8 226 198
a 13 15 4 121 88
a 13 6 10 114 176
a 13 18 11 198 80
a 13 28 14 142 105
a 13 19 5 190 171
a 13 12 14 224 223
a 13 20 12 194 113
a 13 9 18 174 75
a 13 26 16 243 168
a 13 11 12 55 193
a 13 29 19 144 245
a 13 5 17 235 61
a 13 21 6 164 105
a 13 3 3 121 42
a 13 22 10 195 146
a 13 0 12 178 201
a 14 2 10 232 174
a 14 3 13 135 217
a 14 25 5 85 206
a 14 1 9 50 141
a 14 28 10 198 88
a 14 21 3 97 91
a 14 15 4 124 99
a 14 19 12 127 253
a 14 10 2 204 223
a 14 22 10 135 165
a 14 8 15 198 163
a 14 16 7 118 121
a 14 18 10 131 174
a 14 24 17 80 190
a 14 9 17 196 61
a 14 13 5 217 272
a 14 11 6 209 108
a 14 7 13 65 152
a 14 6 15 55 267
a 14 26 4 135 152
a 14 29 14 159 250
a 14 4 16 132 264
a 14 5 19 134 28
a 14 0 15 193 110
a 14 27 15 150 130
a 14 12 6 208 77
a 15 8 7 202 83
a 15 23 12 237 50
a 15 7 2 209 160
a 15 1 15 134 226
a 15 25 10 166 212
a 15 28 4 240 72
a 15 12 6 209 108
a 15 27 9 146 179
a 15 11 11 116 174
a 15 19 12 101 272
a 15 14 13 217 174
a 15 10 5 58 53
a 15 29 11 144 130
a 15 0 12 201 201
a 15 4 7 181 119
a 15 21 8 59 102
a 15 18 17 111 270
a 15 20 10 96 91
a 15 16 6 235 149
a 15 2 4 200 64
a 15 3 4 71 201
a 15 24 15 91 220
a 15 9 15 85 190
a 15 22 18 219 138
a 15 13 10 143 187
a 15 5 2 163 66
a 15 26 3 73 228
a 15 17 6 211 105
a 16 28 8 87 143
a 16 1 7 156 176
a 16 24 4 147 75
a 16 27 2 232 174
a 16 21 4 78 223
a 16 17 9 77 39
a 16 13 19 194 138
a 16 29 14 182 86
a 16 19 5 83 201
a 16 23 3 214 239
a 16 22 18 74 135
a 16 11 14 155 132
a 16 5 16 86 44
a 16 4 7 154 272
a 16 2 9 238 259
a 16 3 5 149 130
a 16 8 7 233 259
a 16 18 11 153 259
a 16 14 11 230 116
a 16 15 9 72 270
a 16 10 19 216 143
a 16 6 13 138 187
a 16 9 10 208 31
a 16 12 18 240 28
a 16 0 3 241 201
a 17 24 13 138 206
a 17 5 14 50 91
a 17 15 8 193 154
a 17 11 17 94 83
a 17 23 8 188 83
a 17 6 10 65 99
a 17 25 5 78 187
a 17 10 2 79 237
a 17 19 5 88 42
a 17 14 18 233 154
a 17 9 5 107 64
a 17 1 13 211 121
a 17 4 13 187 138
a 17 8 13 166 97
a 17 13 3 175 185
a 17 7 17 59 215
a 17 22 3 224 146
a 17 21 16 50 72
a 17 2 11 173 206
a 17 12 8 218 248
a 17 27 16 95 127
a 17 18 9 204 47
a 17 3 12 213 42
a 17 20 15 175 267
a 17 26 10 74 234
a 17 29 5 59 36
a 17 16 9 124 132
a 18 4 4 134 174
a 18 25 10 87 157
a 18 11 12 109 31
a 18 19 13 239 99
a 18 22 17 190 77
a 18 7 6 69 119
a 18 10 9 57 83
a 18 8 13 62 259
a 18 24 2 161 116
a 18 20 10 68 196
a 18 12 12 95 97
a 18 9 5 174 28
a 18 6 10 58 132
a 18 3 18 50 204
a 18 21 17 95 212
a 19 17 12 93 198
a 19 8 14 110 168
a 19 10 14 225 91
a 19 15 13 59 168
a 19 22 19 149 152
a 19 4 19 155 75
a 19 6 13 62 242
a 19 27 6 157 97
a 19 13 10 112 179
a 19 14 11 73 171
a 19 3 11 52 261
a 19 20 2 165 39
a 19 28 7 65 80
a 19 7 12 70 217
a 19 29 5 118 270
a 19 9 18 165 204
a 19 1 18 170 190
a 19 11 6 203 28
a 19 23 8 82 91
a 19 24 2 65 50
a 19 25 12 84 69
a 20 23 13 57 88
a 20 14 16 107 119
a 20 12 15 60 248
a 20 15 9 166 228
a 20 22 16 214 72
a 20 25 6 102 157
a 20 26 19 82 130
a 20 28 14 180 165
a 20 27 10 205 42
a 20 3 14 207 242
a 20 19 17 218 44
a 20 0 14 132 223
a 20 11 11 229 267
a 20 6 14 114 163
a 20 7 3 146 39
a 20 21 18 119 116
a 20 18 10 128 165
a 20 24 12 93 264
a 20 1 4 59 152
a 20 10 4 118 154
a 20 13 3 189 272
a 20 29 4 78 138
a 20 16 15 86 149
a 20 4 4 197 160
a 20 8 15 209 245
a 20 17 15 106 157
a 21 22 2 243 61
a 21 15 18 158 174
a 21 12 10 82 121
a 21 25 12 203 105
a 21 23 16 246 83
a 21 27 15 114 267
a 21 6 7 215 91
a 21 19 3 87 119
a 21 1 17 132 39
a 21 0 16 233 220
a 21 18 13 81 165
a 21 2 3 121 77
a 21 8 6 166 55
a 21 4 2 135 250
a 21 28 19 149 248
a 21 10 3 198 121
a 21 9 10 145 228
a 21 5 5 81 110
a 21 13 3 141 163
a 21 7 8 65 102
a 22 13 11 110 237
a 22 15 6 71 132
a 22 28 4 136 163
a 22 11 19 78 185
a 22 2 15 98 91
a 22 9 16 190 80
a 22 29 11 178 248
a 22 3 19 122 231
a 22 12 19 121 130
a 22 25 12 70 121
a 22 19 12 246 185
a 22 8 8 210 86
a 22 16 19 196 108
a 22 1 10 198 50
a 22 21 19 63 267
a 22 24 12 222 44
a 22 4 4 191 66
a 22 23 12 186 182
a 22 27 13 130 176
a 23 19 10 167 61
a 23 4 11 187 267
a 23 20 13 125 75
a 23 2 8 220 250
a 23 24 12 68 182
a 23 7 14 176 187
a 23 16 9 116 152
a 23 5 9 129 182
a 23 9 16 64 138
a 23 3 4 80 108
a 23 18 14 248 239
a 23 25 2 229 231
a 23 10 6 169 86
a 23 15 12 160 190
a 23 27 13 100 223
a 23 14 16 156 88
a 23 26 5 54 47
a 23 1 4 215 105
a 23 28 6 65 196
a 23 0 17 204 69
a 23 11 14 144 165
a 23 12 8 203 116
a 23 29 9 56 143
a 24 23 4 150 72
a 24 17 4 183 124
a 24 11 13 177 239
a 24 19 7 131 215
a 24 18 18 117 116
a 24 25 4 54 130
a 24 8 8 78 154
a 24 6 8 217 75
a 24 29 2 180 42
a 24 14 6 163 113
a 24 3 2 185 250
a 24 10 16 183 253
a 24 7 13 121 108
a 24 26 14 161 217
a 24 4 3 81 58
a 24 1 8 242 61
a 24 5 10 177 163
a 24 21 18 94 223
a 24 2 18 101 86
a 24 16 12 178 223
a 24 27 14 55 165
a 24 9 7 219 36
a 24 22 17 178 66
a 24 28 15 232 143
a 24 20 11 189 141
a 25 9 12 159 190
a 25 20 14 121 264
a 25 22 18 91 61
a 25 18 7 51 198
a 25 7 8 175 215
a 25 11 3 210 245
a 25 0 2 51 152
a 25 28 8 204 248
a 25 16 14 99 228
a 25 14 14 215 187
a 25 6 5 232 196
a 25 10 15 238 206
a 25 8 15 220 198
a 25 26 13 177 160
a 25 5 17 76 53
a 25 29 9 189 77
a 25 15 13 160 91
a 26 19 15 193 270
a 26 6 16 74 193
a 26 1 10 114 171
a 26 16 11 221 253
a 26 2 16 94 88
a 26 5 3 186 239
a 26 3 7 216 88
a 26 14 10 178 206
a 26 9 3 53 193
a 26 11 17 131 94
a 26 12 15 111 61
a 26 25 11 193 121
a 26 24 13 83 119
a 26 8 8 86 237
a 26 29 5 60 72
a 26 0 15 148 182
a 26 22 19 193 55
a 26 10 15 179 72
a 26 15 7 244 83
a 26 20 4 183 132
a 26 27 14 222 130
a 26 18 17 89 168
a 26 21 19 97 152
a 27 4 4 156 149
a 27 20 15 148 113
a 27 17 16 60 264
a 27 14 3 93 237
a 27 2 7 113 88
a 27 9 5 51 141
a 27 8 19 217 165
a 27 13 17 147 179
a 27 25 11 214 143
a 27 24 16 132 141
a 27 22 17 185 174
a 27 3 6 168 160
a 27 16 15 77 231
a 27 10 5 170 55
a 27 29 7 97 33
a 27 0 14 143 116
a 27 18 4 126 267
a 27 19 18 156 61
a 27 7 3 65 53
a 27 21 14 200 50
a 28 4 11 155 80
a 28 5 14 106 80
a 28 6 11 154 163
a 28 12 17 229 250
a 28 23 17 208 228
a 28 0 8 72 55
a 28 1 7 213 146
a 28 2 3 231 176
a 28 14 8 203 190
a 28 15 9 244 88
a 28 21 8 211 209
a 28 8 5 178 154
a 28 18 14 126 61
a 28 9 5 214 64
a 28 17 4 79 245
a 28 22 12 119 31
a 28 3 10 60 250
a 28 11 3 136 272
a 28 16 7 133 124
a 28 29 2 138 179
a 28 20 9 160 50
a 28 26 7 232 110
a 28 25 18 184 204
a 28 24 15 109 31
a 28 10 16 98 130
a 29 19 2 124 256
a 29 2 18 109 261
a 29 21 12 65 237
a 29 12 6 210 108
a 29 14 9 199 190
a 29 23 11 217 220
a 29 13 7 74 86
a 29 0 8 105 163
a 29 18 16 190 193
a 29 3 16 128 190
a 29 9 12 169 154
a 29 17 19 205 110
a 29 25 12 181 228
a 29 27 9 141 64
a 29 8 11 136 223
a 29 1 5 153 146
a 29 20 13 97 50
a 29 28 8 208 242
a 29 16 6 163 190
a 29 24 3 161 83
