c fixed charge multi commodity flow
c
c problem vertices edges commodities
p fcmcf 30 686 100
c
c origin destination demand
k 21 20 61
k 26 28 58
k 9 27 30
k 13 17 72
k 26 17 49
k 2 28 57
k 10 4 57
k 4 14 62
k 23 17 32
k 13 1 20
k 20 19 32
k 27 5 43
k 1 17 54
k 1 13 20
k 26 9 36
k 1 29 16
k 20 4 68
k 17 28 59
k 5 20 45
k 29 14 28
k 1 18 61
k 16 2 62
k 25 24 33
k 16 23 66
k 9 10 44
k 19 29 73
k 29 18 24
k 18 22 22
k 20 2 60
k 18 7 31
k 18 4 30
k 26 19 20
k 29 2 74
k 8 16 66
k 21 17 58
k 12 26 45
k 10 24 69
k 12 2 56
k 13 6 46
k 21 5 26
k 7 2 19
k 9 2 58
k 2 12 61
k 26 20 47
k 19 9 19
k 14 22 33
k 21 26 65
k 14 2 50
k 15 26 54
k 13 7 66
k 17 16 25
k 7 17 18
k 3 9 69
k 27 16 43
k 6 1 40
k 5 23 63
k 3 12 45
k 9 1 28
k 24 9 73
k 22 25 30
k 0 13 36
k 10 5 28
k 19 28 45
k 22 29 52
k 13 28 61
k 0 27 56
k 14 28 23
k 7 29 43
k 23 11 34
k 27 21 37
k 13 20 49
k 19 24 39
k 23 29 62
k 6 9 60
k 23 9 58
k 20 10 68
k 29 1 46
k 9 23 48
k 20 14 32
k 18 27 33
k 15 6 39
k 5 25 63
k 12 24 70
k 9 14 31
k 0 18 57
k 8 29 38
k 0 21 69
k 22 5 41
k 11 5 39
k 15 12 26
k 0 14 25
k 28 19 18
k 19 6 74
k 9 22 32
k 0 5 41
k 10 3 37
k 6 8 39
k 26 22 31
k 10 15 47
k 22 28 59
c
c source target cost capacity fixed
a 0 21 17 177 384
a 0 9 13 217 166
a 0 29 16 172 189
a 0 19 15 174 418
a 0 25 18 176 527
a 0 23 4 190 378
a 0 3 2 64 207
a 0 5 10 225 533
a 0 20 19 97 138
a 0 4 17 131 212
a 0 8 10 183 373
a 0 1 12 145 212
a 0 12 11 160 189
a 0 16 5 256 292
a 0 26 19 185 252
a 0 14 19 244 435
a 0 18 8 241 373
a 0 28 16 160 144
a 0 15 12 163 361
a 0 11 9 229 315
a 0 24 8 229 441
a 0 2 11 102 384
a 1 15 7 125 195
a 1 24 8 169 504
a 1 10 8 129 115
a 1 16 15 244 229
a 1 13 14 160 304
a 1 2 18 245 189
a 1 0 10 101 464
a 1 23 18 180 207
a 1 19 11 124 304
a 1 29 10 97 441
a 1 4 18 70 121
a 1 28 3 234 395
a 1 5 12 87 144
a 1 17 9 98 521
a 1 12 16 173 92
a 1 21 9 222 533
a 1 7 19 253 229
a 1 27 9 138 470
a 1 25 4 78 498
a 1 20 17 234 172
a 1 18 5 231 498
a 1 22 12 131 504
a 1 8 15 161 149
a 1 9 12 55 567
a 1 11 3 233 86
a 1 26 10 68 132
a 1 14 19 211 321
a 1 6 6 73 516
a 2 3 17 81 378
a 2 23 2 86 390
a 2 27 2 59 92
a 2 12 16 252 441
a 2 24 14 54 241
a 2 0 2 199 441
a 2 7 7 108 172
a 2 20 14 255 413
a 2 26 16 69 487
a 2 28 12 72 201
a 2 9 3 190 384
a 2 5 4 116 544
a 2 19 2 81 224
a 2 15 13 68 207
a 2 11 7 184 184
a 2 21 6 169 69
a 2 22 9 89 144
a 2 8 10 193 361
a 2 17 19 245 390
a 2 25 11 243 161
a 2 18 18 213 269
a 2 10 10 235 498
a 2 16 7 179 521
a 2 4 16 57 464
a 2 29 6 82 92
a 2 1 3 163 75
a 3 12 3 101 287
a 3 29 10 56 69
a 3 18 12 99 498
a 3 16 9 225 98
a 3 7 14 151 310
a 3 5 15 63 298
a 3 8 6 215 235
a 3 4 14 199 527
a 3 24 10 106 304
a 3 2 2 229 435
a 3 14 8 113 98
a 3 25 9 189 121
a 3 10 10 99 149
a 3 21 16 178 166
a 3 9 16 232 493
a 3 17 3 162 264
a 3 15 6 140 315
a 3 11 4 179 109
a 3 23 9 98 418
a 3 22 2 255 287
a 3 1 14 191 338
a 3 28 17 121 556
a 3 19 5 160 327
a 3 27 14 107 287
a 4 24 5 59 373
a 4 26 13 68 338
a 4 20 9 164 224
a 4 15 4 112 92
a 4 16 2 170 390
a 4 13 14 213 338
a 4 7 9 89 189
a 4 27 6 101 361
a 4 10 18 149 247
a 4 25 2 195 109
a 4 3 2 203 510
a 4 17 11 83 504
a 4 5 14 190 350
a 4 0 3 207 390
a 4 28 5 109 413
a 4 19 19 233 69
a 4 9 5 56 109
a 4 21 16 79 395
a 4 29 3 216 481
a 4 22 7 66 58
a 4 18 3 161 98
a 4 8 7 122 361
a 4 11 4 58 538
a 4 6 16 231 212
a 4 14 8 123 212
a 4 1 12 154 109
a 4 12 2 93 189
a 5 26 4 54 207
a 5 7 19 88 395
a 5 13 16 158 201
a 5 15 11 70 121
a 5 4 6 87 207
a 5 1 3 116 126
a 5 2 15 58 132
a 5 16 14 256 281
a 5 9 8 80 516
a 5 24 17 248 567
a 5 28 12 204 498
a 5 3 17 132 310
a 5 6 3 115 355
a 5 18 10 137 430
a 5 19 17 108 476
a 5 27 13 129 516
a 5 12 15 101 350
a 5 22 17 161 138
a 5 29 15 104 195
a 5 21 3 253 504
a 5 17 11 221 533
a 5 20 16 176 207
a 6 18 13 194 441
a 6 27 16 218 218
a 6 19 3 53 373
a 6 14 4 244 275
a 6 29 7 207 178
a 6 8 11 226 470
a 6 25 14 244 441
a 6 2 16 146 132
a 6 4 16 55 161
a 6 22 15 127 401
a 6 3 18 224 510
a 6 7 19 186 464
a 6 24 14 148 126
a 6 0 5 254 533
a 6 20 19 197 384
a 6 12 11 135 493
a 6 16 13 81 241
a 6 13 13 128 126
a 6 5 19 150 304
a 6 9 13 238 498
a 6 17 19 103 298
a 6 23 3 114 321
a 6 1 18 213 538
a 6 21 7 154 458
a 7 2 14 134 63
a 7 13 16 62 384
a 7 23 11 88 533
a 7 16 10 140 350
a 7 18 10 117 92
a 7 17 19 182 458
a 7 4 5 210 184
a 7 5 17 64 321
a 7 24 19 68 212
a 7 14 18 143 470
a 7 11 17 62 476
a 7 3 2 241 418
a 7 10 6 102 321
a 7 19 12 190 544
a 7 0 5 252 281
a 7 1 14 134 92
a 7 9 14 213 104
a 7 28 7 226 418
a 7 26 18 152 287
a 7 27 4 184 69
a 7 20 17 235 498
a 7 25 15 121 235
a 7 12 10 252 561
a 7 15 3 224 207
a 7 22 4 206 550
a 7 29 17 69 327
a 7 6 19 240 458
a 7 8 14 237 252
a 7 21 6 104 92
a 8 13 6 172 373
a 8 10 17 181 332
a 8 26 9 164 63
a 8 2 2 244 166
a 8 29 10 194 430
a 8 18 7 142 504
a 8 25 16 202 81
a 8 17 12 172 481
a 8 27 8 161 264
a 8 24 19 181 378
a 8 14 12 183 510
a 8 28 13 189 69
a 8 19 13 56 315
a 8 9 19 92 441
a 8 7 8 77 126
a 8 3 17 197 538
a 8 16 19 124 441
a 8 5 6 73 458
a 8 23 5 117 161
a 8 4 4 59 464
a 8 22 3 70 521
a 8 0 11 200 241
a 8 6 15 201 441
a 8 21 10 232 269
a 8 1 18 86 144
a 9 25 6 189 527
a 9 23 19 189 533
a 9 28 18 226 430
a 9 18 5 138 521
a 9 0 10 57 132
a 9 21 8 53 189
a 9 11 7 109 350
a 9 14 5 194 126
a 9 26 15 141 487
a 9 20 7 121 258
a 9 27 13 58 538
a 9 24 6 99 355
a 9 5 8 184 224
a 9 2 5 124 104
a 9 4 6 153 395
a 9 12 16 180 166
a 9 13 8 136 229
a 9 10 2 60 476
a 9 8 16 70 98
a 9 16 16 256 189
a 9 22 2 129 195
a 9 3 10 63 212
a 10 6 8 168 350
a 10 2 4 231 224
a 10 24 2 122 75
a 10 8 8 134 98
a 10 11 10 141 464
a 10 23 13 148 126
a 10 26 8 247 229
a 10 5 18 167 235
a 10 0 4 204 247
a 10 20 14 53 527
a 10 3 19 64 287
a 10 19 15 142 487
a 10 28 8 210 355
a 10 18 4 143 58
a 10 16 17 247 441
a 10 25 6 232 447
a 10 15 9 241 498
a 10 4 10 224 338
a 10 12 2 215 281
a 11 29 2 147 544
a 11 28 4 138 109
a 11 23 18 109 207
a 11 15 14 137 98
a 11 5 5 133 144
a 11 20 7 176 527
a 11 17 2 215 58
a 11 10 9 69 544
a 11 6 18 82 224
a 11 4 14 217 63
a 11 21 12 76 109
a 11 8 10 125 287
a 11 26 12 227 355
a 11 27 3 222 229
a 11 7 15 210 373
a 11 18 5 180 172
a 11 9 14 105 58
a 11 19 18 177 521
a 11 2 18 101 556
a 11 24 15 80 269
a 11 3 5 139 470
a 11 16 8 97 224
a 11 25 2 225 367
a 12 28 15 241 207
a 12 24 6 143 510
a 12 5 15 110 115
a 12 21 6 85 350
a 12 14 7 255 229
a 12 13 17 128 498
a 12 1 16 156 235
a 12 25 10 210 350
a 12 7 5 111 453
a 12 15 14 125 401
a 12 27 13 203 172
a 12 18 2 191 115
a 12 23 5 75 126
a 12 8 11 122 521
a 12 29 8 65 447
a 12 0 3 115 126
a 12 2 15 85 424
a 12 19 7 67 138
a 13 10 18 125 395
a 13 4 10 195 310
a 13 25 16 78 115
a 13 6 6 80 161
a 13 9 12 74 344
a 13 26 2 143 504
a 13 21 11 137 201
a 13 18 12 249 166
a 13 19 11 194 447
a 13 14 12 218 544
a 13 11 10 105 224
a 13 17 18 190 241
a 13 23 19 56 195
a 13 28 3 246 310
a 13 8 17 75 247
a 13 15 13 139 258
a 13 29 13 132 458
a 13 0 14 98 321
a 13 5 6 181 516
a 13 16 7 202 332
a 13 2 12 84 481
a 14 23 18 197 109
a 14 21 13 169 58
a 14 7 2 225 104
a 14 12 6 254 207
a 14 0 16 234 424
a 14 9 14 231 189
a 14 28 5 125 527
a 14 29 3 59 458
a 14 22 8 108 81
a 14 20 11 106 81
a 14 25 12 85 481
a 14 13 11 210 521
a 14 4 8 136 98
a 14 26 15 75 58
a 14 16 9 60 453
a 14 6 17 175 218
a 14 2 12 196 458
a 14 17 7 155 476
a 14 24 9 180 292
a 14 10 9 148 166
a 14 19 16 53 201
a 14 11 11 61 458
a 14 3 13 120 315
a 14 15 2 183 281
a 14 8 19 172 58
a 14 5 14 194 275
a 15 29 16 130 556
a 15 17 11 104 418
a 15 11 6 163 447
a 15 28 5 105 229
a 15 1 9 57 516
a 15 13 7 143 201
a 15 9 3 99 315
a 15 27 9 105 476
a 15 22 19 149 521
a 15 26 16 165 252
a 15 12 8 126 252
a 15 20 11 240 561
a 15 3 11 222 195
a 15 14 13 172 435
a 15 0 10 79 527
a 15 6 16 164 430
a 15 7 6 220 58
a 15 8 17 160 384
a 15 4 3 252 281
a 15 2 18 208 453
a 15 19 9 241 144
a 15 21 14 202 367
a 15 23 7 70 235
a 15 10 14 169 304
a 15 16 8 118 252
a 15 18 12 188 533
a 15 25 10 102 487
a 16 25 16 238 504
a 16 2 4 227 378
a 16 13 10 251 264
a 16 14 7 109 155
a 16 0 17 124 92
a 16 22 8 170 304
a 16 1 3 159 561
a 16 5 13 92 63
a 16 12 16 251 138
a 16 9 11 163 281
a 16 3 18 65 281
a 16 19 15 62 269
a 16 29 7 84 435
a 16 21 13 235 69
a 16 15 5 121 75
a 16 4 3 196 321
a 16 11 19 209 109
a 16 24 18 248 207
a 16 6 9 122 304
a 16 23 11 70 189
a 16 17 7 136 189
a 16 20 6 118 430
a 16 10 17 208 538
a 16 27 12 183 441
a 17 9 4 70 155
a 17 18 4 192 92
a 17 1 4 243 155
a 17 5 15 180 315
a 17 12 9 195 126
a 17 15 5 231 447
a 17 16 3 66 258
a 17 23 4 157 161
a 17 0 8 74 384
a 17 22 2 214 533
a 17 6 13 128 75
a 17 2 4 220 287
a 17 3 15 112 378
a 17 24 17 65 292
a 17 11 4 207 464
a 17 26 8 157 395
a 17 21 15 160 218
a 17 29 13 59 201
a 17 10 14 195 189
a 17 14 6 178 521
a 17 4 16 208 533
a 17 13 13 144 304
a 17 27 10 181 367
a 17 28 15 69 155
a 17 20 19 128 86
a 17 25 5 98 161
a 18 17 7 234 58
a 18 19 7 118 384
a 18 2 11 165 430
a 18 13 6 216 453
a 18 24 4 195 287
a 18 23 7 250 344
a 18 14 15 82 121
a 18 3 19 65 195
a 18 7 7 173 390
a 18 16 3 122 373
a 18 15 5 190 172
a 18 20 15 149 550
a 18 26 19 176 413
a 18 11 18 177 264
a 18 8 17 148 510
a 18 4 3 98 138
a 18 12 16 216 561
a 18 25 2 73 321
a 18 0 2 107 355
a 19 21 9 108 407
a 19 27 18 52 453
a 19 29 5 172 533
a 19 12 8 215 464
a 19 4 15 202 390
a 19 2 3 192 115
a 19 18 17 68 201
a 19 23 17 57 464
a 19 11 17 84 258
a 19 5 2 66 218
a 19 13 6 244 550
a 19 16 8 73 184
a 19 17 6 239 447
a 19 0 15 72 258
a 19 24 19 83 350
a 19 28 13 123 212
a 19 26 18 112 121
a 19 22 4 225 430
a 19 6 4 214 304
a 19 8 9 194 355
a 19 1 13 137 121
a 19 3 16 236 521
a 19 25 12 111 166
a 19 14 6 250 172
a 19 20 8 184 149
a 20 24 16 220 361
a 20 8 5 177 310
a 20 25 15 130 201
a 20 2 2 92 510
a 20 0 12 210 207
a 20 29 9 228 567
a 20 1 5 164 292
a 20 6 3 90 521
a 20 15 11 90 338
a 20 16 7 100 361
a 20 9 11 210 430
a 20 11 6 176 104
a 20 14 6 135 493
a 20 23 13 180 201
a 20 10 6 89 407
a 20 26 19 208 81
a 20 4 2 139 481
a 20 28 12 83 92
a 21 19 18 79 418
a 21 10 7 197 195
a 21 2 18 140 378
a 21 23 5 67 493
a 21 11 8 220 69
a 21 24 7 91 184
a 21 1 18 173 327
a 21 16 10 70 218
a 21 18 19 133 304
a 21 20 15 57 69
a 21 0 15 254 435
a 21 8 4 208 69
a 21 22 7 247 550
a 21 29 17 137 287
a 21 13 11 83 373
a 21 5 3 250 401
a 21 26 6 250 178
a 21 25 4 125 115
a 21 28 15 141 275
a 21 6 5 138 92
a 21 4 19 187 533
a 21 15 18 110 258
a 22 5 12 207 561
a 22 19 16 150 464
a 22 29 3 140 315
a 22 11 6 228 287
a 22 26 15 146 487
a 22 9 15 109 556
a 22 2 13 122 121
a 22 23 4 90 487
a 22 3 19 144 281
a 22 18 2 157 281
a 22 7 3 245 75
a 22 24 4 148 350
a 22 25 2 115 332
a 22 12 3 207 567
a 22 21 10 172 556
a 22 13 9 239 298
a 22 20 4 139 229
a 22 15 8 66 373
a 22 8 17 220 63
a 22 16 8 234 132
a 22 28 3 81 441
a 22 4 14 79 281
a 22 14 4 239 424
a 22 0 6 248 184
a 22 1 4 170 373
a 22 6 11 190 327
a 22 17 16 224 149
a 22 27 17 205 264
a 22 10 6 169 121
a 23 18 15 201 269
a 23 15 5 104 550
a 23 19 16 87 487
a 23 12 12 158 287
a 23 5 9 77 109
a 23 14 19 58 275
a 23 24 12 166 533
a 23 1 3 249 281
a 23 28 9 194 413
a 23 8 6 117 126
a 23 2 17 53 332
a 23 16 10 59 292
a 23 0 13 180 435
a 23 10 19 133 424
a 23 7 8 174 304
a 23 9 7 137 304
a 23 4 14 160 98
a 23 17 12 247 269
a 23 22 4 52 63
a 24 25 6 163 224
a 24 22 16 53 441
a 24 23 2 145 470
a 24 12 11 69 161
a 24 18 7 108 149
a 24 7 16 90 418
a 24 19 4 187 338
a 24 28 16 243 235
a 24 20 17 256 504
a 24 8 4 108 516
a 24 3 2 223 407
a 24 6 14 190 121
a 24 13 2 222 435
a 24 21 7 112 430
a 24 11 19 227 430
a 24 5 11 87 224
a 24 26 2 163 538
a 25 11 10 167 413
a 25 12 4 224 510
a 25 0 11 189 315
a 25 29 3 70 63
a 25 18 10 107 75
a 25 9 6 138 144
a 25 10 12 111 418
a 25 3 7 97 430
a 25 5 12 167 287
a 25 16 7 164 458
a 25 24 4 241 247
a 25 26 2 134 58
a 25 2 10 99 435
a 25 7 11 55 58
a 25 23 11 208 184
a 25 6 13 197 92
a 25 4 16 126 538
a 26 2 8 245 395
a 26 15 18 191 304
a 26 10 19 64 229
a 26 13 5 52 453
a 26 9 6 187 441
a 26 17 16 245 521
a 26 5 11 131 92
a 26 16 16 69 561
a 26 4 6 126 138
a 26 29 12 224 144
a 26 28 7 232 229
a 26 3 4 195 527
a 26 6 15 138 481
a 26 24 12 149 332
a 26 21 16 52 207
a 26 12 10 239 355
a 26 14 10 155 298
a 26 18 19 235 92
a 27 10 19 122 453
a 27 5 19 153 144
a 27 19 13 149 424
a 27 1 18 179 418
a 27 6 3 125 81
a 27 14 16 123 378
a 27 0 17 81 155
a 27 7 7 161 258
a 27 20 18 171 544
a 27 25 17 210 355
a 27 4 15 220 476
a 27 12 9 102 464
a 27 8 10 217 470
a 27 26 8 153 224
a 27 11 9 235 447
a 27 17 7 54 92
a 27 29 9 79 207
a 27 18 7 147 115
a 27 22 9 73 487
a 27 9 9 212 521
a 27 15 12 183 189
a 27 21 5 172 401
a 27 13 12 95 373
a 27 16 10 176 224
a 27 3 8 90 81
a 27 23 18 135 464
a 28 27 16 156 304
a 28 21 3 249 275
a 28 14 2 175 315
a 28 1 6 166 98
a 28 2 13 254 161
a 28 29 16 76 298
a 28 5 2 240 298
a 28 11 9 248 538
a 28 17 8 249 207
a 28 23 19 119 98
a 28 19 18 80 189
a 28 8 12 93 361
a 28 26 17 222 361
a 28 15 3 138 321
a 28 6 3 53 407
a 28 13 15 178 481
a 28 0 13 65 304
a 28 16 19 69 144
a 28 24 8 89 195
a 28 25 2 256 453
a 28 9 10 94 109
a 29 20 15 133 310
a 29 19 14 112 247
a 29 13 4 210 395
a 29 15 4 117 81
a 29 10 10 93 229
a 29 7 2 221 75
a 29 28 7 129 487
a 29 22 19 164 144
a 29 2 4 116 138
a 29 8 5 157 344
a 29 17 8 175 390
a 29 25 3 252 521
a 29 21 7 83 504
a 29 12 6 90 378
a 29 11 4 235 281
a 29 26 17 132 384
a 29 24 14 69 281
a 29 3 15 99 413
a 29 6 18 254 115
a 29 5 16 107 384
a 29 23 7 156 413
a 29 9 5 206 493
