c fixed charge multi commodity flow
c
c problem vertices edges commodities
p fcmcf 10 35 10
c
c origin destination demand
k 7 5 71
k 5 9 32
k 3 1 78
k 3 6 40
k 1 7 53
k 9 3 80
k 2 0 57
k 7 0 72
k 5 0 57
k 8 7 73
c
c source target cost capacity fixed
a 0 1 100 214 595
a 0 9 54 11 244
a 0 7 45 19 375
a 0 6 18 28 369
a 1 2 100 214 595
a 1 3 13 25 441
a 1 6 92 15 340
a 1 8 13 27 179
a 1 7 93 25 363
a 2 3 100 214 595
a 2 1 27 34 554
a 2 0 76 17 143
a 2 6 11 18 238
a 2 9 25 17 518
a 3 4 100 214 595
a 3 2 95 29 108
a 3 9 50 23 322
a 4 5 100 214 595
a 4 1 34 10 125
a 4 7 72 29 536
a 4 2 59 35 524
a 5 6 100 214 595
a 5 9 41 13 304
a 5 7 73 22 393
a 6 7 100 214 595
a 6 0 96 25 286
a 6 8 22 28 572
a 7 8 100 214 595
a 7 2 41 17 340
a 7 6 78 17 357
a 7 1 30 26 256
a 8 9 100 214 595
a 8 5 50 30 298
a 9 0 100 214 595
a 9 5 48 20 375
