c fixed charge multi commodity flow
c
c problem vertices edges commodities
p fcmcf 10 35 10
c
c origin destination demand
k 7 5 71
k 5 9 32
k 3 1 78
k 3 6 40
k 1 7 53
k 9 3 80
k 2 0 57
k 7 0 72
k 5 0 57
k 8 7 73
c
c source target cost capacity fixed
a 0 1 100 613 5949
a 0 9 54 81 2440
a 0 7 45 151 3748
a 0 6 18 223 3689
a 1 2 100 613 5949
a 1 3 13 198 4403
a 1 6 92 115 3391
a 1 8 13 215 1785
a 1 7 93 193 3629
a 2 3 100 613 5949
a 2 1 27 265 5533
a 2 0 76 129 1428
a 2 6 11 143 2380
a 2 9 25 129 5176
a 3 4 100 613 5949
a 3 2 95 232 1071
a 3 9 50 179 3213
a 4 5 100 613 5949
a 4 1 34 73 1250
a 4 7 72 232 5355
a 4 2 59 276 5236
a 5 6 100 613 5949
a 5 9 41 101 3034
a 5 7 73 173 3927
a 6 7 100 613 5949
a 6 0 96 198 2856
a 6 8 22 221 5711
a 7 8 100 613 5949
a 7 2 41 134 3391
a 7 6 78 134 3570
a 7 1 30 201 2559
a 8 9 100 613 5949
a 8 5 50 240 2975
a 9 0 100 613 5949
a 9 5 48 156 3748
