c fixed charge multi commodity flow
c
c problem vertices edges commodities
p fcmcf 10 35 10
c
c origin destination demand
k 7 5 71
k 5 9 32
k 3 1 78
k 3 6 40
k 1 7 53
k 9 3 80
k 2 0 57
k 7 0 72
k 5 0 57
k 8 7 73
c
c source target cost capacity fixed
a 0 1 100 214 2975
a 0 9 54 11 1220
a 0 7 45 19 1874
a 0 6 18 28 1845
a 1 2 100 214 2975
a 1 3 13 25 2202
a 1 6 92 15 1696
a 1 8 13 27 893
a 1 7 93 25 1815
a 2 3 100 214 2975
a 2 1 27 34 2767
a 2 0 76 17 714
a 2 6 11 18 1190
a 2 9 25 17 2588
a 3 4 100 214 2975
a 3 2 95 29 536
a 3 9 50 23 1607
a 4 5 100 214 2975
a 4 1 34 10 625
a 4 7 72 29 2678
a 4 2 59 35 2618
a 5 6 100 214 2975
a 5 9 41 13 1517
a 5 7 73 22 1964
a 6 7 100 214 2975
a 6 0 96 25 1428
a 6 8 22 28 2856
a 7 8 100 214 2975
a 7 2 41 17 1696
a 7 6 78 17 1785
a 7 1 30 26 1280
a 8 9 100 214 2975
a 8 5 50 30 1488
a 9 0 100 214 2975
a 9 5 48 20 1874
