c fixed charge multi commodity flow
c
c problem vertices edges commodities
p fcmcf 10 35 25
c
c origin destination demand
k 6 1 71
k 3 2 32
k 1 6 78
k 5 3 40
k 4 1 53
k 5 6 80
k 1 4 57
k 3 9 72
k 2 5 57
k 4 3 73
k 6 8 36
k 7 6 22
k 7 3 93
k 0 6 95
k 7 9 27
k 4 5 37
k 9 1 33
k 8 5 94
k 6 2 19
k 2 4 59
k 8 9 17
k 6 5 91
k 2 6 53
k 7 1 73
k 5 4 55
c
c source target cost capacity fixed
a 0 1 100 1417 14346
a 0 6 80 49 13199
a 0 3 67 225 10903
a 0 7 25 100 11047
a 1 2 100 1417 14346
a 2 3 100 1417 14346
a 2 6 52 113 5022
a 3 4 100 1417 14346
a 3 6 24 306 10043
a 3 1 42 267 1435
a 3 9 91 113 5882
a 3 5 97 113 6743
a 3 8 97 245 12912
a 3 2 84 180 14203
a 4 5 100 1417 14346
a 4 0 42 148 12912
a 5 6 100 1417 14346
a 5 4 54 286 9469
a 6 7 100 1417 14346
a 6 9 69 148 4591
a 7 8 100 1417 14346
a 7 4 96 261 8321
a 7 5 75 126 2296
a 7 6 99 71 10616
a 8 9 100 1417 14346
a 8 5 44 78 7317
a 8 6 99 203 10329
a 8 0 83 142 1865
a 8 1 81 193 6600
a 8 7 92 318 11477
a 9 0 100 1417 14346
a 9 3 67 174 4161
a 9 8 89 84 1722
a 9 4 34 103 4591
a 9 6 63 45 4304
