c fixed charge multi commodity flow
c
c problem vertices edges commodities
p fcmcf 10 35 25
c
c origin destination demand
k 6 1 71
k 3 2 32
k 1 6 78
k 5 3 40
k 4 1 53
k 5 6 80
k 1 4 57
k 3 9 72
k 2 5 57
k 4 3 73
k 6 8 36
k 7 6 22
k 7 3 93
k 0 6 95
k 7 9 27
k 4 5 37
k 9 1 33
k 8 5 94
k 6 2 19
k 2 4 59
k 8 9 17
k 6 5 91
k 2 6 53
k 7 1 73
k 5 4 55
c
c source target cost capacity fixed
a 0 1 100 1417 14346
a 0 6 80 25 13199
a 0 3 67 113 10903
a 0 7 25 50 11047
a 1 2 100 1417 14346
a 2 3 100 1417 14346
a 2 6 52 57 5022
a 3 4 100 1417 14346
a 3 6 24 153 10043
a 3 1 42 134 1435
a 3 9 91 57 5882
a 3 5 97 57 6743
a 3 8 97 123 12912
a 3 2 84 90 14203
a 4 5 100 1417 14346
a 4 0 42 74 12912
a 5 6 100 1417 14346
a 5 4 54 143 9469
a 6 7 100 1417 14346
a 6 9 69 74 4591
a 7 8 100 1417 14346
a 7 4 96 131 8321
a 7 5 75 63 2296
a 7 6 99 36 10616
a 8 9 100 1417 14346
a 8 5 44 39 7317
a 8 6 99 102 10329
a 8 0 83 71 1865
a 8 1 81 97 6600
a 8 7 92 159 11477
a 9 0 100 1417 14346
a 9 3 67 87 4161
a 9 8 89 42 1722
a 9 4 34 52 4591
a 9 6 63 23 4304
