c fixed charge multi commodity flow
c
c problem vertices edges commodities
p fcmcf 10 35 25
c
c origin destination demand
k 6 1 71
k 3 2 32
k 1 6 78
k 5 3 40
k 4 1 53
k 5 6 80
k 1 4 57
k 3 9 72
k 2 5 57
k 4 3 73
k 6 8 36
k 7 6 22
k 7 3 93
k 0 6 95
k 7 9 27
k 4 5 37
k 9 1 33
k 8 5 94
k 6 2 19
k 2 4 59
k 8 9 17
k 6 5 91
k 2 6 53
k 7 1 73
k 5 4 55
c
c source target cost capacity fixed
a 0 1 100 1417 7173
a 0 6 80 25 6600
a 0 3 67 113 5452
a 0 7 25 50 5524
a 1 2 100 1417 7173
a 2 3 100 1417 7173
a 2 6 52 57 2511
a 3 4 100 1417 7173
a 3 6 24 153 5022
a 3 1 42 134 718
a 3 9 91 57 2941
a 3 5 97 57 3372
a 3 8 97 123 6456
a 3 2 84 90 7102
a 4 5 100 1417 7173
a 4 0 42 74 6456
a 5 6 100 1417 7173
a 5 4 54 143 4735
a 6 7 100 1417 7173
a 6 9 69 74 2296
a 7 8 100 1417 7173
a 7 4 96 131 4161
a 7 5 75 63 1148
a 7 6 99 36 5308
a 8 9 100 1417 7173
a 8 5 44 39 3659
a 8 6 99 102 5165
a 8 0 83 71 933
a 8 1 81 97 3300
a 8 7 92 159 5739
a 9 0 100 1417 7173
a 9 3 67 87 2081
a 9 8 89 42 861
a 9 4 34 52 2296
a 9 6 63 23 2152
