c fixed charge multi commodity flow
c
c problem vertices edges commodities
p fcmcf 10 25 25
c
c origin destination demand
k 2 4 71
k 9 0 32
k 0 8 78
k 7 6 40
k 1 3 53
k 2 1 80
k 6 5 57
k 3 4 72
k 1 5 57
k 6 1 73
k 4 3 36
k 9 5 22
k 3 2 93
k 5 4 95
k 3 6 27
k 6 8 37
k 7 3 33
k 0 6 94
k 7 9 19
k 4 5 59
k 9 1 17
k 8 5 91
k 6 2 53
k 8 9 73
k 2 6 55
c
c source target cost capacity fixed
a 0 3 60 291 3173
a 1 0 53 43 11035
a 2 4 82 149 4139
a 2 0 96 249 8966
a 2 6 50 266 12139
a 3 9 73 175 12691
a 3 4 43 288 3449
a 4 5 51 178 11725
a 4 0 29 133 13518
a 4 7 52 230 1518
a 5 6 12 272 13104
a 5 4 37 94 8139
a 6 9 69 149 4414
a 6 5 55 59 11035
a 6 2 22 130 4414
a 6 8 49 301 12139
a 6 0 23 110 5104
a 7 1 92 214 1932
a 7 9 43 68 2345
a 7 6 16 191 12277
a 8 7 88 123 7173
a 9 4 79 162 8828
a 9 0 46 204 12139
a 9 3 24 169 1518
a 9 7 41 191 5242
