c fixed charge multi commodity flow
c
c problem vertices edges commodities
p fcmcf 10 35 50
c
c origin destination demand
k 4 6 71
k 3 0 32
k 9 8 78
k 0 1 40
k 4 0 53
k 8 6 80
k 2 7 57
k 2 9 72
k 5 2 57
k 8 0 73
k 0 2 36
k 3 4 22
k 9 6 93
k 6 5 95
k 2 6 27
k 5 7 37
k 7 9 33
k 4 2 94
k 3 7 19
k 9 7 59
k 6 3 17
k 9 3 91
k 7 6 53
k 6 4 73
k 2 4 55
k 1 7 71
k 7 1 92
k 1 5 32
k 4 8 46
k 2 5 69
k 6 0 27
k 3 8 36
k 5 0 37
k 5 8 13
k 1 3 71
k 5 4 15
k 4 7 48
k 8 1 71
k 3 6 96
k 9 4 30
k 7 4 63
k 0 3 75
k 0 6 13
k 4 3 76
k 3 2 83
k 8 3 24
k 0 9 26
k 1 0 10
k 6 1 27
k 7 5 72
c
c source target cost capacity fixed
a 0 1 100 1102 13036
a 0 6 92 7 6127
a 0 7 83 16 9125
a 1 2 100 1102 13036
a 1 8 44 6 1825
a 2 3 100 1102 13036
a 2 0 55 30 6779
a 2 4 97 11 10690
a 2 9 12 6 10168
a 2 6 41 13 6518
a 2 1 93 37 6779
a 3 4 100 1102 13036
a 3 6 58 14 10429
a 3 9 93 24 11472
a 3 2 47 15 6257
a 4 5 100 1102 13036
a 4 3 90 22 3781
a 5 6 100 1102 13036
a 5 3 27 17 2868
a 6 7 100 1102 13036
a 6 0 63 20 12906
a 6 4 97 30 6909
a 6 5 60 21 5736
a 6 8 76 23 6649
a 7 8 100 1102 13036
a 7 6 32 38 8343
a 7 1 25 20 5606
a 7 3 47 38 11341
a 7 4 79 22 8213
a 8 9 100 1102 13036
a 8 5 58 32 5866
a 8 3 84 32 2999
a 9 0 100 1102 13036
a 9 5 24 17 8734
a 9 4 25 38 7170
