c fixed charge multi commodity flow
c
c problem vertices edges commodities
p fcmcf 10 60 10
c
c origin destination demand
k 9 5 71
k 4 7 32
k 8 5 78
k 4 5 40
k 2 3 53
k 0 3 80
k 7 6 57
k 7 1 72
k 9 6 57
k 6 8 73
c
c source target cost capacity fixed
a 0 1 100 310 3003
a 0 9 54 15 1231
a 0 7 45 28 1892
a 0 6 18 41 1862
a 0 3 13 19 1231
a 0 8 73 50 2072
a 0 4 57 36 2102
a 0 2 65 19 2582
a 0 5 61 10 391
a 1 2 100 310 3003
a 1 3 13 36 2222
a 1 6 92 21 1712
a 1 8 13 39 901
a 1 7 93 35 1832
a 1 9 66 34 2582
a 2 3 100 310 3003
a 2 1 27 48 2793
a 2 0 76 24 721
a 2 6 11 26 1201
a 2 9 25 24 2613
a 2 8 31 42 361
a 3 4 100 310 3003
a 3 2 95 42 541
a 3 9 50 33 1622
a 3 7 12 24 1472
a 3 6 15 30 2703
a 3 1 20 23 2162
a 3 5 23 16 2402
a 4 5 100 310 3003
a 4 1 34 14 631
a 4 7 72 42 2703
a 4 2 59 51 2643
a 4 9 32 21 2913
a 5 6 100 310 3003
a 5 9 41 19 1532
a 5 7 73 32 1982
a 5 0 33 29 451
a 5 2 36 9 871
a 6 7 100 310 3003
a 6 0 96 36 1442
a 6 8 22 40 2883
a 6 1 59 41 451
a 6 2 38 35 1802
a 7 8 100 310 3003
a 7 2 41 25 1712
a 7 6 78 25 1802
a 7 1 30 37 1291
a 7 5 42 48 1712
a 7 3 63 8 1141
a 7 4 54 49 1442
a 7 0 97 40 1231
a 8 9 100 310 3003
a 8 5 50 44 1502
a 8 1 35 45 2462
a 8 6 34 19 1081
a 8 2 47 17 2042
a 9 0 100 310 3003
a 9 5 48 29 1892
a 9 3 97 8 2703
a 9 8 70 47 991
