c fixed charge multi commodity flow
c
c problem vertices edges commodities
p fcmcf 10 60 10
c
c origin destination demand
k 9 5 71
k 4 7 32
k 8 5 78
k 4 5 40
k 2 3 53
k 0 3 80
k 7 6 57
k 7 1 72
k 9 6 57
k 6 8 73
c
c source target cost capacity fixed
a 0 1 100 613 601
a 0 9 54 118 247
a 0 7 45 219 379
a 0 6 18 324 373
a 0 3 13 150 247
a 0 8 73 397 415
a 0 4 57 287 421
a 0 2 65 150 517
a 0 5 61 77 79
a 1 2 100 613 601
a 1 3 13 287 445
a 1 6 92 166 343
a 1 8 13 312 181
a 1 7 93 279 367
a 1 9 66 267 517
a 2 3 100 613 601
a 2 1 27 384 559
a 2 0 76 186 145
a 2 6 11 207 241
a 2 9 25 186 523
a 2 8 31 336 73
a 3 4 100 613 601
a 3 2 95 336 109
a 3 9 50 259 325
a 3 7 12 190 295
a 3 6 15 235 541
a 3 1 20 178 433
a 3 5 23 122 481
a 4 5 100 613 601
a 4 1 34 106 127
a 4 7 72 336 541
a 4 2 59 401 529
a 4 9 32 166 583
a 5 6 100 613 601
a 5 9 41 146 307
a 5 7 73 251 397
a 5 0 33 227 91
a 5 2 36 69 175
a 6 7 100 613 601
a 6 0 96 287 289
a 6 8 22 320 577
a 6 1 59 324 91
a 6 2 38 275 361
a 7 8 100 613 601
a 7 2 41 194 343
a 7 6 78 194 361
a 7 1 30 291 259
a 7 5 42 380 343
a 7 3 63 57 229
a 7 4 54 388 289
a 7 0 97 320 247
a 8 9 100 613 601
a 8 5 50 348 301
a 8 1 35 356 493
a 8 6 34 150 217
a 8 2 47 134 409
a 9 0 100 613 601
a 9 5 48 227 379
a 9 3 97 57 541
a 9 8 70 372 199
