c fixed charge multi commodity flow
c
c problem vertices edges commodities
p fcmcf 10 60 10
c
c origin destination demand
k 9 5 71
k 4 7 32
k 8 5 78
k 4 5 40
k 2 3 53
k 0 3 80
k 7 6 57
k 7 1 72
k 9 6 57
k 6 8 73
c
c source target cost capacity fixed
a 0 1 100 613 601
a 0 9 54 59 247
a 0 7 45 110 379
a 0 6 18 162 373
a 0 3 13 75 247
a 0 8 73 199 415
a 0 4 57 144 421
a 0 2 65 75 517
a 0 5 61 39 79
a 1 2 100 613 601
a 1 3 13 144 445
a 1 6 92 83 343
a 1 8 13 156 181
a 1 7 93 140 367
a 1 9 66 134 517
a 2 3 100 613 601
a 2 1 27 192 559
a 2 0 76 93 145
a 2 6 11 104 241
a 2 9 25 93 523
a 2 8 31 168 73
a 3 4 100 613 601
a 3 2 95 168 109
a 3 9 50 130 325
a 3 7 12 95 295
a 3 6 15 118 541
a 3 1 20 89 433
a 3 5 23 61 481
a 4 5 100 613 601
a 4 1 34 53 127
a 4 7 72 168 541
a 4 2 59 201 529
a 4 9 32 83 583
a 5 6 100 613 601
a 5 9 41 73 307
a 5 7 73 126 397
a 5 0 33 114 91
a 5 2 36 35 175
a 6 7 100 613 601
a 6 0 96 144 289
a 6 8 22 160 577
a 6 1 59 162 91
a 6 2 38 138 361
a 7 8 100 613 601
a 7 2 41 97 343
a 7 6 78 97 361
a 7 1 30 146 259
a 7 5 42 190 343
a 7 3 63 29 229
a 7 4 54 194 289
a 7 0 97 160 247
a 8 9 100 613 601
a 8 5 50 174 301
a 8 1 35 178 493
a 8 6 34 75 217
a 8 2 47 67 409
a 9 0 100 613 601
a 9 5 48 114 379
a 9 3 97 29 541
a 9 8 70 186 199
