c fixed charge multi commodity flow
c
c problem vertices edges commodities
p fcmcf 10 60 10
c
c origin destination demand
k 9 5 71
k 4 7 32
k 8 5 78
k 4 5 40
k 2 3 53
k 0 3 80
k 7 6 57
k 7 1 72
k 9 6 57
k 6 8 73
c
c source target cost capacity fixed
a 0 1 100 613 3003
a 0 9 54 59 1231
a 0 7 45 110 1892
a 0 6 18 162 1862
a 0 3 13 75 1231
a 0 8 73 199 2072
a 0 4 57 144 2102
a 0 2 65 75 2582
a 0 5 61 39 391
a 1 2 100 613 3003
a 1 3 13 144 2222
a 1 6 92 83 1712
a 1 8 13 156 901
a 1 7 93 140 1832
a 1 9 66 134 2582
a 2 3 100 613 3003
a 2 1 27 192 2793
a 2 0 76 93 721
a 2 6 11 104 1201
a 2 9 25 93 2613
a 2 8 31 168 361
a 3 4 100 613 3003
a 3 2 95 168 541
a 3 9 50 130 1622
a 3 7 12 95 1472
a 3 6 15 118 2703
a 3 1 20 89 2162
a 3 5 23 61 2402
a 4 5 100 613 3003
a 4 1 34 53 631
a 4 7 72 168 2703
a 4 2 59 201 2643
a 4 9 32 83 2913
a 5 6 100 613 3003
a 5 9 41 73 1532
a 5 7 73 126 1982
a 5 0 33 114 451
a 5 2 36 35 871
a 6 7 100 613 3003
a 6 0 96 144 1442
a 6 8 22 160 2883
a 6 1 59 162 451
a 6 2 38 138 1802
a 7 8 100 613 3003
a 7 2 41 97 1712
a 7 6 78 97 1802
a 7 1 30 146 1291
a 7 5 42 190 1712
a 7 3 63 29 1141
a 7 4 54 194 1442
a 7 0 97 160 1231
a 8 9 100 613 3003
a 8 5 50 174 1502
a 8 1 35 178 2462
a 8 6 34 75 1081
a 8 2 47 67 2042
a 9 0 100 613 3003
a 9 5 48 114 1892
a 9 3 97 29 2703
a 9 8 70 186 991
