c fixed charge multi commodity flow
c
c problem vertices edges commodities
p fcmcf 10 60 10
c
c origin destination demand
k 9 5 71
k 4 7 32
k 8 5 78
k 4 5 40
k 2 3 53
k 0 3 80
k 7 6 57
k 7 1 72
k 9 6 57
k 6 8 73
c
c source target cost capacity fixed
a 0 1 100 310 6005
a 0 9 54 15 2462
a 0 7 45 28 3783
a 0 6 18 41 3723
a 0 3 13 19 2462
a 0 8 73 50 4144
a 0 4 57 36 4204
a 0 2 65 19 5164
a 0 5 61 10 781
a 1 2 100 310 6005
a 1 3 13 36 4444
a 1 6 92 21 3423
a 1 8 13 39 1802
a 1 7 93 35 3663
a 1 9 66 34 5164
a 2 3 100 310 6005
a 2 1 27 48 5585
a 2 0 76 24 1442
a 2 6 11 26 2402
a 2 9 25 24 5225
a 2 8 31 42 721
a 3 4 100 310 6005
a 3 2 95 42 1081
a 3 9 50 33 3243
a 3 7 12 24 2943
a 3 6 15 30 5405
a 3 1 20 23 4324
a 3 5 23 16 4804
a 4 5 100 310 6005
a 4 1 34 14 1261
a 4 7 72 42 5405
a 4 2 59 51 5285
a 4 9 32 21 5825
a 5 6 100 310 6005
a 5 9 41 19 3063
a 5 7 73 32 3964
a 5 0 33 29 901
a 5 2 36 9 1742
a 6 7 100 310 6005
a 6 0 96 36 2883
a 6 8 22 40 5765
a 6 1 59 41 901
a 6 2 38 35 3603
a 7 8 100 310 6005
a 7 2 41 25 3423
a 7 6 78 25 3603
a 7 1 30 37 2582
a 7 5 42 48 3423
a 7 3 63 8 2282
a 7 4 54 49 2883
a 7 0 97 40 2462
a 8 9 100 310 6005
a 8 5 50 44 3003
a 8 1 35 45 4924
a 8 6 34 19 2162
a 8 2 47 17 4084
a 9 0 100 310 6005
a 9 5 48 29 3783
a 9 3 97 8 5405
a 9 8 70 47 1982
