c fixed charge multi commodity flow
c
c problem vertices edges commodities
p fcmcf 10 60 10
c
c origin destination demand
k 9 5 71
k 4 7 32
k 8 5 78
k 4 5 40
k 2 3 53
k 0 3 80
k 7 6 57
k 7 1 72
k 9 6 57
k 6 8 73
c
c source target cost capacity fixed
a 0 1 100 613 6005
a 0 9 54 59 2462
a 0 7 45 110 3783
a 0 6 18 162 3723
a 0 3 13 75 2462
a 0 8 73 199 4144
a 0 4 57 144 4204
a 0 2 65 75 5164
a 0 5 61 39 781
a 1 2 100 613 6005
a 1 3 13 144 4444
a 1 6 92 83 3423
a 1 8 13 156 1802
a 1 7 93 140 3663
a 1 9 66 134 5164
a 2 3 100 613 6005
a 2 1 27 192 5585
a 2 0 76 93 1442
a 2 6 11 104 2402
a 2 9 25 93 5225
a 2 8 31 168 721
a 3 4 100 613 6005
a 3 2 95 168 1081
a 3 9 50 130 3243
a 3 7 12 95 2943
a 3 6 15 118 5405
a 3 1 20 89 4324
a 3 5 23 61 4804
a 4 5 100 613 6005
a 4 1 34 53 1261
a 4 7 72 168 5405
a 4 2 59 201 5285
a 4 9 32 83 5825
a 5 6 100 613 6005
a 5 9 41 73 3063
a 5 7 73 126 3964
a 5 0 33 114 901
a 5 2 36 35 1742
a 6 7 100 613 6005
a 6 0 96 144 2883
a 6 8 22 160 5765
a 6 1 59 162 901
a 6 2 38 138 3603
a 7 8 100 613 6005
a 7 2 41 97 3423
a 7 6 78 97 3603
a 7 1 30 146 2582
a 7 5 42 190 3423
a 7 3 63 29 2282
a 7 4 54 194 2883
a 7 0 97 160 2462
a 8 9 100 613 6005
a 8 5 50 174 3003
a 8 1 35 178 4924
a 8 6 34 75 2162
a 8 2 47 67 4084
a 9 0 100 613 6005
a 9 5 48 114 3783
a 9 3 97 29 5405
a 9 8 70 186 1982
