c fixed charge multi commodity flow
c
c problem vertices edges commodities
p fcmcf 10 60 10
c
c origin destination demand
k 9 5 71
k 4 7 32
k 8 5 78
k 4 5 40
k 2 3 53
k 0 3 80
k 7 6 57
k 7 1 72
k 9 6 57
k 6 8 73
c
c source target cost capacity fixed
a 0 1 100 310 601
a 0 9 54 15 247
a 0 7 45 28 379
a 0 6 18 41 373
a 0 3 13 19 247
a 0 8 73 50 415
a 0 4 57 36 421
a 0 2 65 19 517
a 0 5 61 10 79
a 1 2 100 310 601
a 1 3 13 36 445
a 1 6 92 21 343
a 1 8 13 39 181
a 1 7 93 35 367
a 1 9 66 34 517
a 2 3 100 310 601
a 2 1 27 48 559
a 2 0 76 24 145
a 2 6 11 26 241
a 2 9 25 24 523
a 2 8 31 42 73
a 3 4 100 310 601
a 3 2 95 42 109
a 3 9 50 33 325
a 3 7 12 24 295
a 3 6 15 30 541
a 3 1 20 23 433
a 3 5 23 16 481
a 4 5 100 310 601
a 4 1 34 14 127
a 4 7 72 42 541
a 4 2 59 51 529
a 4 9 32 21 583
a 5 6 100 310 601
a 5 9 41 19 307
a 5 7 73 32 397
a 5 0 33 29 91
a 5 2 36 9 175
a 6 7 100 310 601
a 6 0 96 36 289
a 6 8 22 40 577
a 6 1 59 41 91
a 6 2 38 35 361
a 7 8 100 310 601
a 7 2 41 25 343
a 7 6 78 25 361
a 7 1 30 37 259
a 7 5 42 48 343
a 7 3 63 8 229
a 7 4 54 49 289
a 7 0 97 40 247
a 8 9 100 310 601
a 8 5 50 44 301
a 8 1 35 45 493
a 8 6 34 19 217
a 8 2 47 17 409
a 9 0 100 310 601
a 9 5 48 29 379
a 9 3 97 8 541
a 9 8 70 47 199
