c fixed charge multi commodity flow
c
c problem vertices edges commodities
p fcmcf 10 60 10
c
c origin destination demand
k 9 5 71
k 4 7 32
k 8 5 78
k 4 5 40
k 2 3 53
k 0 3 80
k 7 6 57
k 7 1 72
k 9 6 57
k 6 8 73
c
c source target cost capacity fixed
a 0 1 100 613 6005
a 0 9 54 118 2462
a 0 7 45 219 3783
a 0 6 18 324 3723
a 0 3 13 150 2462
a 0 8 73 397 4144
a 0 4 57 287 4204
a 0 2 65 150 5164
a 0 5 61 77 781
a 1 2 100 613 6005
a 1 3 13 287 4444
a 1 6 92 166 3423
a 1 8 13 312 1802
a 1 7 93 279 3663
a 1 9 66 267 5164
a 2 3 100 613 6005
a 2 1 27 384 5585
a 2 0 76 186 1442
a 2 6 11 207 2402
a 2 9 25 186 5225
a 2 8 31 336 721
a 3 4 100 613 6005
a 3 2 95 336 1081
a 3 9 50 259 3243
a 3 7 12 190 2943
a 3 6 15 235 5405
a 3 1 20 178 4324
a 3 5 23 122 4804
a 4 5 100 613 6005
a 4 1 34 106 1261
a 4 7 72 336 5405
a 4 2 59 401 5285
a 4 9 32 166 5825
a 5 6 100 613 6005
a 5 9 41 146 3063
a 5 7 73 251 3964
a 5 0 33 227 901
a 5 2 36 69 1742
a 6 7 100 613 6005
a 6 0 96 287 2883
a 6 8 22 320 5765
a 6 1 59 324 901
a 6 2 38 275 3603
a 7 8 100 613 6005
a 7 2 41 194 3423
a 7 6 78 194 3603
a 7 1 30 291 2582
a 7 5 42 380 3423
a 7 3 63 57 2282
a 7 4 54 388 2883
a 7 0 97 320 2462
a 8 9 100 613 6005
a 8 5 50 348 3003
a 8 1 35 356 4924
a 8 6 34 150 2162
a 8 2 47 134 4084
a 9 0 100 613 6005
a 9 5 48 227 3783
a 9 3 97 57 5405
a 9 8 70 372 1982
