c fixed charge multi commodity flow
c
c problem vertices edges commodities
p fcmcf 10 60 10
c
c origin destination demand
k 9 5 71
k 4 7 32
k 8 5 78
k 4 5 40
k 2 3 53
k 0 3 80
k 7 6 57
k 7 1 72
k 9 6 57
k 6 8 73
c
c source target cost capacity fixed
a 0 1 100 613 3003
a 0 9 54 118 1231
a 0 7 45 219 1892
a 0 6 18 324 1862
a 0 3 13 150 1231
a 0 8 73 397 2072
a 0 4 57 287 2102
a 0 2 65 150 2582
a 0 5 61 77 391
a 1 2 100 613 3003
a 1 3 13 287 2222
a 1 6 92 166 1712
a 1 8 13 312 901
a 1 7 93 279 1832
a 1 9 66 267 2582
a 2 3 100 613 3003
a 2 1 27 384 2793
a 2 0 76 186 721
a 2 6 11 207 1201
a 2 9 25 186 2613
a 2 8 31 336 361
a 3 4 100 613 3003
a 3 2 95 336 541
a 3 9 50 259 1622
a 3 7 12 190 1472
a 3 6 15 235 2703
a 3 1 20 178 2162
a 3 5 23 122 2402
a 4 5 100 613 3003
a 4 1 34 106 631
a 4 7 72 336 2703
a 4 2 59 401 2643
a 4 9 32 166 2913
a 5 6 100 613 3003
a 5 9 41 146 1532
a 5 7 73 251 1982
a 5 0 33 227 451
a 5 2 36 69 871
a 6 7 100 613 3003
a 6 0 96 287 1442
a 6 8 22 320 2883
a 6 1 59 324 451
a 6 2 38 275 1802
a 7 8 100 613 3003
a 7 2 41 194 1712
a 7 6 78 194 1802
a 7 1 30 291 1291
a 7 5 42 380 1712
a 7 3 63 57 1141
a 7 4 54 388 1442
a 7 0 97 320 1231
a 8 9 100 613 3003
a 8 5 50 348 1502
a 8 1 35 356 2462
a 8 6 34 150 1081
a 8 2 47 134 2042
a 9 0 100 613 3003
a 9 5 48 227 1892
a 9 3 97 57 2703
a 9 8 70 372 991
