c fixed charge multi commodity flow
c
c problem vertices edges commodities
p fcmcf 10 60 25
c
c origin destination demand
k 9 4 71
k 9 8 32
k 2 6 78
k 4 2 40
k 7 4 53
k 2 4 80
k 0 3 57
k 1 7 72
k 0 6 57
k 4 3 73
k 9 3 36
k 6 5 22
k 5 8 93
k 7 9 95
k 4 6 27
k 3 2 37
k 8 3 33
k 0 9 94
k 1 0 19
k 7 6 59
k 9 6 17
k 6 1 91
k 7 5 53
k 5 9 73
k 0 4 55
c
c source target cost capacity fixed
a 0 1 100 1417 7169
a 0 6 80 38 6596
a 0 3 67 178 5449
a 0 7 25 79 5521
a 0 2 78 198 2581
a 0 9 98 244 6739
a 0 8 78 82 5162
a 1 2 100 1417 7169
a 1 7 92 46 1363
a 1 3 22 66 6739
a 1 4 28 236 6237
a 1 9 75 147 4947
a 2 3 100 1417 7169
a 2 6 52 89 2510
a 2 0 27 87 789
a 2 9 23 150 1578
a 2 5 90 251 6022
a 3 4 100 1417 7169
a 3 6 24 241 5019
a 3 1 42 211 717
a 3 9 91 89 2940
a 3 5 97 89 3370
a 3 8 97 193 6453
a 3 2 84 142 7098
a 3 7 84 104 5234
a 4 5 100 1417 7169
a 4 0 42 117 6453
a 4 3 58 99 3728
a 4 8 26 41 1864
a 4 6 91 33 4660
a 5 6 100 1417 7169
a 5 4 54 226 4732
a 5 9 26 200 3011
a 5 0 79 211 2438
a 5 7 62 76 2725
a 5 8 92 46 5377
a 6 7 100 1417 7169
a 6 9 69 117 2295
a 6 1 20 84 2796
a 6 5 41 185 5162
a 6 2 79 82 1721
a 6 3 74 185 5951
a 7 8 100 1417 7169
a 7 4 96 206 4158
a 7 5 75 99 1148
a 7 6 99 56 5306
a 7 0 24 216 5090
a 8 9 100 1417 7169
a 8 5 44 61 3657
a 8 6 99 160 5162
a 8 0 83 112 932
a 8 1 81 152 3298
a 8 7 92 251 5736
a 9 0 100 1417 7169
a 9 3 67 137 2079
a 9 8 89 66 861
a 9 4 34 82 2295
a 9 6 63 36 2151
a 9 7 64 198 2581
a 9 1 40 168 4087
