c fixed charge multi commodity flow
c
c problem vertices edges commodities
p fcmcf 10 60 25
c
c origin destination demand
k 9 4 71
k 9 8 32
k 2 6 78
k 4 2 40
k 7 4 53
k 2 4 80
k 0 3 57
k 1 7 72
k 0 6 57
k 4 3 73
k 9 3 36
k 6 5 22
k 5 8 93
k 7 9 95
k 4 6 27
k 3 2 37
k 8 3 33
k 0 9 94
k 1 0 19
k 7 6 59
k 9 6 17
k 6 1 91
k 7 5 53
k 5 9 73
k 0 4 55
c
c source target cost capacity fixed
a 0 1 100 1417 1434
a 0 6 80 38 1320
a 0 3 67 178 1090
a 0 7 25 79 1105
a 0 2 78 198 517
a 0 9 98 244 1348
a 0 8 78 82 1033
a 1 2 100 1417 1434
a 1 7 92 46 273
a 1 3 22 66 1348
a 1 4 28 236 1248
a 1 9 75 147 990
a 2 3 100 1417 1434
a 2 6 52 89 502
a 2 0 27 87 158
a 2 9 23 150 316
a 2 5 90 251 1205
a 3 4 100 1417 1434
a 3 6 24 241 1004
a 3 1 42 211 144
a 3 9 91 89 588
a 3 5 97 89 674
a 3 8 97 193 1291
a 3 2 84 142 1420
a 3 7 84 104 1047
a 4 5 100 1417 1434
a 4 0 42 117 1291
a 4 3 58 99 746
a 4 8 26 41 373
a 4 6 91 33 932
a 5 6 100 1417 1434
a 5 4 54 226 947
a 5 9 26 200 603
a 5 0 79 211 488
a 5 7 62 76 545
a 5 8 92 46 1076
a 6 7 100 1417 1434
a 6 9 69 117 459
a 6 1 20 84 560
a 6 5 41 185 1033
a 6 2 79 82 345
a 6 3 74 185 1191
a 7 8 100 1417 1434
a 7 4 96 206 832
a 7 5 75 99 230
a 7 6 99 56 1062
a 7 0 24 216 1018
a 8 9 100 1417 1434
a 8 5 44 61 732
a 8 6 99 160 1033
a 8 0 83 112 187
a 8 1 81 152 660
a 8 7 92 251 1148
a 9 0 100 1417 1434
a 9 3 67 137 416
a 9 8 89 66 173
a 9 4 34 82 459
a 9 6 63 36 431
a 9 7 64 198 517
a 9 1 40 168 818
