c fixed charge multi commodity flow
c
c problem vertices edges commodities
p fcmcf 10 60 25
c
c origin destination demand
k 9 4 71
k 9 8 32
k 2 6 78
k 4 2 40
k 7 4 53
k 2 4 80
k 0 3 57
k 1 7 72
k 0 6 57
k 4 3 73
k 9 3 36
k 6 5 22
k 5 8 93
k 7 9 95
k 4 6 27
k 3 2 37
k 8 3 33
k 0 9 94
k 1 0 19
k 7 6 59
k 9 6 17
k 6 1 91
k 7 5 53
k 5 9 73
k 0 4 55
c
c source target cost capacity fixed
a 0 1 100 1417 14338
a 0 6 80 38 13191
a 0 3 67 178 10897
a 0 7 25 79 11041
a 0 2 78 198 5162
a 0 9 98 244 13478
a 0 8 78 82 10324
a 1 2 100 1417 14338
a 1 7 92 46 2725
a 1 3 22 66 13478
a 1 4 28 236 12474
a 1 9 75 147 9894
a 2 3 100 1417 14338
a 2 6 52 89 5019
a 2 0 27 87 1578
a 2 9 23 150 3155
a 2 5 90 251 12044
a 3 4 100 1417 14338
a 3 6 24 241 10037
a 3 1 42 211 1434
a 3 9 91 89 5879
a 3 5 97 89 6739
a 3 8 97 193 12905
a 3 2 84 142 14195
a 3 7 84 104 10467
a 4 5 100 1417 14338
a 4 0 42 117 12905
a 4 3 58 99 7456
a 4 8 26 41 3728
a 4 6 91 33 9320
a 5 6 100 1417 14338
a 5 4 54 226 9464
a 5 9 26 200 6022
a 5 0 79 211 4875
a 5 7 62 76 5449
a 5 8 92 46 10754
a 6 7 100 1417 14338
a 6 9 69 117 4589
a 6 1 20 84 5592
a 6 5 41 185 10324
a 6 2 79 82 3442
a 6 3 74 185 11901
a 7 8 100 1417 14338
a 7 4 96 206 8316
a 7 5 75 99 2295
a 7 6 99 56 10611
a 7 0 24 216 10180
a 8 9 100 1417 14338
a 8 5 44 61 7313
a 8 6 99 160 10324
a 8 0 83 112 1864
a 8 1 81 152 6596
a 8 7 92 251 11471
a 9 0 100 1417 14338
a 9 3 67 137 4158
a 9 8 89 66 1721
a 9 4 34 82 4589
a 9 6 63 36 4302
a 9 7 64 198 5162
a 9 1 40 168 8173
