c fixed charge multi commodity flow
c
c problem vertices edges commodities
p fcmcf 10 60 25
c
c origin destination demand
k 9 4 71
k 9 8 32
k 2 6 78
k 4 2 40
k 7 4 53
k 2 4 80
k 0 3 57
k 1 7 72
k 0 6 57
k 4 3 73
k 9 3 36
k 6 5 22
k 5 8 93
k 7 9 95
k 4 6 27
k 3 2 37
k 8 3 33
k 0 9 94
k 1 0 19
k 7 6 59
k 9 6 17
k 6 1 91
k 7 5 53
k 5 9 73
k 0 4 55
c
c source target cost capacity fixed
a 0 1 100 1417 14338
a 0 6 80 76 13191
a 0 3 67 355 10897
a 0 7 25 157 11041
a 0 2 78 395 5162
a 0 9 98 487 13478
a 0 8 78 163 10324
a 1 2 100 1417 14338
a 1 7 92 92 2725
a 1 3 22 132 13478
a 1 4 28 471 12474
a 1 9 75 294 9894
a 2 3 100 1417 14338
a 2 6 52 178 5019
a 2 0 27 173 1578
a 2 9 23 299 3155
a 2 5 90 502 12044
a 3 4 100 1417 14338
a 3 6 24 481 10037
a 3 1 42 421 1434
a 3 9 91 178 5879
a 3 5 97 178 6739
a 3 8 97 385 12905
a 3 2 84 284 14195
a 3 7 84 208 10467
a 4 5 100 1417 14338
a 4 0 42 233 12905
a 4 3 58 198 7456
a 4 8 26 82 3728
a 4 6 91 66 9320
a 5 6 100 1417 14338
a 5 4 54 451 9464
a 5 9 26 400 6022
a 5 0 79 421 4875
a 5 7 62 152 5449
a 5 8 92 92 10754
a 6 7 100 1417 14338
a 6 9 69 233 4589
a 6 1 20 168 5592
a 6 5 41 370 10324
a 6 2 79 163 3442
a 6 3 74 370 11901
a 7 8 100 1417 14338
a 7 4 96 411 8316
a 7 5 75 198 2295
a 7 6 99 112 10611
a 7 0 24 431 10180
a 8 9 100 1417 14338
a 8 5 44 122 7313
a 8 6 99 319 10324
a 8 0 83 223 1864
a 8 1 81 304 6596
a 8 7 92 502 11471
a 9 0 100 1417 14338
a 9 3 67 274 4158
a 9 8 89 132 1721
a 9 4 34 163 4589
a 9 6 63 71 4302
a 9 7 64 395 5162
a 9 1 40 335 8173
