c fixed charge multi commodity flow
c
c problem vertices edges commodities
p fcmcf 10 60 25
c
c origin destination demand
k 9 4 71
k 9 8 32
k 2 6 78
k 4 2 40
k 7 4 53
k 2 4 80
k 0 3 57
k 1 7 72
k 0 6 57
k 4 3 73
k 9 3 36
k 6 5 22
k 5 8 93
k 7 9 95
k 4 6 27
k 3 2 37
k 8 3 33
k 0 9 94
k 1 0 19
k 7 6 59
k 9 6 17
k 6 1 91
k 7 5 53
k 5 9 73
k 0 4 55
c
c source target cost capacity fixed
a 0 1 100 897 14338
a 0 6 80 10 13191
a 0 3 67 45 10897
a 0 7 25 20 11041
a 0 2 78 50 5162
a 0 9 98 61 13478
a 0 8 78 21 10324
a 1 2 100 897 14338
a 1 7 92 12 2725
a 1 3 22 17 13478
a 1 4 28 59 12474
a 1 9 75 37 9894
a 2 3 100 897 14338
a 2 6 52 23 5019
a 2 0 27 22 1578
a 2 9 23 38 3155
a 2 5 90 63 12044
a 3 4 100 897 14338
a 3 6 24 61 10037
a 3 1 42 53 1434
a 3 9 91 23 5879
a 3 5 97 23 6739
a 3 8 97 49 12905
a 3 2 84 36 14195
a 3 7 84 26 10467
a 4 5 100 897 14338
a 4 0 42 30 12905
a 4 3 58 25 7456
a 4 8 26 11 3728
a 4 6 91 9 9320
a 5 6 100 897 14338
a 5 4 54 57 9464
a 5 9 26 50 6022
a 5 0 79 53 4875
a 5 7 62 19 5449
a 5 8 92 12 10754
a 6 7 100 897 14338
a 6 9 69 30 4589
a 6 1 20 21 5592
a 6 5 41 47 10324
a 6 2 79 21 3442
a 6 3 74 47 11901
a 7 8 100 897 14338
a 7 4 96 52 8316
a 7 5 75 25 2295
a 7 6 99 14 10611
a 7 0 24 54 10180
a 8 9 100 897 14338
a 8 5 44 16 7313
a 8 6 99 40 10324
a 8 0 83 28 1864
a 8 1 81 38 6596
a 8 7 92 63 11471
a 9 0 100 897 14338
a 9 3 67 35 4158
a 9 8 89 17 1721
a 9 4 34 21 4589
a 9 6 63 9 4302
a 9 7 64 50 5162
a 9 1 40 42 8173
