c fixed charge multi commodity flow
c
c problem vertices edges commodities
p fcmcf 10 60 50
c
c origin destination demand
k 9 5 71
k 0 1 32
k 6 9 78
k 9 3 40
k 5 7 53
k 2 0 80
k 7 3 57
k 3 2 72
k 2 4 57
k 8 6 73
k 9 6 36
k 0 3 22
k 1 2 93
k 2 3 95
k 9 7 27
k 9 2 37
k 5 4 33
k 1 3 94
k 5 9 19
k 0 6 59
k 0 9 17
k 7 1 91
k 9 1 53
k 0 8 73
k 6 5 55
k 8 7 71
k 7 5 92
k 8 3 32
k 8 5 46
k 6 0 69
k 4 8 27
k 2 7 36
k 5 3 37
k 7 6 13
k 7 8 71
k 7 4 15
k 7 0 48
k 4 7 71
k 6 2 96
k 3 9 30
k 4 0 63
k 2 6 75
k 5 2 13
k 1 0 76
k 0 5 83
k 4 9 24
k 4 2 26
k 0 2 10
k 8 0 27
k 2 1 72
c
c source target cost capacity fixed
a 0 1 100 1805 2567
a 0 6 92 11 1207
a 0 7 83 26 1797
a 0 9 29 29 2054
a 0 5 80 33 1233
a 1 2 100 1805 2567
a 1 8 44 9 360
a 2 3 100 1805 2567
a 2 0 55 48 1335
a 2 4 97 18 2105
a 2 9 12 9 2003
a 2 6 41 22 1284
a 2 1 93 60 1335
a 2 8 37 54 2362
a 2 7 85 47 1361
a 2 5 47 60 1926
a 3 4 100 1805 2567
a 3 6 58 22 2054
a 3 9 93 39 2259
a 3 2 47 24 1233
a 3 5 74 68 540
a 3 7 90 26 1592
a 4 5 100 1805 2567
a 4 3 90 36 745
a 4 6 96 8 950
a 4 0 21 36 1335
a 4 7 47 7 514
a 5 6 100 1805 2567
a 5 3 27 27 565
a 5 1 86 25 411
a 5 2 43 61 2465
a 5 8 39 51 2157
a 5 0 42 22 1104
a 6 7 100 1805 2567
a 6 0 63 33 2542
a 6 4 97 49 1361
a 6 5 60 34 1130
a 6 8 76 37 1310
a 6 2 88 16 437
a 6 1 11 48 1772
a 6 3 38 60 2285
a 7 8 100 1805 2567
a 7 6 32 63 1643
a 7 1 25 33 1104
a 7 3 47 61 2234
a 7 4 79 36 1618
a 7 9 15 57 1361
a 8 9 100 1805 2567
a 8 5 58 52 1156
a 8 3 84 52 591
a 8 1 82 65 2080
a 8 2 85 34 463
a 9 0 100 1805 2567
a 9 5 24 27 1720
a 9 4 25 63 1412
a 9 8 73 20 2542
a 9 7 22 8 437
a 9 2 23 27 2413
a 9 1 38 9 1900
a 9 3 52 13 1438
