c fixed charge multi commodity flow
c
c problem vertices edges commodities
p fcmcf 10 50 50
c
c origin destination demand
k 0 7 71
k 5 0 32
k 1 3 78
k 5 9 40
k 7 8 53
k 4 8 80
k 5 2 57
k 2 9 72
k 7 5 57
k 5 3 73
k 3 0 36
k 8 9 22
k 1 6 93
k 9 3 95
k 0 1 27
k 5 7 37
k 2 0 33
k 7 3 94
k 3 2 19
k 2 4 59
k 8 6 17
k 9 6 91
k 0 3 53
k 1 2 73
k 2 3 55
k 9 7 71
k 9 2 92
k 5 4 32
k 0 6 46
k 0 9 69
k 7 1 27
k 6 9 36
k 9 1 37
k 0 8 13
k 6 5 71
k 8 7 15
k 9 5 48
k 8 3 71
k 8 5 96
k 6 0 30
k 2 7 63
k 7 6 75
k 7 4 13
k 7 0 76
k 4 7 83
k 6 2 24
k 3 9 26
k 4 0 10
k 2 6 27
k 1 0 72
c
c source target cost capacity fixed
a 0 6 92 94 13158
a 0 8 29 263 12878
a 0 2 49 362 20437
a 0 5 63 206 13718
a 0 9 46 587 16238
a 0 7 85 100 9239
a 1 2 52 113 9519
a 1 0 50 556 26036
a 1 6 73 331 6999
a 2 4 82 287 8399
a 2 3 98 225 9519
a 2 5 90 618 23517
a 2 8 12 107 19317
a 2 0 62 593 15958
a 2 7 83 568 4480
a 2 6 68 88 22677
a 2 1 60 381 3080
a 3 6 58 200 22397
a 3 9 64 425 20437
a 3 2 42 312 17078
a 3 5 25 150 12599
a 3 4 14 400 21557
a 4 0 14 518 6439
a 4 6 14 506 19038
a 4 8 90 306 8679
a 4 1 13 574 12878
a 4 5 72 163 19877
a 5 0 88 263 7839
a 5 7 46 219 25477
a 5 8 59 400 5320
a 5 9 83 487 22957
a 5 3 73 487 4200
a 6 9 46 113 8119
a 6 0 17 169 11759
a 6 8 42 319 19317
a 7 4 53 462 7559
a 7 6 38 94 9519
a 7 3 23 612 2800
a 7 2 18 331 10359
a 8 0 80 63 27156
a 8 5 23 275 23237
a 8 6 12 618 9239
a 8 9 66 132 14278
a 8 2 82 306 15118
a 9 3 12 431 8959
a 9 5 79 238 22117
a 9 7 64 487 10079
a 9 8 60 63 16238
a 9 0 15 331 24917
a 9 1 75 593 10639
