c fixed charge multi commodity flow
c
c problem vertices edges commodities
p fcmcf 10 82 10
c
c origin destination demand
k 4 3 71
k 8 6 32
k 2 1 78
k 4 8 40
k 9 2 53
k 3 0 80
k 7 8 57
k 4 2 72
k 5 8 57
k 7 6 73
c
c source target cost capacity fixed
a 0 1 100 613 6010
a 0 9 54 70 2464
a 0 7 45 131 3786
a 0 6 18 193 3726
a 0 3 13 90 2464
a 0 8 73 236 4147
a 0 4 57 171 4207
a 0 2 65 90 5169
a 0 5 61 46 782
a 1 2 100 613 6010
a 1 3 13 171 4447
a 1 6 92 99 3426
a 1 8 13 186 1803
a 1 7 93 167 3666
a 1 9 66 159 5169
a 1 0 78 184 5529
a 1 4 16 186 4207
a 1 5 44 188 1563
a 2 3 100 613 6010
a 2 1 27 229 5589
a 2 0 76 111 1443
a 2 6 11 123 2404
a 2 9 25 111 5229
a 2 8 31 200 722
a 2 7 96 53 4027
a 3 4 100 613 6010
a 3 2 95 200 1082
a 3 9 50 155 3246
a 3 7 12 114 2945
a 3 6 15 140 5409
a 3 1 20 106 4327
a 3 5 23 73 4808
a 3 0 47 68 3606
a 3 8 77 114 5349
a 4 5 100 613 6010
a 4 1 34 63 1262
a 4 7 72 200 5409
a 4 2 59 239 5289
a 4 9 32 99 5830
a 4 0 99 186 5108
a 5 6 100 613 6010
a 5 9 41 87 3065
a 5 7 73 150 3967
a 5 0 33 135 902
a 5 2 36 41 1743
a 5 4 42 239 3666
a 5 3 65 222 1743
a 6 7 100 613 6010
a 6 0 96 171 2885
a 6 8 22 191 5770
a 6 1 59 193 902
a 6 2 38 164 3606
a 6 9 70 193 902
a 6 4 11 186 842
a 6 3 74 176 4988
a 6 5 97 123 2705
a 7 8 100 613 6010
a 7 2 41 116 3426
a 7 6 78 116 3606
a 7 1 30 174 2585
a 7 5 42 227 3426
a 7 3 63 34 2284
a 7 4 54 232 2885
a 7 0 97 191 2464
a 7 9 91 133 3125
a 8 9 100 613 6010
a 8 5 50 208 3005
a 8 1 35 212 4928
a 8 6 34 90 2164
a 8 2 47 80 4087
a 8 7 39 51 4207
a 8 4 80 126 3546
a 8 3 49 186 962
a 9 0 100 613 6010
a 9 5 48 135 3786
a 9 3 97 34 5409
a 9 8 70 222 1984
a 9 6 98 203 4207
a 9 4 27 171 4327
a 9 7 10 32 1082
a 9 1 65 70 4447
a 9 2 81 138 3065
