c fixed charge multi commodity flow
c
c problem vertices edges commodities
p fcmcf 10 82 10
c
c origin destination demand
k 4 3 71
k 8 6 32
k 2 1 78
k 4 8 40
k 9 2 53
k 3 0 80
k 7 8 57
k 4 2 72
k 5 8 57
k 7 6 73
c
c source target cost capacity fixed
a 0 1 100 370 601
a 0 9 54 18 247
a 0 7 45 33 379
a 0 6 18 49 373
a 0 3 13 23 247
a 0 8 73 59 415
a 0 4 57 43 421
a 0 2 65 23 517
a 0 5 61 12 79
a 1 2 100 370 601
a 1 3 13 43 445
a 1 6 92 25 343
a 1 8 13 47 181
a 1 7 93 42 367
a 1 9 66 40 517
a 1 0 78 46 553
a 1 4 16 47 421
a 1 5 44 47 157
a 2 3 100 370 601
a 2 1 27 58 559
a 2 0 76 28 145
a 2 6 11 31 241
a 2 9 25 28 523
a 2 8 31 50 73
a 2 7 96 14 403
a 3 4 100 370 601
a 3 2 95 50 109
a 3 9 50 39 325
a 3 7 12 29 295
a 3 6 15 35 541
a 3 1 20 27 433
a 3 5 23 19 481
a 3 0 47 17 361
a 3 8 77 29 535
a 4 5 100 370 601
a 4 1 34 16 127
a 4 7 72 50 541
a 4 2 59 60 529
a 4 9 32 25 583
a 4 0 99 47 511
a 5 6 100 370 601
a 5 9 41 22 307
a 5 7 73 38 397
a 5 0 33 34 91
a 5 2 36 11 175
a 5 4 42 60 367
a 5 3 65 56 175
a 6 7 100 370 601
a 6 0 96 43 289
a 6 8 22 48 577
a 6 1 59 49 91
a 6 2 38 41 361
a 6 9 70 49 91
a 6 4 11 47 85
a 6 3 74 44 499
a 6 5 97 31 271
a 7 8 100 370 601
a 7 2 41 29 343
a 7 6 78 29 361
a 7 1 30 44 259
a 7 5 42 57 343
a 7 3 63 9 229
a 7 4 54 58 289
a 7 0 97 48 247
a 7 9 91 34 313
a 8 9 100 370 601
a 8 5 50 52 301
a 8 1 35 53 493
a 8 6 34 23 217
a 8 2 47 20 409
a 8 7 39 13 421
a 8 4 80 32 355
a 8 3 49 47 97
a 9 0 100 370 601
a 9 5 48 34 379
a 9 3 97 9 541
a 9 8 70 56 199
a 9 6 98 51 421
a 9 4 27 43 433
a 9 7 10 8 109
a 9 1 65 18 445
a 9 2 81 35 307
