c fixed charge multi commodity flow
c
c problem vertices edges commodities
p fcmcf 10 82 10
c
c origin destination demand
k 4 3 71
k 8 6 32
k 2 1 78
k 4 8 40
k 9 2 53
k 3 0 80
k 7 8 57
k 4 2 72
k 5 8 57
k 7 6 73
c
c source target cost capacity fixed
a 0 1 100 370 6010
a 0 9 54 18 2464
a 0 7 45 33 3786
a 0 6 18 49 3726
a 0 3 13 23 2464
a 0 8 73 59 4147
a 0 4 57 43 4207
a 0 2 65 23 5169
a 0 5 61 12 782
a 1 2 100 370 6010
a 1 3 13 43 4447
a 1 6 92 25 3426
a 1 8 13 47 1803
a 1 7 93 42 3666
a 1 9 66 40 5169
a 1 0 78 46 5529
a 1 4 16 47 4207
a 1 5 44 47 1563
a 2 3 100 370 6010
a 2 1 27 58 5589
a 2 0 76 28 1443
a 2 6 11 31 2404
a 2 9 25 28 5229
a 2 8 31 50 722
a 2 7 96 14 4027
a 3 4 100 370 6010
a 3 2 95 50 1082
a 3 9 50 39 3246
a 3 7 12 29 2945
a 3 6 15 35 5409
a 3 1 20 27 4327
a 3 5 23 19 4808
a 3 0 47 17 3606
a 3 8 77 29 5349
a 4 5 100 370 6010
a 4 1 34 16 1262
a 4 7 72 50 5409
a 4 2 59 60 5289
a 4 9 32 25 5830
a 4 0 99 47 5108
a 5 6 100 370 6010
a 5 9 41 22 3065
a 5 7 73 38 3967
a 5 0 33 34 902
a 5 2 36 11 1743
a 5 4 42 60 3666
a 5 3 65 56 1743
a 6 7 100 370 6010
a 6 0 96 43 2885
a 6 8 22 48 5770
a 6 1 59 49 902
a 6 2 38 41 3606
a 6 9 70 49 902
a 6 4 11 47 842
a 6 3 74 44 4988
a 6 5 97 31 2705
a 7 8 100 370 6010
a 7 2 41 29 3426
a 7 6 78 29 3606
a 7 1 30 44 2585
a 7 5 42 57 3426
a 7 3 63 9 2284
a 7 4 54 58 2885
a 7 0 97 48 2464
a 7 9 91 34 3125
a 8 9 100 370 6010
a 8 5 50 52 3005
a 8 1 35 53 4928
a 8 6 34 23 2164
a 8 2 47 20 4087
a 8 7 39 13 4207
a 8 4 80 32 3546
a 8 3 49 47 962
a 9 0 100 370 6010
a 9 5 48 34 3786
a 9 3 97 9 5409
a 9 8 70 56 1984
a 9 6 98 51 4207
a 9 4 27 43 4327
a 9 7 10 8 1082
a 9 1 65 18 4447
a 9 2 81 35 3065
