c fixed charge multi commodity flow
c
c problem vertices edges commodities
p fcmcf 10 82 10
c
c origin destination demand
k 4 3 71
k 8 6 32
k 2 1 78
k 4 8 40
k 9 2 53
k 3 0 80
k 7 8 57
k 4 2 72
k 5 8 57
k 7 6 73
c
c source target cost capacity fixed
a 0 1 100 613 601
a 0 9 54 70 247
a 0 7 45 131 379
a 0 6 18 193 373
a 0 3 13 90 247
a 0 8 73 236 415
a 0 4 57 171 421
a 0 2 65 90 517
a 0 5 61 46 79
a 1 2 100 613 601
a 1 3 13 171 445
a 1 6 92 99 343
a 1 8 13 186 181
a 1 7 93 167 367
a 1 9 66 159 517
a 1 0 78 184 553
a 1 4 16 186 421
a 1 5 44 188 157
a 2 3 100 613 601
a 2 1 27 229 559
a 2 0 76 111 145
a 2 6 11 123 241
a 2 9 25 111 523
a 2 8 31 200 73
a 2 7 96 53 403
a 3 4 100 613 601
a 3 2 95 200 109
a 3 9 50 155 325
a 3 7 12 114 295
a 3 6 15 140 541
a 3 1 20 106 433
a 3 5 23 73 481
a 3 0 47 68 361
a 3 8 77 114 535
a 4 5 100 613 601
a 4 1 34 63 127
a 4 7 72 200 541
a 4 2 59 239 529
a 4 9 32 99 583
a 4 0 99 186 511
a 5 6 100 613 601
a 5 9 41 87 307
a 5 7 73 150 397
a 5 0 33 135 91
a 5 2 36 41 175
a 5 4 42 239 367
a 5 3 65 222 175
a 6 7 100 613 601
a 6 0 96 171 289
a 6 8 22 191 577
a 6 1 59 193 91
a 6 2 38 164 361
a 6 9 70 193 91
a 6 4 11 186 85
a 6 3 74 176 499
a 6 5 97 123 271
a 7 8 100 613 601
a 7 2 41 116 343
a 7 6 78 116 361
a 7 1 30 174 259
a 7 5 42 227 343
a 7 3 63 34 229
a 7 4 54 232 289
a 7 0 97 191 247
a 7 9 91 133 313
a 8 9 100 613 601
a 8 5 50 208 301
a 8 1 35 212 493
a 8 6 34 90 217
a 8 2 47 80 409
a 8 7 39 51 421
a 8 4 80 126 355
a 8 3 49 186 97
a 9 0 100 613 601
a 9 5 48 135 379
a 9 3 97 34 541
a 9 8 70 222 199
a 9 6 98 203 421
a 9 4 27 171 433
a 9 7 10 32 109
a 9 1 65 70 445
a 9 2 81 138 307
