c fixed charge multi commodity flow
c
c problem vertices edges commodities
p fcmcf 10 82 10
c
c origin destination demand
k 4 3 71
k 8 6 32
k 2 1 78
k 4 8 40
k 9 2 53
k 3 0 80
k 7 8 57
k 4 2 72
k 5 8 57
k 7 6 73
c
c source target cost capacity fixed
a 0 1 100 613 601
a 0 9 54 140 247
a 0 7 45 261 379
a 0 6 18 386 373
a 0 3 13 179 247
a 0 8 73 472 415
a 0 4 57 342 421
a 0 2 65 179 517
a 0 5 61 92 79
a 1 2 100 613 601
a 1 3 13 342 445
a 1 6 92 198 343
a 1 8 13 371 181
a 1 7 93 333 367
a 1 9 66 318 517
a 1 0 78 367 553
a 1 4 16 371 421
a 1 5 44 376 157
a 2 3 100 613 601
a 2 1 27 458 559
a 2 0 76 222 145
a 2 6 11 246 241
a 2 9 25 222 523
a 2 8 31 400 73
a 2 7 96 106 403
a 3 4 100 613 601
a 3 2 95 400 109
a 3 9 50 309 325
a 3 7 12 227 295
a 3 6 15 280 541
a 3 1 20 212 433
a 3 5 23 145 481
a 3 0 47 135 361
a 3 8 77 227 535
a 4 5 100 613 601
a 4 1 34 126 127
a 4 7 72 400 541
a 4 2 59 477 529
a 4 9 32 198 583
a 4 0 99 371 511
a 5 6 100 613 601
a 5 9 41 174 307
a 5 7 73 299 397
a 5 0 33 270 91
a 5 2 36 82 175
a 5 4 42 477 367
a 5 3 65 444 175
a 6 7 100 613 601
a 6 0 96 342 289
a 6 8 22 381 577
a 6 1 59 386 91
a 6 2 38 328 361
a 6 9 70 386 91
a 6 4 11 371 85
a 6 3 74 352 499
a 6 5 97 246 271
a 7 8 100 613 601
a 7 2 41 232 343
a 7 6 78 232 361
a 7 1 30 347 259
a 7 5 42 453 343
a 7 3 63 68 229
a 7 4 54 463 289
a 7 0 97 381 247
a 7 9 91 265 313
a 8 9 100 613 601
a 8 5 50 415 301
a 8 1 35 424 493
a 8 6 34 179 217
a 8 2 47 159 409
a 8 7 39 102 421
a 8 4 80 251 355
a 8 3 49 371 97
a 9 0 100 613 601
a 9 5 48 270 379
a 9 3 97 68 541
a 9 8 70 444 199
a 9 6 98 405 421
a 9 4 27 342 433
a 9 7 10 63 109
a 9 1 65 140 445
a 9 2 81 275 307
