c fixed charge multi commodity flow
c
c problem vertices edges commodities
p fcmcf 10 82 10
c
c origin destination demand
k 4 3 71
k 8 6 32
k 2 1 78
k 4 8 40
k 9 2 53
k 3 0 80
k 7 8 57
k 4 2 72
k 5 8 57
k 7 6 73
c
c source target cost capacity fixed
a 0 1 100 370 3005
a 0 9 54 18 1232
a 0 7 45 33 1893
a 0 6 18 49 1863
a 0 3 13 23 1232
a 0 8 73 59 2074
a 0 4 57 43 2104
a 0 2 65 23 2585
a 0 5 61 12 391
a 1 2 100 370 3005
a 1 3 13 43 2224
a 1 6 92 25 1713
a 1 8 13 47 902
a 1 7 93 42 1833
a 1 9 66 40 2585
a 1 0 78 46 2765
a 1 4 16 47 2104
a 1 5 44 47 782
a 2 3 100 370 3005
a 2 1 27 58 2795
a 2 0 76 28 722
a 2 6 11 31 1202
a 2 9 25 28 2615
a 2 8 31 50 361
a 2 7 96 14 2014
a 3 4 100 370 3005
a 3 2 95 50 541
a 3 9 50 39 1623
a 3 7 12 29 1473
a 3 6 15 35 2705
a 3 1 20 27 2164
a 3 5 23 19 2404
a 3 0 47 17 1803
a 3 8 77 29 2675
a 4 5 100 370 3005
a 4 1 34 16 631
a 4 7 72 50 2705
a 4 2 59 60 2645
a 4 9 32 25 2915
a 4 0 99 47 2554
a 5 6 100 370 3005
a 5 9 41 22 1533
a 5 7 73 38 1984
a 5 0 33 34 451
a 5 2 36 11 872
a 5 4 42 60 1833
a 5 3 65 56 872
a 6 7 100 370 3005
a 6 0 96 43 1443
a 6 8 22 48 2885
a 6 1 59 49 451
a 6 2 38 41 1803
a 6 9 70 49 451
a 6 4 11 47 421
a 6 3 74 44 2494
a 6 5 97 31 1353
a 7 8 100 370 3005
a 7 2 41 29 1713
a 7 6 78 29 1803
a 7 1 30 44 1293
a 7 5 42 57 1713
a 7 3 63 9 1142
a 7 4 54 58 1443
a 7 0 97 48 1232
a 7 9 91 34 1563
a 8 9 100 370 3005
a 8 5 50 52 1503
a 8 1 35 53 2464
a 8 6 34 23 1082
a 8 2 47 20 2044
a 8 7 39 13 2104
a 8 4 80 32 1773
a 8 3 49 47 481
a 9 0 100 370 3005
a 9 5 48 34 1893
a 9 3 97 9 2705
a 9 8 70 56 992
a 9 6 98 51 2104
a 9 4 27 43 2164
a 9 7 10 8 541
a 9 1 65 18 2224
a 9 2 81 35 1533
