c fixed charge multi commodity flow
c
c problem vertices edges commodities
p fcmcf 10 82 10
c
c origin destination demand
k 4 3 71
k 8 6 32
k 2 1 78
k 4 8 40
k 9 2 53
k 3 0 80
k 7 8 57
k 4 2 72
k 5 8 57
k 7 6 73
c
c source target cost capacity fixed
a 0 1 100 613 3005
a 0 9 54 70 1232
a 0 7 45 131 1893
a 0 6 18 193 1863
a 0 3 13 90 1232
a 0 8 73 236 2074
a 0 4 57 171 2104
a 0 2 65 90 2585
a 0 5 61 46 391
a 1 2 100 613 3005
a 1 3 13 171 2224
a 1 6 92 99 1713
a 1 8 13 186 902
a 1 7 93 167 1833
a 1 9 66 159 2585
a 1 0 78 184 2765
a 1 4 16 186 2104
a 1 5 44 188 782
a 2 3 100 613 3005
a 2 1 27 229 2795
a 2 0 76 111 722
a 2 6 11 123 1202
a 2 9 25 111 2615
a 2 8 31 200 361
a 2 7 96 53 2014
a 3 4 100 613 3005
a 3 2 95 200 541
a 3 9 50 155 1623
a 3 7 12 114 1473
a 3 6 15 140 2705
a 3 1 20 106 2164
a 3 5 23 73 2404
a 3 0 47 68 1803
a 3 8 77 114 2675
a 4 5 100 613 3005
a 4 1 34 63 631
a 4 7 72 200 2705
a 4 2 59 239 2645
a 4 9 32 99 2915
a 4 0 99 186 2554
a 5 6 100 613 3005
a 5 9 41 87 1533
a 5 7 73 150 1984
a 5 0 33 135 451
a 5 2 36 41 872
a 5 4 42 239 1833
a 5 3 65 222 872
a 6 7 100 613 3005
a 6 0 96 171 1443
a 6 8 22 191 2885
a 6 1 59 193 451
a 6 2 38 164 1803
a 6 9 70 193 451
a 6 4 11 186 421
a 6 3 74 176 2494
a 6 5 97 123 1353
a 7 8 100 613 3005
a 7 2 41 116 1713
a 7 6 78 116 1803
a 7 1 30 174 1293
a 7 5 42 227 1713
a 7 3 63 34 1142
a 7 4 54 232 1443
a 7 0 97 191 1232
a 7 9 91 133 1563
a 8 9 100 613 3005
a 8 5 50 208 1503
a 8 1 35 212 2464
a 8 6 34 90 1082
a 8 2 47 80 2044
a 8 7 39 51 2104
a 8 4 80 126 1773
a 8 3 49 186 481
a 9 0 100 613 3005
a 9 5 48 135 1893
a 9 3 97 34 2705
a 9 8 70 222 992
a 9 6 98 203 2104
a 9 4 27 171 2164
a 9 7 10 32 541
a 9 1 65 70 2224
a 9 2 81 138 1533
