c fixed charge multi commodity flow
c
c problem vertices edges commodities
p fcmcf 10 82 10
c
c origin destination demand
k 4 3 71
k 8 6 32
k 2 1 78
k 4 8 40
k 9 2 53
k 3 0 80
k 7 8 57
k 4 2 72
k 5 8 57
k 7 6 73
c
c source target cost capacity fixed
a 0 1 100 613 3005
a 0 9 54 140 1232
a 0 7 45 261 1893
a 0 6 18 386 1863
a 0 3 13 179 1232
a 0 8 73 472 2074
a 0 4 57 342 2104
a 0 2 65 179 2585
a 0 5 61 92 391
a 1 2 100 613 3005
a 1 3 13 342 2224
a 1 6 92 198 1713
a 1 8 13 371 902
a 1 7 93 333 1833
a 1 9 66 318 2585
a 1 0 78 367 2765
a 1 4 16 371 2104
a 1 5 44 376 782
a 2 3 100 613 3005
a 2 1 27 458 2795
a 2 0 76 222 722
a 2 6 11 246 1202
a 2 9 25 222 2615
a 2 8 31 400 361
a 2 7 96 106 2014
a 3 4 100 613 3005
a 3 2 95 400 541
a 3 9 50 309 1623
a 3 7 12 227 1473
a 3 6 15 280 2705
a 3 1 20 212 2164
a 3 5 23 145 2404
a 3 0 47 135 1803
a 3 8 77 227 2675
a 4 5 100 613 3005
a 4 1 34 126 631
a 4 7 72 400 2705
a 4 2 59 477 2645
a 4 9 32 198 2915
a 4 0 99 371 2554
a 5 6 100 613 3005
a 5 9 41 174 1533
a 5 7 73 299 1984
a 5 0 33 270 451
a 5 2 36 82 872
a 5 4 42 477 1833
a 5 3 65 444 872
a 6 7 100 613 3005
a 6 0 96 342 1443
a 6 8 22 381 2885
a 6 1 59 386 451
a 6 2 38 328 1803
a 6 9 70 386 451
a 6 4 11 371 421
a 6 3 74 352 2494
a 6 5 97 246 1353
a 7 8 100 613 3005
a 7 2 41 232 1713
a 7 6 78 232 1803
a 7 1 30 347 1293
a 7 5 42 453 1713
a 7 3 63 68 1142
a 7 4 54 463 1443
a 7 0 97 381 1232
a 7 9 91 265 1563
a 8 9 100 613 3005
a 8 5 50 415 1503
a 8 1 35 424 2464
a 8 6 34 179 1082
a 8 2 47 159 2044
a 8 7 39 102 2104
a 8 4 80 251 1773
a 8 3 49 371 481
a 9 0 100 613 3005
a 9 5 48 270 1893
a 9 3 97 68 2705
a 9 8 70 444 992
a 9 6 98 405 2104
a 9 4 27 342 2164
a 9 7 10 63 541
a 9 1 65 140 2224
a 9 2 81 275 1533
