c fixed charge multi commodity flow
c
c problem vertices edges commodities
p fcmcf 10 82 10
c
c origin destination demand
k 4 3 71
k 8 6 32
k 2 1 78
k 4 8 40
k 9 2 53
k 3 0 80
k 7 8 57
k 4 2 72
k 5 8 57
k 7 6 73
c
c source target cost capacity fixed
a 0 1 100 613 6010
a 0 9 54 140 2464
a 0 7 45 261 3786
a 0 6 18 386 3726
a 0 3 13 179 2464
a 0 8 73 472 4147
a 0 4 57 342 4207
a 0 2 65 179 5169
a 0 5 61 92 782
a 1 2 100 613 6010
a 1 3 13 342 4447
a 1 6 92 198 3426
a 1 8 13 371 1803
a 1 7 93 333 3666
a 1 9 66 318 5169
a 1 0 78 367 5529
a 1 4 16 371 4207
a 1 5 44 376 1563
a 2 3 100 613 6010
a 2 1 27 458 5589
a 2 0 76 222 1443
a 2 6 11 246 2404
a 2 9 25 222 5229
a 2 8 31 400 722
a 2 7 96 106 4027
a 3 4 100 613 6010
a 3 2 95 400 1082
a 3 9 50 309 3246
a 3 7 12 227 2945
a 3 6 15 280 5409
a 3 1 20 212 4327
a 3 5 23 145 4808
a 3 0 47 135 3606
a 3 8 77 227 5349
a 4 5 100 613 6010
a 4 1 34 126 1262
a 4 7 72 400 5409
a 4 2 59 477 5289
a 4 9 32 198 5830
a 4 0 99 371 5108
a 5 6 100 613 6010
a 5 9 41 174 3065
a 5 7 73 299 3967
a 5 0 33 270 902
a 5 2 36 82 1743
a 5 4 42 477 3666
a 5 3 65 444 1743
a 6 7 100 613 6010
a 6 0 96 342 2885
a 6 8 22 381 5770
a 6 1 59 386 902
a 6 2 38 328 3606
a 6 9 70 386 902
a 6 4 11 371 842
a 6 3 74 352 4988
a 6 5 97 246 2705
a 7 8 100 613 6010
a 7 2 41 232 3426
a 7 6 78 232 3606
a 7 1 30 347 2585
a 7 5 42 453 3426
a 7 3 63 68 2284
a 7 4 54 463 2885
a 7 0 97 381 2464
a 7 9 91 265 3125
a 8 9 100 613 6010
a 8 5 50 415 3005
a 8 1 35 424 4928
a 8 6 34 179 2164
a 8 2 47 159 4087
a 8 7 39 102 4207
a 8 4 80 251 3546
a 8 3 49 371 962
a 9 0 100 613 6010
a 9 5 48 270 3786
a 9 3 97 68 5409
a 9 8 70 444 1984
a 9 6 98 405 4207
a 9 4 27 342 4327
a 9 7 10 63 1082
a 9 1 65 140 4447
a 9 2 81 275 3065
