c fixed charge multi commodity flow
c
c problem vertices edges commodities
p fcmcf 10 83 25
c
c origin destination demand
k 3 1 71
k 0 5 32
k 5 0 78
k 9 4 40
k 1 7 53
k 0 9 80
k 5 4 57
k 8 7 72
k 7 5 57
k 2 9 73
k 4 1 36
k 2 8 22
k 9 0 93
k 2 7 95
k 8 4 27
k 9 7 37
k 4 6 33
k 2 5 94
k 7 3 19
k 5 1 59
k 5 8 17
k 0 3 91
k 1 8 53
k 7 9 73
k 1 5 55
c
c source target cost capacity fixed
a 0 1 100 1417 14766
a 0 6 80 98 13585
a 0 3 67 455 11223
a 0 7 25 202 11370
a 0 2 78 507 5316
a 0 9 98 623 13880
a 0 8 78 208 10632
a 0 4 41 65 5612
a 0 5 70 280 2068
a 1 2 100 1417 14766
a 1 7 92 117 2806
a 1 3 22 169 13880
a 1 4 28 604 12847
a 1 9 75 377 10189
a 1 0 91 643 2658
a 1 8 65 513 2363
a 1 6 96 520 8712
a 2 3 100 1417 14766
a 2 6 52 228 5169
a 2 0 27 221 1625
a 2 9 23 383 3249
a 2 5 90 643 12404
a 2 4 44 267 6793
a 2 7 96 364 9746
a 2 8 31 325 4135
a 3 4 100 1417 14766
a 3 6 24 617 10337
a 3 1 42 539 1477
a 3 9 91 228 6055
a 3 5 97 228 6940
a 3 8 97 494 13290
a 3 2 84 364 14619
a 3 7 84 267 10780
a 3 0 71 520 10337
a 4 5 100 1417 14766
a 4 0 42 299 13290
a 4 3 58 254 7679
a 4 8 26 104 3840
a 4 6 91 85 9598
a 4 2 28 351 11370
a 4 9 32 396 3101
a 4 7 41 117 7679
a 5 6 100 1417 14766
a 5 4 54 578 9746
a 5 9 26 513 6202
a 5 0 79 539 5021
a 5 7 62 195 5612
a 5 8 92 117 11075
a 5 2 83 546 6793
a 5 1 86 234 2363
a 5 3 60 481 8565
a 6 7 100 1417 14766
a 6 9 69 299 4726
a 6 1 20 215 5759
a 6 5 41 474 10632
a 6 2 79 208 3544
a 6 3 74 474 12256
a 6 4 59 500 7383
a 6 0 74 455 1920
a 7 8 100 1417 14766
a 7 4 96 526 8565
a 7 5 75 254 2363
a 7 6 99 143 10927
a 7 0 24 552 10484
a 7 2 77 370 13290
a 7 1 69 150 10337
a 7 9 72 280 11370
a 8 9 100 1417 14766
a 8 5 44 156 7531
a 8 6 99 409 10632
a 8 0 83 286 1920
a 8 1 81 390 6793
a 8 7 92 643 11813
a 8 4 21 273 2215
a 9 0 100 1417 14766
a 9 3 67 351 4283
a 9 8 89 169 1772
a 9 4 34 208 4726
a 9 6 63 91 4430
a 9 7 64 507 5316
a 9 1 40 429 8417
a 9 2 11 604 10780
a 9 5 61 409 11370
