c fixed charge multi commodity flow
c
c problem vertices edges commodities
p fcmcf 10 83 25
c
c origin destination demand
k 3 1 71
k 0 5 32
k 5 0 78
k 9 4 40
k 1 7 53
k 0 9 80
k 5 4 57
k 8 7 72
k 7 5 57
k 2 9 73
k 4 1 36
k 2 8 22
k 9 0 93
k 2 7 95
k 8 4 27
k 9 7 37
k 4 6 33
k 2 5 94
k 7 3 19
k 5 1 59
k 5 8 17
k 0 3 91
k 1 8 53
k 7 9 73
k 1 5 55
c
c source target cost capacity fixed
a 0 1 100 1150 14766
a 0 6 80 13 13585
a 0 3 67 57 11223
a 0 7 25 26 11370
a 0 2 78 64 5316
a 0 9 98 78 13880
a 0 8 78 26 10632
a 0 4 41 9 5612
a 0 5 70 35 2068
a 1 2 100 1150 14766
a 1 7 92 15 2806
a 1 3 22 22 13880
a 1 4 28 76 12847
a 1 9 75 48 10189
a 1 0 91 81 2658
a 1 8 65 65 2363
a 1 6 96 65 8712
a 2 3 100 1150 14766
a 2 6 52 29 5169
a 2 0 27 28 1625
a 2 9 23 48 3249
a 2 5 90 81 12404
a 2 4 44 34 6793
a 2 7 96 46 9746
a 2 8 31 41 4135
a 3 4 100 1150 14766
a 3 6 24 78 10337
a 3 1 42 68 1477
a 3 9 91 29 6055
a 3 5 97 29 6940
a 3 8 97 62 13290
a 3 2 84 46 14619
a 3 7 84 34 10780
a 3 0 71 65 10337
a 4 5 100 1150 14766
a 4 0 42 38 13290
a 4 3 58 32 7679
a 4 8 26 13 3840
a 4 6 91 11 9598
a 4 2 28 44 11370
a 4 9 32 50 3101
a 4 7 41 15 7679
a 5 6 100 1150 14766
a 5 4 54 73 9746
a 5 9 26 65 6202
a 5 0 79 68 5021
a 5 7 62 25 5612
a 5 8 92 15 11075
a 5 2 83 69 6793
a 5 1 86 30 2363
a 5 3 60 61 8565
a 6 7 100 1150 14766
a 6 9 69 38 4726
a 6 1 20 27 5759
a 6 5 41 60 10632
a 6 2 79 26 3544
a 6 3 74 60 12256
a 6 4 59 63 7383
a 6 0 74 57 1920
a 7 8 100 1150 14766
a 7 4 96 66 8565
a 7 5 75 32 2363
a 7 6 99 18 10927
a 7 0 24 69 10484
a 7 2 77 47 13290
a 7 1 69 19 10337
a 7 9 72 35 11370
a 8 9 100 1150 14766
a 8 5 44 20 7531
a 8 6 99 52 10632
a 8 0 83 36 1920
a 8 1 81 49 6793
a 8 7 92 81 11813
a 8 4 21 35 2215
a 9 0 100 1150 14766
a 9 3 67 44 4283
a 9 8 89 22 1772
a 9 4 34 26 4726
a 9 6 63 12 4430
a 9 7 64 64 5316
a 9 1 40 54 8417
a 9 2 11 76 10780
a 9 5 61 52 11370
