c fixed charge multi commodity flow
c
c problem vertices edges commodities
p fcmcf 10 83 25
c
c origin destination demand
k 3 1 71
k 0 5 32
k 5 0 78
k 9 4 40
k 1 7 53
k 0 9 80
k 5 4 57
k 8 7 72
k 7 5 57
k 2 9 73
k 4 1 36
k 2 8 22
k 9 0 93
k 2 7 95
k 8 4 27
k 9 7 37
k 4 6 33
k 2 5 94
k 7 3 19
k 5 1 59
k 5 8 17
k 0 3 91
k 1 8 53
k 7 9 73
k 1 5 55
c
c source target cost capacity fixed
a 0 1 100 1417 7383
a 0 6 80 98 6793
a 0 3 67 455 5612
a 0 7 25 202 5685
a 0 2 78 507 2658
a 0 9 98 623 6940
a 0 8 78 208 5316
a 0 4 41 65 2806
a 0 5 70 280 1034
a 1 2 100 1417 7383
a 1 7 92 117 1403
a 1 3 22 169 6940
a 1 4 28 604 6424
a 1 9 75 377 5095
a 1 0 91 643 1329
a 1 8 65 513 1182
a 1 6 96 520 4356
a 2 3 100 1417 7383
a 2 6 52 228 2585
a 2 0 27 221 813
a 2 9 23 383 1625
a 2 5 90 643 6202
a 2 4 44 267 3397
a 2 7 96 364 4873
a 2 8 31 325 2068
a 3 4 100 1417 7383
a 3 6 24 617 5169
a 3 1 42 539 739
a 3 9 91 228 3028
a 3 5 97 228 3470
a 3 8 97 494 6645
a 3 2 84 364 7310
a 3 7 84 267 5390
a 3 0 71 520 5169
a 4 5 100 1417 7383
a 4 0 42 299 6645
a 4 3 58 254 3840
a 4 8 26 104 1920
a 4 6 91 85 4799
a 4 2 28 351 5685
a 4 9 32 396 1551
a 4 7 41 117 3840
a 5 6 100 1417 7383
a 5 4 54 578 4873
a 5 9 26 513 3101
a 5 0 79 539 2511
a 5 7 62 195 2806
a 5 8 92 117 5538
a 5 2 83 546 3397
a 5 1 86 234 1182
a 5 3 60 481 4283
a 6 7 100 1417 7383
a 6 9 69 299 2363
a 6 1 20 215 2880
a 6 5 41 474 5316
a 6 2 79 208 1772
a 6 3 74 474 6128
a 6 4 59 500 3692
a 6 0 74 455 960
a 7 8 100 1417 7383
a 7 4 96 526 4283
a 7 5 75 254 1182
a 7 6 99 143 5464
a 7 0 24 552 5242
a 7 2 77 370 6645
a 7 1 69 150 5169
a 7 9 72 280 5685
a 8 9 100 1417 7383
a 8 5 44 156 3766
a 8 6 99 409 5316
a 8 0 83 286 960
a 8 1 81 390 3397
a 8 7 92 643 5907
a 8 4 21 273 1108
a 9 0 100 1417 7383
a 9 3 67 351 2142
a 9 8 89 169 886
a 9 4 34 208 2363
a 9 6 63 91 2215
a 9 7 64 507 2658
a 9 1 40 429 4209
a 9 2 11 604 5390
a 9 5 61 409 5685
