c fixed charge multi commodity flow
c
c problem vertices edges commodities
p fcmcf 10 83 25
c
c origin destination demand
k 3 1 71
k 0 5 32
k 5 0 78
k 9 4 40
k 1 7 53
k 0 9 80
k 5 4 57
k 8 7 72
k 7 5 57
k 2 9 73
k 4 1 36
k 2 8 22
k 9 0 93
k 2 7 95
k 8 4 27
k 9 7 37
k 4 6 33
k 2 5 94
k 7 3 19
k 5 1 59
k 5 8 17
k 0 3 91
k 1 8 53
k 7 9 73
k 1 5 55
c
c source target cost capacity fixed
a 0 1 100 1417 1477
a 0 6 80 49 1359
a 0 3 67 228 1123
a 0 7 25 101 1137
a 0 2 78 254 532
a 0 9 98 312 1388
a 0 8 78 104 1064
a 0 4 41 33 562
a 0 5 70 140 207
a 1 2 100 1417 1477
a 1 7 92 59 281
a 1 3 22 85 1388
a 1 4 28 302 1285
a 1 9 75 189 1019
a 1 0 91 322 266
a 1 8 65 257 237
a 1 6 96 260 872
a 2 3 100 1417 1477
a 2 6 52 114 517
a 2 0 27 111 163
a 2 9 23 192 325
a 2 5 90 322 1241
a 2 4 44 134 680
a 2 7 96 182 975
a 2 8 31 163 414
a 3 4 100 1417 1477
a 3 6 24 309 1034
a 3 1 42 270 148
a 3 9 91 114 606
a 3 5 97 114 694
a 3 8 97 247 1329
a 3 2 84 182 1462
a 3 7 84 134 1078
a 3 0 71 260 1034
a 4 5 100 1417 1477
a 4 0 42 150 1329
a 4 3 58 127 768
a 4 8 26 52 384
a 4 6 91 43 960
a 4 2 28 176 1137
a 4 9 32 198 311
a 4 7 41 59 768
a 5 6 100 1417 1477
a 5 4 54 289 975
a 5 9 26 257 621
a 5 0 79 270 503
a 5 7 62 98 562
a 5 8 92 59 1108
a 5 2 83 273 680
a 5 1 86 117 237
a 5 3 60 241 857
a 6 7 100 1417 1477
a 6 9 69 150 473
a 6 1 20 108 576
a 6 5 41 237 1064
a 6 2 79 104 355
a 6 3 74 237 1226
a 6 4 59 250 739
a 6 0 74 228 192
a 7 8 100 1417 1477
a 7 4 96 263 857
a 7 5 75 127 237
a 7 6 99 72 1093
a 7 0 24 276 1049
a 7 2 77 185 1329
a 7 1 69 75 1034
a 7 9 72 140 1137
a 8 9 100 1417 1477
a 8 5 44 78 754
a 8 6 99 205 1064
a 8 0 83 143 192
a 8 1 81 195 680
a 8 7 92 322 1182
a 8 4 21 137 222
a 9 0 100 1417 1477
a 9 3 67 176 429
a 9 8 89 85 178
a 9 4 34 104 473
a 9 6 63 46 443
a 9 7 64 254 532
a 9 1 40 215 842
a 9 2 11 302 1078
a 9 5 61 205 1137
