c fixed charge multi commodity flow
c
c problem vertices edges commodities
p fcmcf 10 83 25
c
c origin destination demand
k 3 1 71
k 0 5 32
k 5 0 78
k 9 4 40
k 1 7 53
k 0 9 80
k 5 4 57
k 8 7 72
k 7 5 57
k 2 9 73
k 4 1 36
k 2 8 22
k 9 0 93
k 2 7 95
k 8 4 27
k 9 7 37
k 4 6 33
k 2 5 94
k 7 3 19
k 5 1 59
k 5 8 17
k 0 3 91
k 1 8 53
k 7 9 73
k 1 5 55
c
c source target cost capacity fixed
a 0 1 100 1417 1477
a 0 6 80 98 1359
a 0 3 67 455 1123
a 0 7 25 202 1137
a 0 2 78 507 532
a 0 9 98 623 1388
a 0 8 78 208 1064
a 0 4 41 65 562
a 0 5 70 280 207
a 1 2 100 1417 1477
a 1 7 92 117 281
a 1 3 22 169 1388
a 1 4 28 604 1285
a 1 9 75 377 1019
a 1 0 91 643 266
a 1 8 65 513 237
a 1 6 96 520 872
a 2 3 100 1417 1477
a 2 6 52 228 517
a 2 0 27 221 163
a 2 9 23 383 325
a 2 5 90 643 1241
a 2 4 44 267 680
a 2 7 96 364 975
a 2 8 31 325 414
a 3 4 100 1417 1477
a 3 6 24 617 1034
a 3 1 42 539 148
a 3 9 91 228 606
a 3 5 97 228 694
a 3 8 97 494 1329
a 3 2 84 364 1462
a 3 7 84 267 1078
a 3 0 71 520 1034
a 4 5 100 1417 1477
a 4 0 42 299 1329
a 4 3 58 254 768
a 4 8 26 104 384
a 4 6 91 85 960
a 4 2 28 351 1137
a 4 9 32 396 311
a 4 7 41 117 768
a 5 6 100 1417 1477
a 5 4 54 578 975
a 5 9 26 513 621
a 5 0 79 539 503
a 5 7 62 195 562
a 5 8 92 117 1108
a 5 2 83 546 680
a 5 1 86 234 237
a 5 3 60 481 857
a 6 7 100 1417 1477
a 6 9 69 299 473
a 6 1 20 215 576
a 6 5 41 474 1064
a 6 2 79 208 355
a 6 3 74 474 1226
a 6 4 59 500 739
a 6 0 74 455 192
a 7 8 100 1417 1477
a 7 4 96 526 857
a 7 5 75 254 237
a 7 6 99 143 1093
a 7 0 24 552 1049
a 7 2 77 370 1329
a 7 1 69 150 1034
a 7 9 72 280 1137
a 8 9 100 1417 1477
a 8 5 44 156 754
a 8 6 99 409 1064
a 8 0 83 286 192
a 8 1 81 390 680
a 8 7 92 643 1182
a 8 4 21 273 222
a 9 0 100 1417 1477
a 9 3 67 351 429
a 9 8 89 169 178
a 9 4 34 208 473
a 9 6 63 91 443
a 9 7 64 507 532
a 9 1 40 429 842
a 9 2 11 604 1078
a 9 5 61 409 1137
