c fixed charge multi commodity flow
c
c problem vertices edges commodities
p fcmcf 10 83 25
c
c origin destination demand
k 3 1 71
k 0 5 32
k 5 0 78
k 9 4 40
k 1 7 53
k 0 9 80
k 5 4 57
k 8 7 72
k 7 5 57
k 2 9 73
k 4 1 36
k 2 8 22
k 9 0 93
k 2 7 95
k 8 4 27
k 9 7 37
k 4 6 33
k 2 5 94
k 7 3 19
k 5 1 59
k 5 8 17
k 0 3 91
k 1 8 53
k 7 9 73
k 1 5 55
c
c source target cost capacity fixed
a 0 1 100 1417 14766
a 0 6 80 49 13585
a 0 3 67 228 11223
a 0 7 25 101 11370
a 0 2 78 254 5316
a 0 9 98 312 13880
a 0 8 78 104 10632
a 0 4 41 33 5612
a 0 5 70 140 2068
a 1 2 100 1417 14766
a 1 7 92 59 2806
a 1 3 22 85 13880
a 1 4 28 302 12847
a 1 9 75 189 10189
a 1 0 91 322 2658
a 1 8 65 257 2363
a 1 6 96 260 8712
a 2 3 100 1417 14766
a 2 6 52 114 5169
a 2 0 27 111 1625
a 2 9 23 192 3249
a 2 5 90 322 12404
a 2 4 44 134 6793
a 2 7 96 182 9746
a 2 8 31 163 4135
a 3 4 100 1417 14766
a 3 6 24 309 10337
a 3 1 42 270 1477
a 3 9 91 114 6055
a 3 5 97 114 6940
a 3 8 97 247 13290
a 3 2 84 182 14619
a 3 7 84 134 10780
a 3 0 71 260 10337
a 4 5 100 1417 14766
a 4 0 42 150 13290
a 4 3 58 127 7679
a 4 8 26 52 3840
a 4 6 91 43 9598
a 4 2 28 176 11370
a 4 9 32 198 3101
a 4 7 41 59 7679
a 5 6 100 1417 14766
a 5 4 54 289 9746
a 5 9 26 257 6202
a 5 0 79 270 5021
a 5 7 62 98 5612
a 5 8 92 59 11075
a 5 2 83 273 6793
a 5 1 86 117 2363
a 5 3 60 241 8565
a 6 7 100 1417 14766
a 6 9 69 150 4726
a 6 1 20 108 5759
a 6 5 41 237 10632
a 6 2 79 104 3544
a 6 3 74 237 12256
a 6 4 59 250 7383
a 6 0 74 228 1920
a 7 8 100 1417 14766
a 7 4 96 263 8565
a 7 5 75 127 2363
a 7 6 99 72 10927
a 7 0 24 276 10484
a 7 2 77 185 13290
a 7 1 69 75 10337
a 7 9 72 140 11370
a 8 9 100 1417 14766
a 8 5 44 78 7531
a 8 6 99 205 10632
a 8 0 83 143 1920
a 8 1 81 195 6793
a 8 7 92 322 11813
a 8 4 21 137 2215
a 9 0 100 1417 14766
a 9 3 67 176 4283
a 9 8 89 85 1772
a 9 4 34 104 4726
a 9 6 63 46 4430
a 9 7 64 254 5316
a 9 1 40 215 8417
a 9 2 11 302 10780
a 9 5 61 205 11370
