c fixed charge multi commodity flow
c
c problem vertices edges commodities
p fcmcf 10 83 25
c
c origin destination demand
k 3 1 71
k 0 5 32
k 5 0 78
k 9 4 40
k 1 7 53
k 0 9 80
k 5 4 57
k 8 7 72
k 7 5 57
k 2 9 73
k 4 1 36
k 2 8 22
k 9 0 93
k 2 7 95
k 8 4 27
k 9 7 37
k 4 6 33
k 2 5 94
k 7 3 19
k 5 1 59
k 5 8 17
k 0 3 91
k 1 8 53
k 7 9 73
k 1 5 55
c
c source target cost capacity fixed
a 0 1 100 1417 7383
a 0 6 80 49 6793
a 0 3 67 228 5612
a 0 7 25 101 5685
a 0 2 78 254 2658
a 0 9 98 312 6940
a 0 8 78 104 5316
a 0 4 41 33 2806
a 0 5 70 140 1034
a 1 2 100 1417 7383
a 1 7 92 59 1403
a 1 3 22 85 6940
a 1 4 28 302 6424
a 1 9 75 189 5095
a 1 0 91 322 1329
a 1 8 65 257 1182
a 1 6 96 260 4356
a 2 3 100 1417 7383
a 2 6 52 114 2585
a 2 0 27 111 813
a 2 9 23 192 1625
a 2 5 90 322 6202
a 2 4 44 134 3397
a 2 7 96 182 4873
a 2 8 31 163 2068
a 3 4 100 1417 7383
a 3 6 24 309 5169
a 3 1 42 270 739
a 3 9 91 114 3028
a 3 5 97 114 3470
a 3 8 97 247 6645
a 3 2 84 182 7310
a 3 7 84 134 5390
a 3 0 71 260 5169
a 4 5 100 1417 7383
a 4 0 42 150 6645
a 4 3 58 127 3840
a 4 8 26 52 1920
a 4 6 91 43 4799
a 4 2 28 176 5685
a 4 9 32 198 1551
a 4 7 41 59 3840
a 5 6 100 1417 7383
a 5 4 54 289 4873
a 5 9 26 257 3101
a 5 0 79 270 2511
a 5 7 62 98 2806
a 5 8 92 59 5538
a 5 2 83 273 3397
a 5 1 86 117 1182
a 5 3 60 241 4283
a 6 7 100 1417 7383
a 6 9 69 150 2363
a 6 1 20 108 2880
a 6 5 41 237 5316
a 6 2 79 104 1772
a 6 3 74 237 6128
a 6 4 59 250 3692
a 6 0 74 228 960
a 7 8 100 1417 7383
a 7 4 96 263 4283
a 7 5 75 127 1182
a 7 6 99 72 5464
a 7 0 24 276 5242
a 7 2 77 185 6645
a 7 1 69 75 5169
a 7 9 72 140 5685
a 8 9 100 1417 7383
a 8 5 44 78 3766
a 8 6 99 205 5316
a 8 0 83 143 960
a 8 1 81 195 3397
a 8 7 92 322 5907
a 8 4 21 137 1108
a 9 0 100 1417 7383
a 9 3 67 176 2142
a 9 8 89 85 886
a 9 4 34 104 2363
a 9 6 63 46 2215
a 9 7 64 254 2658
a 9 1 40 215 4209
a 9 2 11 302 5390
a 9 5 61 205 5685
