c fixed charge multi commodity flow
c
c problem vertices edges commodities
p fcmcf 10 83 25
c
c origin destination demand
k 3 1 71
k 0 5 32
k 5 0 78
k 9 4 40
k 1 7 53
k 0 9 80
k 5 4 57
k 8 7 72
k 7 5 57
k 2 9 73
k 4 1 36
k 2 8 22
k 9 0 93
k 2 7 95
k 8 4 27
k 9 7 37
k 4 6 33
k 2 5 94
k 7 3 19
k 5 1 59
k 5 8 17
k 0 3 91
k 1 8 53
k 7 9 73
k 1 5 55
c
c source target cost capacity fixed
a 0 1 100 1150 1477
a 0 6 80 13 1359
a 0 3 67 57 1123
a 0 7 25 26 1137
a 0 2 78 64 532
a 0 9 98 78 1388
a 0 8 78 26 1064
a 0 4 41 9 562
a 0 5 70 35 207
a 1 2 100 1150 1477
a 1 7 92 15 281
a 1 3 22 22 1388
a 1 4 28 76 1285
a 1 9 75 48 1019
a 1 0 91 81 266
a 1 8 65 65 237
a 1 6 96 65 872
a 2 3 100 1150 1477
a 2 6 52 29 517
a 2 0 27 28 163
a 2 9 23 48 325
a 2 5 90 81 1241
a 2 4 44 34 680
a 2 7 96 46 975
a 2 8 31 41 414
a 3 4 100 1150 1477
a 3 6 24 78 1034
a 3 1 42 68 148
a 3 9 91 29 606
a 3 5 97 29 694
a 3 8 97 62 1329
a 3 2 84 46 1462
a 3 7 84 34 1078
a 3 0 71 65 1034
a 4 5 100 1150 1477
a 4 0 42 38 1329
a 4 3 58 32 768
a 4 8 26 13 384
a 4 6 91 11 960
a 4 2 28 44 1137
a 4 9 32 50 311
a 4 7 41 15 768
a 5 6 100 1150 1477
a 5 4 54 73 975
a 5 9 26 65 621
a 5 0 79 68 503
a 5 7 62 25 562
a 5 8 92 15 1108
a 5 2 83 69 680
a 5 1 86 30 237
a 5 3 60 61 857
a 6 7 100 1150 1477
a 6 9 69 38 473
a 6 1 20 27 576
a 6 5 41 60 1064
a 6 2 79 26 355
a 6 3 74 60 1226
a 6 4 59 63 739
a 6 0 74 57 192
a 7 8 100 1150 1477
a 7 4 96 66 857
a 7 5 75 32 237
a 7 6 99 18 1093
a 7 0 24 69 1049
a 7 2 77 47 1329
a 7 1 69 19 1034
a 7 9 72 35 1137
a 8 9 100 1150 1477
a 8 5 44 20 754
a 8 6 99 52 1064
a 8 0 83 36 192
a 8 1 81 49 680
a 8 7 92 81 1182
a 8 4 21 35 222
a 9 0 100 1150 1477
a 9 3 67 44 429
a 9 8 89 22 178
a 9 4 34 26 473
a 9 6 63 12 443
a 9 7 64 64 532
a 9 1 40 54 842
a 9 2 11 76 1078
a 9 5 61 52 1137
