c fixed charge multi commodity flow
c
c problem vertices edges commodities
p fcmcf 10 83 50
c
c origin destination demand
k 9 5 71
k 3 8 32
k 3 6 78
k 8 0 40
k 6 7 53
k 9 2 80
k 3 2 57
k 3 9 72
k 7 1 57
k 4 9 73
k 5 3 36
k 0 8 22
k 4 6 93
k 6 1 95
k 5 6 27
k 1 6 37
k 6 2 33
k 0 2 94
k 0 9 19
k 7 6 59
k 9 7 17
k 1 2 91
k 8 9 53
k 5 2 73
k 9 4 55
k 0 1 71
k 3 7 92
k 7 4 32
k 9 1 46
k 3 4 69
k 8 1 27
k 7 9 36
k 1 8 37
k 2 4 13
k 2 5 71
k 8 5 15
k 7 0 48
k 5 4 71
k 3 1 96
k 6 3 30
k 6 5 63
k 1 0 75
k 0 7 13
k 5 0 76
k 5 7 83
k 0 6 24
k 2 0 26
k 6 4 10
k 4 3 27
k 8 3 72
c
c source target cost capacity fixed
a 0 1 100 2640 2524
a 0 6 92 55 1187
a 0 7 83 135 1767
a 0 9 29 153 2019
a 0 5 80 171 1212
a 0 3 92 138 2473
a 0 8 88 59 1590
a 0 2 42 164 2044
a 1 2 100 2640 2524
a 1 8 44 48 354
a 1 6 97 266 2145
a 1 3 89 244 833
a 1 9 21 218 985
a 1 4 53 113 1994
a 1 5 96 244 1414
a 1 7 63 324 2272
a 2 3 100 2640 2524
a 2 0 55 255 1313
a 2 4 97 95 2070
a 2 9 12 48 1969
a 2 6 41 113 1262
a 2 1 93 316 1313
a 2 8 37 284 2322
a 2 7 85 247 1338
a 2 5 47 316 1893
a 3 4 100 2640 2524
a 3 6 58 117 2019
a 3 9 93 207 2221
a 3 2 47 128 1212
a 3 5 74 360 530
a 3 7 90 135 1565
a 3 1 37 95 2398
a 3 8 58 313 505
a 3 0 78 338 556
a 4 5 100 2640 2524
a 4 3 90 189 732
a 4 6 96 40 934
a 4 0 21 189 1313
a 4 7 47 37 505
a 4 8 82 55 959
a 4 1 44 316 909
a 4 2 88 62 2448
a 5 6 100 2640 2524
a 5 3 27 142 556
a 5 1 86 131 404
a 5 2 43 320 2423
a 5 8 39 269 2120
a 5 0 42 113 1086
a 5 4 18 291 253
a 5 7 31 77 2095
a 6 7 100 2640 2524
a 6 0 63 171 2499
a 6 4 97 258 1338
a 6 5 60 178 1111
a 6 8 76 193 1287
a 6 2 88 84 429
a 6 1 11 255 1742
a 6 3 38 316 2246
a 6 9 13 135 2322
a 7 8 100 2640 2524
a 7 6 32 331 1616
a 7 1 25 171 1086
a 7 3 47 324 2196
a 7 4 79 189 1590
a 7 9 15 298 1338
a 7 0 64 291 1338
a 8 9 100 2640 2524
a 8 5 58 276 1136
a 8 3 84 276 581
a 8 1 82 345 2044
a 8 2 85 178 455
a 8 0 97 164 1641
a 8 4 14 157 985
a 8 6 66 276 631
a 9 0 100 2640 2524
a 9 5 24 142 1691
a 9 4 25 331 1388
a 9 8 73 106 2499
a 9 7 22 40 429
a 9 2 23 142 2373
a 9 1 38 48 1868
a 9 3 52 66 1414
a 9 6 57 69 1489
