c fixed charge multi commodity flow
c
c problem vertices edges commodities
p fcmcf 10 83 50
c
c origin destination demand
k 9 5 71
k 3 8 32
k 3 6 78
k 8 0 40
k 6 7 53
k 9 2 80
k 3 2 57
k 3 9 72
k 7 1 57
k 4 9 73
k 5 3 36
k 0 8 22
k 4 6 93
k 6 1 95
k 5 6 27
k 1 6 37
k 6 2 33
k 0 2 94
k 0 9 19
k 7 6 59
k 9 7 17
k 1 2 91
k 8 9 53
k 5 2 73
k 9 4 55
k 0 1 71
k 3 7 92
k 7 4 32
k 9 1 46
k 3 4 69
k 8 1 27
k 7 9 36
k 1 8 37
k 2 4 13
k 2 5 71
k 8 5 15
k 7 0 48
k 5 4 71
k 3 1 96
k 6 3 30
k 6 5 63
k 1 0 75
k 0 7 13
k 5 0 76
k 5 7 83
k 0 6 24
k 2 0 26
k 6 4 10
k 4 3 27
k 8 3 72
c
c source target cost capacity fixed
a 0 1 100 2640 25235
a 0 6 92 55 11861
a 0 7 83 135 17665
a 0 9 29 153 20188
a 0 5 80 171 12113
a 0 3 92 138 24730
a 0 8 88 59 15898
a 0 2 42 164 20440
a 1 2 100 2640 25235
a 1 8 44 48 3533
a 1 6 97 266 21450
a 1 3 89 244 8328
a 1 9 21 218 9842
a 1 4 53 113 19936
a 1 5 96 244 14132
a 1 7 63 324 22712
a 2 3 100 2640 25235
a 2 0 55 255 13122
a 2 4 97 95 20693
a 2 9 12 48 19683
a 2 6 41 113 12618
a 2 1 93 316 13122
a 2 8 37 284 23216
a 2 7 85 247 13375
a 2 5 47 316 18926
a 3 4 100 2640 25235
a 3 6 58 117 20188
a 3 9 93 207 22207
a 3 2 47 128 12113
a 3 5 74 360 5300
a 3 7 90 135 15646
a 3 1 37 95 23973
a 3 8 58 313 5047
a 3 0 78 338 5552
a 4 5 100 2640 25235
a 4 3 90 189 7319
a 4 6 96 40 9337
a 4 0 21 189 13122
a 4 7 47 37 5047
a 4 8 82 55 9590
a 4 1 44 316 9085
a 4 2 88 62 24478
a 5 6 100 2640 25235
a 5 3 27 142 5552
a 5 1 86 131 4038
a 5 2 43 320 24226
a 5 8 39 269 21198
a 5 0 42 113 10851
a 5 4 18 291 2524
a 5 7 31 77 20945
a 6 7 100 2640 25235
a 6 0 63 171 24983
a 6 4 97 258 13375
a 6 5 60 178 11104
a 6 8 76 193 12870
a 6 2 88 84 4290
a 6 1 11 255 17412
a 6 3 38 316 22459
a 6 9 13 135 23216
a 7 8 100 2640 25235
a 7 6 32 331 16151
a 7 1 25 171 10851
a 7 3 47 324 21955
a 7 4 79 189 15898
a 7 9 15 298 13375
a 7 0 64 291 13375
a 8 9 100 2640 25235
a 8 5 58 276 11356
a 8 3 84 276 5804
a 8 1 82 345 20440
a 8 2 85 178 4543
a 8 0 97 164 16403
a 8 4 14 157 9842
a 8 6 66 276 6309
a 9 0 100 2640 25235
a 9 5 24 142 16908
a 9 4 25 331 13880
a 9 8 73 106 24983
a 9 7 22 40 4290
a 9 2 23 142 23721
a 9 1 38 48 18674
a 9 3 52 66 14132
a 9 6 57 69 14889
