c fixed charge multi commodity flow
c
c problem vertices edges commodities
p fcmcf 10 83 50
c
c origin destination demand
k 9 5 71
k 3 8 32
k 3 6 78
k 8 0 40
k 6 7 53
k 9 2 80
k 3 2 57
k 3 9 72
k 7 1 57
k 4 9 73
k 5 3 36
k 0 8 22
k 4 6 93
k 6 1 95
k 5 6 27
k 1 6 37
k 6 2 33
k 0 2 94
k 0 9 19
k 7 6 59
k 9 7 17
k 1 2 91
k 8 9 53
k 5 2 73
k 9 4 55
k 0 1 71
k 3 7 92
k 7 4 32
k 9 1 46
k 3 4 69
k 8 1 27
k 7 9 36
k 1 8 37
k 2 4 13
k 2 5 71
k 8 5 15
k 7 0 48
k 5 4 71
k 3 1 96
k 6 3 30
k 6 5 63
k 1 0 75
k 0 7 13
k 5 0 76
k 5 7 83
k 0 6 24
k 2 0 26
k 6 4 10
k 4 3 27
k 8 3 72
c
c source target cost capacity fixed
a 0 1 100 2640 2524
a 0 6 92 109 1187
a 0 7 83 269 1767
a 0 9 29 305 2019
a 0 5 80 342 1212
a 0 3 92 276 2473
a 0 8 88 117 1590
a 0 2 42 327 2044
a 1 2 100 2640 2524
a 1 8 44 95 354
a 1 6 97 531 2145
a 1 3 89 487 833
a 1 9 21 436 985
a 1 4 53 226 1994
a 1 5 96 487 1414
a 1 7 63 647 2272
a 2 3 100 2640 2524
a 2 0 55 509 1313
a 2 4 97 189 2070
a 2 9 12 95 1969
a 2 6 41 226 1262
a 2 1 93 632 1313
a 2 8 37 567 2322
a 2 7 85 494 1338
a 2 5 47 632 1893
a 3 4 100 2640 2524
a 3 6 58 233 2019
a 3 9 93 414 2221
a 3 2 47 255 1212
a 3 5 74 719 530
a 3 7 90 269 1565
a 3 1 37 189 2398
a 3 8 58 625 505
a 3 0 78 676 556
a 4 5 100 2640 2524
a 4 3 90 378 732
a 4 6 96 80 934
a 4 0 21 378 1313
a 4 7 47 73 505
a 4 8 82 109 959
a 4 1 44 632 909
a 4 2 88 124 2448
a 5 6 100 2640 2524
a 5 3 27 284 556
a 5 1 86 262 404
a 5 2 43 640 2423
a 5 8 39 538 2120
a 5 0 42 226 1086
a 5 4 18 581 253
a 5 7 31 153 2095
a 6 7 100 2640 2524
a 6 0 63 342 2499
a 6 4 97 516 1338
a 6 5 60 356 1111
a 6 8 76 385 1287
a 6 2 88 168 429
a 6 1 11 509 1742
a 6 3 38 632 2246
a 6 9 13 269 2322
a 7 8 100 2640 2524
a 7 6 32 661 1616
a 7 1 25 342 1086
a 7 3 47 647 2196
a 7 4 79 378 1590
a 7 9 15 596 1338
a 7 0 64 581 1338
a 8 9 100 2640 2524
a 8 5 58 552 1136
a 8 3 84 552 581
a 8 1 82 690 2044
a 8 2 85 356 455
a 8 0 97 327 1641
a 8 4 14 313 985
a 8 6 66 552 631
a 9 0 100 2640 2524
a 9 5 24 284 1691
a 9 4 25 661 1388
a 9 8 73 211 2499
a 9 7 22 80 429
a 9 2 23 284 2373
a 9 1 38 95 1868
a 9 3 52 131 1414
a 9 6 57 138 1489
