c fixed charge multi commodity flow
c
c problem vertices edges commodities
p fcmcf 10 83 50
c
c origin destination demand
k 9 5 71
k 3 8 32
k 3 6 78
k 8 0 40
k 6 7 53
k 9 2 80
k 3 2 57
k 3 9 72
k 7 1 57
k 4 9 73
k 5 3 36
k 0 8 22
k 4 6 93
k 6 1 95
k 5 6 27
k 1 6 37
k 6 2 33
k 0 2 94
k 0 9 19
k 7 6 59
k 9 7 17
k 1 2 91
k 8 9 53
k 5 2 73
k 9 4 55
k 0 1 71
k 3 7 92
k 7 4 32
k 9 1 46
k 3 4 69
k 8 1 27
k 7 9 36
k 1 8 37
k 2 4 13
k 2 5 71
k 8 5 15
k 7 0 48
k 5 4 71
k 3 1 96
k 6 3 30
k 6 5 63
k 1 0 75
k 0 7 13
k 5 0 76
k 5 7 83
k 0 6 24
k 2 0 26
k 6 4 10
k 4 3 27
k 8 3 72
c
c source target cost capacity fixed
a 0 1 100 2397 25235
a 0 6 92 14 11861
a 0 7 83 34 17665
a 0 9 29 39 20188
a 0 5 80 43 12113
a 0 3 92 35 24730
a 0 8 88 15 15898
a 0 2 42 41 20440
a 1 2 100 2397 25235
a 1 8 44 12 3533
a 1 6 97 67 21450
a 1 3 89 61 8328
a 1 9 21 55 9842
a 1 4 53 29 19936
a 1 5 96 61 14132
a 1 7 63 81 22712
a 2 3 100 2397 25235
a 2 0 55 64 13122
a 2 4 97 24 20693
a 2 9 12 12 19683
a 2 6 41 29 12618
a 2 1 93 79 13122
a 2 8 37 71 23216
a 2 7 85 62 13375
a 2 5 47 79 18926
a 3 4 100 2397 25235
a 3 6 58 30 20188
a 3 9 93 52 22207
a 3 2 47 32 12113
a 3 5 74 90 5300
a 3 7 90 34 15646
a 3 1 37 24 23973
a 3 8 58 79 5047
a 3 0 78 85 5552
a 4 5 100 2397 25235
a 4 3 90 48 7319
a 4 6 96 10 9337
a 4 0 21 48 13122
a 4 7 47 10 5047
a 4 8 82 14 9590
a 4 1 44 79 9085
a 4 2 88 16 24478
a 5 6 100 2397 25235
a 5 3 27 36 5552
a 5 1 86 33 4038
a 5 2 43 80 24226
a 5 8 39 68 21198
a 5 0 42 29 10851
a 5 4 18 73 2524
a 5 7 31 20 20945
a 6 7 100 2397 25235
a 6 0 63 43 24983
a 6 4 97 65 13375
a 6 5 60 45 11104
a 6 8 76 49 12870
a 6 2 88 21 4290
a 6 1 11 64 17412
a 6 3 38 79 22459
a 6 9 13 34 23216
a 7 8 100 2397 25235
a 7 6 32 83 16151
a 7 1 25 43 10851
a 7 3 47 81 21955
a 7 4 79 48 15898
a 7 9 15 75 13375
a 7 0 64 73 13375
a 8 9 100 2397 25235
a 8 5 58 69 11356
a 8 3 84 69 5804
a 8 1 82 87 20440
a 8 2 85 45 4543
a 8 0 97 41 16403
a 8 4 14 40 9842
a 8 6 66 69 6309
a 9 0 100 2397 25235
a 9 5 24 36 16908
a 9 4 25 83 13880
a 9 8 73 27 24983
a 9 7 22 10 4290
a 9 2 23 36 23721
a 9 1 38 12 18674
a 9 3 52 17 14132
a 9 6 57 18 14889
