c fixed charge multi commodity flow
c
c problem vertices edges commodities
p fcmcf 10 83 50
c
c origin destination demand
k 9 5 71
k 3 8 32
k 3 6 78
k 8 0 40
k 6 7 53
k 9 2 80
k 3 2 57
k 3 9 72
k 7 1 57
k 4 9 73
k 5 3 36
k 0 8 22
k 4 6 93
k 6 1 95
k 5 6 27
k 1 6 37
k 6 2 33
k 0 2 94
k 0 9 19
k 7 6 59
k 9 7 17
k 1 2 91
k 8 9 53
k 5 2 73
k 9 4 55
k 0 1 71
k 3 7 92
k 7 4 32
k 9 1 46
k 3 4 69
k 8 1 27
k 7 9 36
k 1 8 37
k 2 4 13
k 2 5 71
k 8 5 15
k 7 0 48
k 5 4 71
k 3 1 96
k 6 3 30
k 6 5 63
k 1 0 75
k 0 7 13
k 5 0 76
k 5 7 83
k 0 6 24
k 2 0 26
k 6 4 10
k 4 3 27
k 8 3 72
c
c source target cost capacity fixed
a 0 1 100 2640 12618
a 0 6 92 55 5931
a 0 7 83 135 8833
a 0 9 29 153 10094
a 0 5 80 171 6057
a 0 3 92 138 12365
a 0 8 88 59 7949
a 0 2 42 164 10220
a 1 2 100 2640 12618
a 1 8 44 48 1767
a 1 6 97 266 10725
a 1 3 89 244 4164
a 1 9 21 218 4921
a 1 4 53 113 9968
a 1 5 96 244 7066
a 1 7 63 324 11356
a 2 3 100 2640 12618
a 2 0 55 255 6561
a 2 4 97 95 10347
a 2 9 12 48 9842
a 2 6 41 113 6309
a 2 1 93 316 6561
a 2 8 37 284 11608
a 2 7 85 247 6688
a 2 5 47 316 9463
a 3 4 100 2640 12618
a 3 6 58 117 10094
a 3 9 93 207 11104
a 3 2 47 128 6057
a 3 5 74 360 2650
a 3 7 90 135 7823
a 3 1 37 95 11987
a 3 8 58 313 2524
a 3 0 78 338 2776
a 4 5 100 2640 12618
a 4 3 90 189 3660
a 4 6 96 40 4669
a 4 0 21 189 6561
a 4 7 47 37 2524
a 4 8 82 55 4795
a 4 1 44 316 4543
a 4 2 88 62 12239
a 5 6 100 2640 12618
a 5 3 27 142 2776
a 5 1 86 131 2019
a 5 2 43 320 12113
a 5 8 39 269 10599
a 5 0 42 113 5426
a 5 4 18 291 1262
a 5 7 31 77 10473
a 6 7 100 2640 12618
a 6 0 63 171 12492
a 6 4 97 258 6688
a 6 5 60 178 5552
a 6 8 76 193 6435
a 6 2 88 84 2145
a 6 1 11 255 8706
a 6 3 38 316 11230
a 6 9 13 135 11608
a 7 8 100 2640 12618
a 7 6 32 331 8076
a 7 1 25 171 5426
a 7 3 47 324 10978
a 7 4 79 189 7949
a 7 9 15 298 6688
a 7 0 64 291 6688
a 8 9 100 2640 12618
a 8 5 58 276 5678
a 8 3 84 276 2902
a 8 1 82 345 10220
a 8 2 85 178 2272
a 8 0 97 164 8202
a 8 4 14 157 4921
a 8 6 66 276 3155
a 9 0 100 2640 12618
a 9 5 24 142 8454
a 9 4 25 331 6940
a 9 8 73 106 12492
a 9 7 22 40 2145
a 9 2 23 142 11861
a 9 1 38 48 9337
a 9 3 52 66 7066
a 9 6 57 69 7445
