c fixed charge multi commodity flow
c
c problem vertices edges commodities
p fcmcf 10 83 50
c
c origin destination demand
k 9 5 71
k 3 8 32
k 3 6 78
k 8 0 40
k 6 7 53
k 9 2 80
k 3 2 57
k 3 9 72
k 7 1 57
k 4 9 73
k 5 3 36
k 0 8 22
k 4 6 93
k 6 1 95
k 5 6 27
k 1 6 37
k 6 2 33
k 0 2 94
k 0 9 19
k 7 6 59
k 9 7 17
k 1 2 91
k 8 9 53
k 5 2 73
k 9 4 55
k 0 1 71
k 3 7 92
k 7 4 32
k 9 1 46
k 3 4 69
k 8 1 27
k 7 9 36
k 1 8 37
k 2 4 13
k 2 5 71
k 8 5 15
k 7 0 48
k 5 4 71
k 3 1 96
k 6 3 30
k 6 5 63
k 1 0 75
k 0 7 13
k 5 0 76
k 5 7 83
k 0 6 24
k 2 0 26
k 6 4 10
k 4 3 27
k 8 3 72
c
c source target cost capacity fixed
a 0 1 100 2640 25235
a 0 6 92 109 11861
a 0 7 83 269 17665
a 0 9 29 305 20188
a 0 5 80 342 12113
a 0 3 92 276 24730
a 0 8 88 117 15898
a 0 2 42 327 20440
a 1 2 100 2640 25235
a 1 8 44 95 3533
a 1 6 97 531 21450
a 1 3 89 487 8328
a 1 9 21 436 9842
a 1 4 53 226 19936
a 1 5 96 487 14132
a 1 7 63 647 22712
a 2 3 100 2640 25235
a 2 0 55 509 13122
a 2 4 97 189 20693
a 2 9 12 95 19683
a 2 6 41 226 12618
a 2 1 93 632 13122
a 2 8 37 567 23216
a 2 7 85 494 13375
a 2 5 47 632 18926
a 3 4 100 2640 25235
a 3 6 58 233 20188
a 3 9 93 414 22207
a 3 2 47 255 12113
a 3 5 74 719 5300
a 3 7 90 269 15646
a 3 1 37 189 23973
a 3 8 58 625 5047
a 3 0 78 676 5552
a 4 5 100 2640 25235
a 4 3 90 378 7319
a 4 6 96 80 9337
a 4 0 21 378 13122
a 4 7 47 73 5047
a 4 8 82 109 9590
a 4 1 44 632 9085
a 4 2 88 124 24478
a 5 6 100 2640 25235
a 5 3 27 284 5552
a 5 1 86 262 4038
a 5 2 43 640 24226
a 5 8 39 538 21198
a 5 0 42 226 10851
a 5 4 18 581 2524
a 5 7 31 153 20945
a 6 7 100 2640 25235
a 6 0 63 342 24983
a 6 4 97 516 13375
a 6 5 60 356 11104
a 6 8 76 385 12870
a 6 2 88 168 4290
a 6 1 11 509 17412
a 6 3 38 632 22459
a 6 9 13 269 23216
a 7 8 100 2640 25235
a 7 6 32 661 16151
a 7 1 25 342 10851
a 7 3 47 647 21955
a 7 4 79 378 15898
a 7 9 15 596 13375
a 7 0 64 581 13375
a 8 9 100 2640 25235
a 8 5 58 552 11356
a 8 3 84 552 5804
a 8 1 82 690 20440
a 8 2 85 356 4543
a 8 0 97 327 16403
a 8 4 14 313 9842
a 8 6 66 552 6309
a 9 0 100 2640 25235
a 9 5 24 284 16908
a 9 4 25 661 13880
a 9 8 73 211 24983
a 9 7 22 80 4290
a 9 2 23 284 23721
a 9 1 38 95 18674
a 9 3 52 131 14132
a 9 6 57 138 14889
