c fixed charge multi commodity flow
c
c problem vertices edges commodities
p fcmcf 10 83 50
c
c origin destination demand
k 9 5 71
k 3 8 32
k 3 6 78
k 8 0 40
k 6 7 53
k 9 2 80
k 3 2 57
k 3 9 72
k 7 1 57
k 4 9 73
k 5 3 36
k 0 8 22
k 4 6 93
k 6 1 95
k 5 6 27
k 1 6 37
k 6 2 33
k 0 2 94
k 0 9 19
k 7 6 59
k 9 7 17
k 1 2 91
k 8 9 53
k 5 2 73
k 9 4 55
k 0 1 71
k 3 7 92
k 7 4 32
k 9 1 46
k 3 4 69
k 8 1 27
k 7 9 36
k 1 8 37
k 2 4 13
k 2 5 71
k 8 5 15
k 7 0 48
k 5 4 71
k 3 1 96
k 6 3 30
k 6 5 63
k 1 0 75
k 0 7 13
k 5 0 76
k 5 7 83
k 0 6 24
k 2 0 26
k 6 4 10
k 4 3 27
k 8 3 72
c
c source target cost capacity fixed
a 0 1 100 2397 12618
a 0 6 92 14 5931
a 0 7 83 34 8833
a 0 9 29 39 10094
a 0 5 80 43 6057
a 0 3 92 35 12365
a 0 8 88 15 7949
a 0 2 42 41 10220
a 1 2 100 2397 12618
a 1 8 44 12 1767
a 1 6 97 67 10725
a 1 3 89 61 4164
a 1 9 21 55 4921
a 1 4 53 29 9968
a 1 5 96 61 7066
a 1 7 63 81 11356
a 2 3 100 2397 12618
a 2 0 55 64 6561
a 2 4 97 24 10347
a 2 9 12 12 9842
a 2 6 41 29 6309
a 2 1 93 79 6561
a 2 8 37 71 11608
a 2 7 85 62 6688
a 2 5 47 79 9463
a 3 4 100 2397 12618
a 3 6 58 30 10094
a 3 9 93 52 11104
a 3 2 47 32 6057
a 3 5 74 90 2650
a 3 7 90 34 7823
a 3 1 37 24 11987
a 3 8 58 79 2524
a 3 0 78 85 2776
a 4 5 100 2397 12618
a 4 3 90 48 3660
a 4 6 96 10 4669
a 4 0 21 48 6561
a 4 7 47 10 2524
a 4 8 82 14 4795
a 4 1 44 79 4543
a 4 2 88 16 12239
a 5 6 100 2397 12618
a 5 3 27 36 2776
a 5 1 86 33 2019
a 5 2 43 80 12113
a 5 8 39 68 10599
a 5 0 42 29 5426
a 5 4 18 73 1262
a 5 7 31 20 10473
a 6 7 100 2397 12618
a 6 0 63 43 12492
a 6 4 97 65 6688
a 6 5 60 45 5552
a 6 8 76 49 6435
a 6 2 88 21 2145
a 6 1 11 64 8706
a 6 3 38 79 11230
a 6 9 13 34 11608
a 7 8 100 2397 12618
a 7 6 32 83 8076
a 7 1 25 43 5426
a 7 3 47 81 10978
a 7 4 79 48 7949
a 7 9 15 75 6688
a 7 0 64 73 6688
a 8 9 100 2397 12618
a 8 5 58 69 5678
a 8 3 84 69 2902
a 8 1 82 87 10220
a 8 2 85 45 2272
a 8 0 97 41 8202
a 8 4 14 40 4921
a 8 6 66 69 3155
a 9 0 100 2397 12618
a 9 5 24 36 8454
a 9 4 25 83 6940
a 9 8 73 27 12492
a 9 7 22 10 2145
a 9 2 23 36 11861
a 9 1 38 12 9337
a 9 3 52 17 7066
a 9 6 57 18 7445
