c fixed charge multi commodity flow
c
c problem vertices edges commodities
p fcmcf 10 83 50
c
c origin destination demand
k 9 5 71
k 3 8 32
k 3 6 78
k 8 0 40
k 6 7 53
k 9 2 80
k 3 2 57
k 3 9 72
k 7 1 57
k 4 9 73
k 5 3 36
k 0 8 22
k 4 6 93
k 6 1 95
k 5 6 27
k 1 6 37
k 6 2 33
k 0 2 94
k 0 9 19
k 7 6 59
k 9 7 17
k 1 2 91
k 8 9 53
k 5 2 73
k 9 4 55
k 0 1 71
k 3 7 92
k 7 4 32
k 9 1 46
k 3 4 69
k 8 1 27
k 7 9 36
k 1 8 37
k 2 4 13
k 2 5 71
k 8 5 15
k 7 0 48
k 5 4 71
k 3 1 96
k 6 3 30
k 6 5 63
k 1 0 75
k 0 7 13
k 5 0 76
k 5 7 83
k 0 6 24
k 2 0 26
k 6 4 10
k 4 3 27
k 8 3 72
c
c source target cost capacity fixed
a 0 1 100 2397 2524
a 0 6 92 14 1187
a 0 7 83 34 1767
a 0 9 29 39 2019
a 0 5 80 43 1212
a 0 3 92 35 2473
a 0 8 88 15 1590
a 0 2 42 41 2044
a 1 2 100 2397 2524
a 1 8 44 12 354
a 1 6 97 67 2145
a 1 3 89 61 833
a 1 9 21 55 985
a 1 4 53 29 1994
a 1 5 96 61 1414
a 1 7 63 81 2272
a 2 3 100 2397 2524
a 2 0 55 64 1313
a 2 4 97 24 2070
a 2 9 12 12 1969
a 2 6 41 29 1262
a 2 1 93 79 1313
a 2 8 37 71 2322
a 2 7 85 62 1338
a 2 5 47 79 1893
a 3 4 100 2397 2524
a 3 6 58 30 2019
a 3 9 93 52 2221
a 3 2 47 32 1212
a 3 5 74 90 530
a 3 7 90 34 1565
a 3 1 37 24 2398
a 3 8 58 79 505
a 3 0 78 85 556
a 4 5 100 2397 2524
a 4 3 90 48 732
a 4 6 96 10 934
a 4 0 21 48 1313
a 4 7 47 10 505
a 4 8 82 14 959
a 4 1 44 79 909
a 4 2 88 16 2448
a 5 6 100 2397 2524
a 5 3 27 36 556
a 5 1 86 33 404
a 5 2 43 80 2423
a 5 8 39 68 2120
a 5 0 42 29 1086
a 5 4 18 73 253
a 5 7 31 20 2095
a 6 7 100 2397 2524
a 6 0 63 43 2499
a 6 4 97 65 1338
a 6 5 60 45 1111
a 6 8 76 49 1287
a 6 2 88 21 429
a 6 1 11 64 1742
a 6 3 38 79 2246
a 6 9 13 34 2322
a 7 8 100 2397 2524
a 7 6 32 83 1616
a 7 1 25 43 1086
a 7 3 47 81 2196
a 7 4 79 48 1590
a 7 9 15 75 1338
a 7 0 64 73 1338
a 8 9 100 2397 2524
a 8 5 58 69 1136
a 8 3 84 69 581
a 8 1 82 87 2044
a 8 2 85 45 455
a 8 0 97 41 1641
a 8 4 14 40 985
a 8 6 66 69 631
a 9 0 100 2397 2524
a 9 5 24 36 1691
a 9 4 25 83 1388
a 9 8 73 27 2499
a 9 7 22 10 429
a 9 2 23 36 2373
a 9 1 38 12 1868
a 9 3 52 17 1414
a 9 6 57 18 1489
