c fixed charge multi commodity flow
c
c problem vertices edges commodities
p fcmcf 20 120 40
c
c origin destination demand
k 3 16 71
k 18 11 32
k 9 3 78
k 8 13 40
k 6 4 53
k 15 6 80
k 6 11 57
k 3 4 72
k 13 6 57
k 3 12 73
k 19 0 36
k 0 16 22
k 8 0 93
k 13 2 95
k 19 17 27
k 13 19 37
k 15 7 33
k 19 9 94
k 7 12 19
k 2 4 59
k 16 3 17
k 14 6 91
k 17 13 53
k 14 9 73
k 17 3 55
k 8 15 71
k 1 8 92
k 11 19 32
k 5 13 46
k 15 0 69
k 0 3 27
k 8 16 36
k 18 0 37
k 10 14 13
k 0 15 71
k 19 6 15
k 7 16 48
k 16 7 71
k 12 2 96
k 16 17 30
c
c source target cost capacity fixed
a 0 1 100 2171 10261
a 0 18 79 413 4310
a 0 16 21 371 7799
a 0 6 18 254 5336
a 0 17 65 196 9030
a 0 3 56 64 1232
a 0 14 62 201 9235
a 0 19 27 323 7080
a 0 7 18 450 6465
a 0 2 52 423 2155
a 0 10 69 112 4720
a 0 9 72 418 9646
a 1 2 100 2171 10261
a 1 9 90 323 10159
a 1 5 38 418 8517
a 1 8 49 164 9030
a 1 6 24 439 9748
a 1 0 14 492 6465
a 1 16 70 302 9953
a 2 3 100 2171 10261
a 2 8 38 402 10159
a 2 13 22 328 4618
a 2 17 73 133 6670
a 2 10 57 164 1847
a 3 4 100 2171 10261
a 3 9 41 513 9953
a 3 1 44 286 8209
a 3 17 26 386 5336
a 3 14 44 434 6773
a 3 10 20 466 3284
a 4 5 100 2171 10261
a 4 8 20 59 1642
a 4 12 34 466 5028
a 4 2 28 392 4413
a 4 15 80 476 1232
a 5 6 100 2171 10261
a 5 12 64 249 3387
a 5 10 90 524 8620
a 5 7 23 64 3181
a 5 13 88 360 1334
a 5 14 19 460 1232
a 6 7 100 2171 10261
a 6 2 77 159 8414
a 6 12 36 365 9953
a 6 18 32 186 5439
a 6 8 22 117 4926
a 6 17 27 143 2976
a 7 8 100 2171 10261
a 7 4 77 159 7491
a 7 6 61 423 7080
a 7 5 33 96 7388
a 7 9 18 386 8722
a 7 16 50 381 9235
a 8 9 100 2171 10261
a 8 5 60 466 7080
a 8 3 99 170 6773
a 8 15 95 101 5952
a 8 16 45 196 1745
a 8 7 96 503 9543
a 8 12 70 69 6670
a 9 10 100 2171 10261
a 9 15 44 381 8722
a 9 11 14 349 5439
a 10 11 100 2171 10261
a 10 19 38 418 6465
a 10 14 68 96 7491
a 10 6 54 471 5747
a 11 12 100 2171 10261
a 11 14 83 402 1334
a 11 19 63 429 1540
a 11 17 50 376 7901
a 11 9 70 133 8209
a 11 16 68 238 8722
a 11 2 88 260 4207
a 11 3 16 112 1642
a 12 13 100 2171 10261
a 12 18 14 439 8620
a 12 15 78 476 9646
a 12 19 20 429 3181
a 13 14 100 2171 10261
a 13 9 28 386 3900
a 13 4 19 508 1950
a 13 3 79 503 8209
a 13 19 45 59 7388
a 13 15 82 344 5849
a 13 2 34 217 1847
a 14 15 100 2171 10261
a 14 16 33 328 2976
a 14 13 95 90 8825
a 14 11 93 524 1642
a 14 1 52 439 9338
a 14 3 64 127 6773
a 15 16 100 2171 10261
a 15 4 41 254 5849
a 15 8 96 429 5952
a 15 5 82 186 5849
a 15 10 94 519 5747
a 15 18 74 127 9338
a 15 0 64 423 5439
a 15 6 11 101 9338
a 15 13 40 106 5541
a 16 17 100 2171 10261
a 16 4 10 334 5849
a 16 13 93 328 9851
a 16 11 85 466 1642
a 17 18 100 2171 10261
a 17 3 91 386 6260
a 17 6 11 143 3079
a 17 0 22 524 2771
a 17 19 80 349 9338
a 18 19 100 2171 10261
a 18 11 51 503 3592
a 18 0 51 201 4926
a 18 15 46 286 5233
a 18 4 40 159 4310
a 19 0 100 2171 10261
a 19 18 65 418 8004
a 19 17 29 286 7286
a 19 10 21 344 9133
a 19 5 48 159 3592
