c fixed charge multi commodity flow
c
c problem vertices edges commodities
p fcmcf 20 120 40
c
c origin destination demand
k 3 16 71
k 18 11 32
k 9 3 78
k 8 13 40
k 6 4 53
k 15 6 80
k 6 11 57
k 3 4 72
k 13 6 57
k 3 12 73
k 19 0 36
k 0 16 22
k 8 0 93
k 13 2 95
k 19 17 27
k 13 19 37
k 15 7 33
k 19 9 94
k 7 12 19
k 2 4 59
k 16 3 17
k 14 6 91
k 17 13 53
k 14 9 73
k 17 3 55
k 8 15 71
k 1 8 92
k 11 19 32
k 5 13 46
k 15 0 69
k 0 3 27
k 8 16 36
k 18 0 37
k 10 14 13
k 0 15 71
k 19 6 15
k 7 16 48
k 16 7 71
k 12 2 96
k 16 17 30
c
c source target cost capacity fixed
a 0 1 100 2171 2053
a 0 18 79 413 862
a 0 16 21 371 1560
a 0 6 18 254 1068
a 0 17 65 196 1806
a 0 3 56 64 247
a 0 14 62 201 1847
a 0 19 27 323 1416
a 0 7 18 450 1293
a 0 2 52 423 431
a 0 10 69 112 944
a 0 9 72 418 1930
a 1 2 100 2171 2053
a 1 9 90 323 2032
a 1 5 38 418 1704
a 1 8 49 164 1806
a 1 6 24 439 1950
a 1 0 14 492 1293
a 1 16 70 302 1991
a 2 3 100 2171 2053
a 2 8 38 402 2032
a 2 13 22 328 924
a 2 17 73 133 1334
a 2 10 57 164 370
a 3 4 100 2171 2053
a 3 9 41 513 1991
a 3 1 44 286 1642
a 3 17 26 386 1068
a 3 14 44 434 1355
a 3 10 20 466 657
a 4 5 100 2171 2053
a 4 8 20 59 329
a 4 12 34 466 1006
a 4 2 28 392 883
a 4 15 80 476 247
a 5 6 100 2171 2053
a 5 12 64 249 678
a 5 10 90 524 1724
a 5 7 23 64 637
a 5 13 88 360 267
a 5 14 19 460 247
a 6 7 100 2171 2053
a 6 2 77 159 1683
a 6 12 36 365 1991
a 6 18 32 186 1088
a 6 8 22 117 986
a 6 17 27 143 596
a 7 8 100 2171 2053
a 7 4 77 159 1499
a 7 6 61 423 1416
a 7 5 33 96 1478
a 7 9 18 386 1745
a 7 16 50 381 1847
a 8 9 100 2171 2053
a 8 5 60 466 1416
a 8 3 99 170 1355
a 8 15 95 101 1191
a 8 16 45 196 349
a 8 7 96 503 1909
a 8 12 70 69 1334
a 9 10 100 2171 2053
a 9 15 44 381 1745
a 9 11 14 349 1088
a 10 11 100 2171 2053
a 10 19 38 418 1293
a 10 14 68 96 1499
a 10 6 54 471 1150
a 11 12 100 2171 2053
a 11 14 83 402 267
a 11 19 63 429 308
a 11 17 50 376 1581
a 11 9 70 133 1642
a 11 16 68 238 1745
a 11 2 88 260 842
a 11 3 16 112 329
a 12 13 100 2171 2053
a 12 18 14 439 1724
a 12 15 78 476 1930
a 12 19 20 429 637
a 13 14 100 2171 2053
a 13 9 28 386 780
a 13 4 19 508 390
a 13 3 79 503 1642
a 13 19 45 59 1478
a 13 15 82 344 1170
a 13 2 34 217 370
a 14 15 100 2171 2053
a 14 16 33 328 596
a 14 13 95 90 1765
a 14 11 93 524 329
a 14 1 52 439 1868
a 14 3 64 127 1355
a 15 16 100 2171 2053
a 15 4 41 254 1170
a 15 8 96 429 1191
a 15 5 82 186 1170
a 15 10 94 519 1150
a 15 18 74 127 1868
a 15 0 64 423 1088
a 15 6 11 101 1868
a 15 13 40 106 1109
a 16 17 100 2171 2053
a 16 4 10 334 1170
a 16 13 93 328 1971
a 16 11 85 466 329
a 17 18 100 2171 2053
a 17 3 91 386 1252
a 17 6 11 143 616
a 17 0 22 524 555
a 17 19 80 349 1868
a 18 19 100 2171 2053
a 18 11 51 503 719
a 18 0 51 201 986
a 18 15 46 286 1047
a 18 4 40 159 862
a 19 0 100 2171 2053
a 19 18 65 418 1601
a 19 17 29 286 1458
a 19 10 21 344 1827
a 19 5 48 159 719
