c fixed charge multi commodity flow
c
c problem vertices edges commodities
p fcmcf 20 120 40
c
c origin destination demand
k 3 16 71
k 18 11 32
k 9 3 78
k 8 13 40
k 6 4 53
k 15 6 80
k 6 11 57
k 3 4 72
k 13 6 57
k 3 12 73
k 19 0 36
k 0 16 22
k 8 0 93
k 13 2 95
k 19 17 27
k 13 19 37
k 15 7 33
k 19 9 94
k 7 12 19
k 2 4 59
k 16 3 17
k 14 6 91
k 17 13 53
k 14 9 73
k 17 3 55
k 8 15 71
k 1 8 92
k 11 19 32
k 5 13 46
k 15 0 69
k 0 3 27
k 8 16 36
k 18 0 37
k 10 14 13
k 0 15 71
k 19 6 15
k 7 16 48
k 16 7 71
k 12 2 96
k 16 17 30
c
c source target cost capacity fixed
a 0 1 100 2171 2053
a 0 18 79 207 862
a 0 16 21 186 1560
a 0 6 18 127 1068
a 0 17 65 98 1806
a 0 3 56 32 247
a 0 14 62 101 1847
a 0 19 27 162 1416
a 0 7 18 225 1293
a 0 2 52 212 431
a 0 10 69 56 944
a 0 9 72 209 1930
a 1 2 100 2171 2053
a 1 9 90 162 2032
a 1 5 38 209 1704
a 1 8 49 82 1806
a 1 6 24 220 1950
a 1 0 14 246 1293
a 1 16 70 151 1991
a 2 3 100 2171 2053
a 2 8 38 201 2032
a 2 13 22 164 924
a 2 17 73 67 1334
a 2 10 57 82 370
a 3 4 100 2171 2053
a 3 9 41 257 1991
a 3 1 44 143 1642
a 3 17 26 193 1068
a 3 14 44 217 1355
a 3 10 20 233 657
a 4 5 100 2171 2053
a 4 8 20 30 329
a 4 12 34 233 1006
a 4 2 28 196 883
a 4 15 80 238 247
a 5 6 100 2171 2053
a 5 12 64 125 678
a 5 10 90 262 1724
a 5 7 23 32 637
a 5 13 88 180 267
a 5 14 19 230 247
a 6 7 100 2171 2053
a 6 2 77 80 1683
a 6 12 36 183 1991
a 6 18 32 93 1088
a 6 8 22 59 986
a 6 17 27 72 596
a 7 8 100 2171 2053
a 7 4 77 80 1499
a 7 6 61 212 1416
a 7 5 33 48 1478
a 7 9 18 193 1745
a 7 16 50 191 1847
a 8 9 100 2171 2053
a 8 5 60 233 1416
a 8 3 99 85 1355
a 8 15 95 51 1191
a 8 16 45 98 349
a 8 7 96 252 1909
a 8 12 70 35 1334
a 9 10 100 2171 2053
a 9 15 44 191 1745
a 9 11 14 175 1088
a 10 11 100 2171 2053
a 10 19 38 209 1293
a 10 14 68 48 1499
a 10 6 54 236 1150
a 11 12 100 2171 2053
a 11 14 83 201 267
a 11 19 63 215 308
a 11 17 50 188 1581
a 11 9 70 67 1642
a 11 16 68 119 1745
a 11 2 88 130 842
a 11 3 16 56 329
a 12 13 100 2171 2053
a 12 18 14 220 1724
a 12 15 78 238 1930
a 12 19 20 215 637
a 13 14 100 2171 2053
a 13 9 28 193 780
a 13 4 19 254 390
a 13 3 79 252 1642
a 13 19 45 30 1478
a 13 15 82 172 1170
a 13 2 34 109 370
a 14 15 100 2171 2053
a 14 16 33 164 596
a 14 13 95 45 1765
a 14 11 93 262 329
a 14 1 52 220 1868
a 14 3 64 64 1355
a 15 16 100 2171 2053
a 15 4 41 127 1170
a 15 8 96 215 1191
a 15 5 82 93 1170
a 15 10 94 260 1150
a 15 18 74 64 1868
a 15 0 64 212 1088
a 15 6 11 51 1868
a 15 13 40 53 1109
a 16 17 100 2171 2053
a 16 4 10 167 1170
a 16 13 93 164 1971
a 16 11 85 233 329
a 17 18 100 2171 2053
a 17 3 91 193 1252
a 17 6 11 72 616
a 17 0 22 262 555
a 17 19 80 175 1868
a 18 19 100 2171 2053
a 18 11 51 252 719
a 18 0 51 101 986
a 18 15 46 143 1047
a 18 4 40 80 862
a 19 0 100 2171 2053
a 19 18 65 209 1601
a 19 17 29 143 1458
a 19 10 21 172 1827
a 19 5 48 80 719
