c fixed charge multi commodity flow
c
c problem vertices edges commodities
p fcmcf 20 120 40
c
c origin destination demand
k 3 16 71
k 18 11 32
k 9 3 78
k 8 13 40
k 6 4 53
k 15 6 80
k 6 11 57
k 3 4 72
k 13 6 57
k 3 12 73
k 19 0 36
k 0 16 22
k 8 0 93
k 13 2 95
k 19 17 27
k 13 19 37
k 15 7 33
k 19 9 94
k 7 12 19
k 2 4 59
k 16 3 17
k 14 6 91
k 17 13 53
k 14 9 73
k 17 3 55
k 8 15 71
k 1 8 92
k 11 19 32
k 5 13 46
k 15 0 69
k 0 3 27
k 8 16 36
k 18 0 37
k 10 14 13
k 0 15 71
k 19 6 15
k 7 16 48
k 16 7 71
k 12 2 96
k 16 17 30
c
c source target cost capacity fixed
a 0 1 100 2171 20522
a 0 18 79 207 8620
a 0 16 21 186 15597
a 0 6 18 127 10672
a 0 17 65 98 18059
a 0 3 56 32 2463
a 0 14 62 101 18470
a 0 19 27 162 14160
a 0 7 18 225 12929
a 0 2 52 212 4310
a 0 10 69 56 9440
a 0 9 72 209 19291
a 1 2 100 2171 20522
a 1 9 90 162 20317
a 1 5 38 209 17033
a 1 8 49 82 18059
a 1 6 24 220 19496
a 1 0 14 246 12929
a 1 16 70 151 19906
a 2 3 100 2171 20522
a 2 8 38 201 20317
a 2 13 22 164 9235
a 2 17 73 67 13339
a 2 10 57 82 3694
a 3 4 100 2171 20522
a 3 9 41 257 19906
a 3 1 44 143 16418
a 3 17 26 193 10672
a 3 14 44 217 13545
a 3 10 20 233 6567
a 4 5 100 2171 20522
a 4 8 20 30 3284
a 4 12 34 233 10056
a 4 2 28 196 8825
a 4 15 80 238 2463
a 5 6 100 2171 20522
a 5 12 64 125 6773
a 5 10 90 262 17239
a 5 7 23 32 6362
a 5 13 88 180 2668
a 5 14 19 230 2463
a 6 7 100 2171 20522
a 6 2 77 80 16828
a 6 12 36 183 19906
a 6 18 32 93 10877
a 6 8 22 59 9851
a 6 17 27 72 5952
a 7 8 100 2171 20522
a 7 4 77 80 14981
a 7 6 61 212 14160
a 7 5 33 48 14776
a 7 9 18 193 17444
a 7 16 50 191 18470
a 8 9 100 2171 20522
a 8 5 60 233 14160
a 8 3 99 85 13545
a 8 15 95 51 11903
a 8 16 45 98 3489
a 8 7 96 252 19086
a 8 12 70 35 13339
a 9 10 100 2171 20522
a 9 15 44 191 17444
a 9 11 14 175 10877
a 10 11 100 2171 20522
a 10 19 38 209 12929
a 10 14 68 48 14981
a 10 6 54 236 11493
a 11 12 100 2171 20522
a 11 14 83 201 2668
a 11 19 63 215 3079
a 11 17 50 188 15802
a 11 9 70 67 16418
a 11 16 68 119 17444
a 11 2 88 130 8414
a 11 3 16 56 3284
a 12 13 100 2171 20522
a 12 18 14 220 17239
a 12 15 78 238 19291
a 12 19 20 215 6362
a 13 14 100 2171 20522
a 13 9 28 193 7799
a 13 4 19 254 3900
a 13 3 79 252 16418
a 13 19 45 30 14776
a 13 15 82 172 11698
a 13 2 34 109 3694
a 14 15 100 2171 20522
a 14 16 33 164 5952
a 14 13 95 45 17649
a 14 11 93 262 3284
a 14 1 52 220 18675
a 14 3 64 64 13545
a 15 16 100 2171 20522
a 15 4 41 127 11698
a 15 8 96 215 11903
a 15 5 82 93 11698
a 15 10 94 260 11493
a 15 18 74 64 18675
a 15 0 64 212 10877
a 15 6 11 51 18675
a 15 13 40 53 11082
a 16 17 100 2171 20522
a 16 4 10 167 11698
a 16 13 93 164 19701
a 16 11 85 233 3284
a 17 18 100 2171 20522
a 17 3 91 193 12519
a 17 6 11 72 6157
a 17 0 22 262 5541
a 17 19 80 175 18675
a 18 19 100 2171 20522
a 18 11 51 252 7183
a 18 0 51 101 9851
a 18 15 46 143 10466
a 18 4 40 80 8620
a 19 0 100 2171 20522
a 19 18 65 209 16007
a 19 17 29 143 14571
a 19 10 21 172 18265
a 19 5 48 80 7183
