c fixed charge multi commodity flow
c
c problem vertices edges commodities
p fcmcf 20 120 40
c
c origin destination demand
k 3 16 71
k 18 11 32
k 9 3 78
k 8 13 40
k 6 4 53
k 15 6 80
k 6 11 57
k 3 4 72
k 13 6 57
k 3 12 73
k 19 0 36
k 0 16 22
k 8 0 93
k 13 2 95
k 19 17 27
k 13 19 37
k 15 7 33
k 19 9 94
k 7 12 19
k 2 4 59
k 16 3 17
k 14 6 91
k 17 13 53
k 14 9 73
k 17 3 55
k 8 15 71
k 1 8 92
k 11 19 32
k 5 13 46
k 15 0 69
k 0 3 27
k 8 16 36
k 18 0 37
k 10 14 13
k 0 15 71
k 19 6 15
k 7 16 48
k 16 7 71
k 12 2 96
k 16 17 30
c
c source target cost capacity fixed
a 0 1 100 1435 10261
a 0 18 79 52 4310
a 0 16 21 47 7799
a 0 6 18 32 5336
a 0 17 65 25 9030
a 0 3 56 8 1232
a 0 14 62 26 9235
a 0 19 27 41 7080
a 0 7 18 57 6465
a 0 2 52 53 2155
a 0 10 69 14 4720
a 0 9 72 53 9646
a 1 2 100 1435 10261
a 1 9 90 41 10159
a 1 5 38 53 8517
a 1 8 49 21 9030
a 1 6 24 55 9748
a 1 0 14 62 6465
a 1 16 70 38 9953
a 2 3 100 1435 10261
a 2 8 38 51 10159
a 2 13 22 41 4618
a 2 17 73 17 6670
a 2 10 57 21 1847
a 3 4 100 1435 10261
a 3 9 41 65 9953
a 3 1 44 36 8209
a 3 17 26 49 5336
a 3 14 44 55 6773
a 3 10 20 59 3284
a 4 5 100 1435 10261
a 4 8 20 8 1642
a 4 12 34 59 5028
a 4 2 28 49 4413
a 4 15 80 60 1232
a 5 6 100 1435 10261
a 5 12 64 32 3387
a 5 10 90 66 8620
a 5 7 23 8 3181
a 5 13 88 45 1334
a 5 14 19 58 1232
a 6 7 100 1435 10261
a 6 2 77 20 8414
a 6 12 36 46 9953
a 6 18 32 24 5439
a 6 8 22 15 4926
a 6 17 27 18 2976
a 7 8 100 1435 10261
a 7 4 77 20 7491
a 7 6 61 53 7080
a 7 5 33 12 7388
a 7 9 18 49 8722
a 7 16 50 48 9235
a 8 9 100 1435 10261
a 8 5 60 59 7080
a 8 3 99 22 6773
a 8 15 95 13 5952
a 8 16 45 25 1745
a 8 7 96 63 9543
a 8 12 70 9 6670
a 9 10 100 1435 10261
a 9 15 44 48 8722
a 9 11 14 44 5439
a 10 11 100 1435 10261
a 10 19 38 53 6465
a 10 14 68 12 7491
a 10 6 54 59 5747
a 11 12 100 1435 10261
a 11 14 83 51 1334
a 11 19 63 54 1540
a 11 17 50 47 7901
a 11 9 70 17 8209
a 11 16 68 30 8722
a 11 2 88 33 4207
a 11 3 16 14 1642
a 12 13 100 1435 10261
a 12 18 14 55 8620
a 12 15 78 60 9646
a 12 19 20 54 3181
a 13 14 100 1435 10261
a 13 9 28 49 3900
a 13 4 19 64 1950
a 13 3 79 63 8209
a 13 19 45 8 7388
a 13 15 82 43 5849
a 13 2 34 28 1847
a 14 15 100 1435 10261
a 14 16 33 41 2976
a 14 13 95 12 8825
a 14 11 93 66 1642
a 14 1 52 55 9338
a 14 3 64 16 6773
a 15 16 100 1435 10261
a 15 4 41 32 5849
a 15 8 96 54 5952
a 15 5 82 24 5849
a 15 10 94 65 5747
a 15 18 74 16 9338
a 15 0 64 53 5439
a 15 6 11 13 9338
a 15 13 40 14 5541
a 16 17 100 1435 10261
a 16 4 10 42 5849
a 16 13 93 41 9851
a 16 11 85 59 1642
a 17 18 100 1435 10261
a 17 3 91 49 6260
a 17 6 11 18 3079
a 17 0 22 66 2771
a 17 19 80 44 9338
a 18 19 100 1435 10261
a 18 11 51 63 3592
a 18 0 51 26 4926
a 18 15 46 36 5233
a 18 4 40 20 4310
a 19 0 100 1435 10261
a 19 18 65 53 8004
a 19 17 29 36 7286
a 19 10 21 43 9133
a 19 5 48 20 3592
