c fixed charge multi commodity flow
c
c problem vertices edges commodities
p fcmcf 20 120 40
c
c origin destination demand
k 3 16 71
k 18 11 32
k 9 3 78
k 8 13 40
k 6 4 53
k 15 6 80
k 6 11 57
k 3 4 72
k 13 6 57
k 3 12 73
k 19 0 36
k 0 16 22
k 8 0 93
k 13 2 95
k 19 17 27
k 13 19 37
k 15 7 33
k 19 9 94
k 7 12 19
k 2 4 59
k 16 3 17
k 14 6 91
k 17 13 53
k 14 9 73
k 17 3 55
k 8 15 71
k 1 8 92
k 11 19 32
k 5 13 46
k 15 0 69
k 0 3 27
k 8 16 36
k 18 0 37
k 10 14 13
k 0 15 71
k 19 6 15
k 7 16 48
k 16 7 71
k 12 2 96
k 16 17 30
c
c source target cost capacity fixed
a 0 1 100 2171 20522
a 0 18 79 413 8620
a 0 16 21 371 15597
a 0 6 18 254 10672
a 0 17 65 196 18059
a 0 3 56 64 2463
a 0 14 62 201 18470
a 0 19 27 323 14160
a 0 7 18 450 12929
a 0 2 52 423 4310
a 0 10 69 112 9440
a 0 9 72 418 19291
a 1 2 100 2171 20522
a 1 9 90 323 20317
a 1 5 38 418 17033
a 1 8 49 164 18059
a 1 6 24 439 19496
a 1 0 14 492 12929
a 1 16 70 302 19906
a 2 3 100 2171 20522
a 2 8 38 402 20317
a 2 13 22 328 9235
a 2 17 73 133 13339
a 2 10 57 164 3694
a 3 4 100 2171 20522
a 3 9 41 513 19906
a 3 1 44 286 16418
a 3 17 26 386 10672
a 3 14 44 434 13545
a 3 10 20 466 6567
a 4 5 100 2171 20522
a 4 8 20 59 3284
a 4 12 34 466 10056
a 4 2 28 392 8825
a 4 15 80 476 2463
a 5 6 100 2171 20522
a 5 12 64 249 6773
a 5 10 90 524 17239
a 5 7 23 64 6362
a 5 13 88 360 2668
a 5 14 19 460 2463
a 6 7 100 2171 20522
a 6 2 77 159 16828
a 6 12 36 365 19906
a 6 18 32 186 10877
a 6 8 22 117 9851
a 6 17 27 143 5952
a 7 8 100 2171 20522
a 7 4 77 159 14981
a 7 6 61 423 14160
a 7 5 33 96 14776
a 7 9 18 386 17444
a 7 16 50 381 18470
a 8 9 100 2171 20522
a 8 5 60 466 14160
a 8 3 99 170 13545
a 8 15 95 101 11903
a 8 16 45 196 3489
a 8 7 96 503 19086
a 8 12 70 69 13339
a 9 10 100 2171 20522
a 9 15 44 381 17444
a 9 11 14 349 10877
a 10 11 100 2171 20522
a 10 19 38 418 12929
a 10 14 68 96 14981
a 10 6 54 471 11493
a 11 12 100 2171 20522
a 11 14 83 402 2668
a 11 19 63 429 3079
a 11 17 50 376 15802
a 11 9 70 133 16418
a 11 16 68 238 17444
a 11 2 88 260 8414
a 11 3 16 112 3284
a 12 13 100 2171 20522
a 12 18 14 439 17239
a 12 15 78 476 19291
a 12 19 20 429 6362
a 13 14 100 2171 20522
a 13 9 28 386 7799
a 13 4 19 508 3900
a 13 3 79 503 16418
a 13 19 45 59 14776
a 13 15 82 344 11698
a 13 2 34 217 3694
a 14 15 100 2171 20522
a 14 16 33 328 5952
a 14 13 95 90 17649
a 14 11 93 524 3284
a 14 1 52 439 18675
a 14 3 64 127 13545
a 15 16 100 2171 20522
a 15 4 41 254 11698
a 15 8 96 429 11903
a 15 5 82 186 11698
a 15 10 94 519 11493
a 15 18 74 127 18675
a 15 0 64 423 10877
a 15 6 11 101 18675
a 15 13 40 106 11082
a 16 17 100 2171 20522
a 16 4 10 334 11698
a 16 13 93 328 19701
a 16 11 85 466 3284
a 17 18 100 2171 20522
a 17 3 91 386 12519
a 17 6 11 143 6157
a 17 0 22 524 5541
a 17 19 80 349 18675
a 18 19 100 2171 20522
a 18 11 51 503 7183
a 18 0 51 201 9851
a 18 15 46 286 10466
a 18 4 40 159 8620
a 19 0 100 2171 20522
a 19 18 65 418 16007
a 19 17 29 286 14571
a 19 10 21 344 18265
a 19 5 48 159 7183
