c fixed charge multi commodity flow
c
c problem vertices edges commodities
p fcmcf 20 120 40
c
c origin destination demand
k 3 16 71
k 18 11 32
k 9 3 78
k 8 13 40
k 6 4 53
k 15 6 80
k 6 11 57
k 3 4 72
k 13 6 57
k 3 12 73
k 19 0 36
k 0 16 22
k 8 0 93
k 13 2 95
k 19 17 27
k 13 19 37
k 15 7 33
k 19 9 94
k 7 12 19
k 2 4 59
k 16 3 17
k 14 6 91
k 17 13 53
k 14 9 73
k 17 3 55
k 8 15 71
k 1 8 92
k 11 19 32
k 5 13 46
k 15 0 69
k 0 3 27
k 8 16 36
k 18 0 37
k 10 14 13
k 0 15 71
k 19 6 15
k 7 16 48
k 16 7 71
k 12 2 96
k 16 17 30
c
c source target cost capacity fixed
a 0 1 100 2171 10261
a 0 18 79 207 4310
a 0 16 21 186 7799
a 0 6 18 127 5336
a 0 17 65 98 9030
a 0 3 56 32 1232
a 0 14 62 101 9235
a 0 19 27 162 7080
a 0 7 18 225 6465
a 0 2 52 212 2155
a 0 10 69 56 4720
a 0 9 72 209 9646
a 1 2 100 2171 10261
a 1 9 90 162 10159
a 1 5 38 209 8517
a 1 8 49 82 9030
a 1 6 24 220 9748
a 1 0 14 246 6465
a 1 16 70 151 9953
a 2 3 100 2171 10261
a 2 8 38 201 10159
a 2 13 22 164 4618
a 2 17 73 67 6670
a 2 10 57 82 1847
a 3 4 100 2171 10261
a 3 9 41 257 9953
a 3 1 44 143 8209
a 3 17 26 193 5336
a 3 14 44 217 6773
a 3 10 20 233 3284
a 4 5 100 2171 10261
a 4 8 20 30 1642
a 4 12 34 233 5028
a 4 2 28 196 4413
a 4 15 80 238 1232
a 5 6 100 2171 10261
a 5 12 64 125 3387
a 5 10 90 262 8620
a 5 7 23 32 3181
a 5 13 88 180 1334
a 5 14 19 230 1232
a 6 7 100 2171 10261
a 6 2 77 80 8414
a 6 12 36 183 9953
a 6 18 32 93 5439
a 6 8 22 59 4926
a 6 17 27 72 2976
a 7 8 100 2171 10261
a 7 4 77 80 7491
a 7 6 61 212 7080
a 7 5 33 48 7388
a 7 9 18 193 8722
a 7 16 50 191 9235
a 8 9 100 2171 10261
a 8 5 60 233 7080
a 8 3 99 85 6773
a 8 15 95 51 5952
a 8 16 45 98 1745
a 8 7 96 252 9543
a 8 12 70 35 6670
a 9 10 100 2171 10261
a 9 15 44 191 8722
a 9 11 14 175 5439
a 10 11 100 2171 10261
a 10 19 38 209 6465
a 10 14 68 48 7491
a 10 6 54 236 5747
a 11 12 100 2171 10261
a 11 14 83 201 1334
a 11 19 63 215 1540
a 11 17 50 188 7901
a 11 9 70 67 8209
a 11 16 68 119 8722
a 11 2 88 130 4207
a 11 3 16 56 1642
a 12 13 100 2171 10261
a 12 18 14 220 8620
a 12 15 78 238 9646
a 12 19 20 215 3181
a 13 14 100 2171 10261
a 13 9 28 193 3900
a 13 4 19 254 1950
a 13 3 79 252 8209
a 13 19 45 30 7388
a 13 15 82 172 5849
a 13 2 34 109 1847
a 14 15 100 2171 10261
a 14 16 33 164 2976
a 14 13 95 45 8825
a 14 11 93 262 1642
a 14 1 52 220 9338
a 14 3 64 64 6773
a 15 16 100 2171 10261
a 15 4 41 127 5849
a 15 8 96 215 5952
a 15 5 82 93 5849
a 15 10 94 260 5747
a 15 18 74 64 9338
a 15 0 64 212 5439
a 15 6 11 51 9338
a 15 13 40 53 5541
a 16 17 100 2171 10261
a 16 4 10 167 5849
a 16 13 93 164 9851
a 16 11 85 233 1642
a 17 18 100 2171 10261
a 17 3 91 193 6260
a 17 6 11 72 3079
a 17 0 22 262 2771
a 17 19 80 175 9338
a 18 19 100 2171 10261
a 18 11 51 252 3592
a 18 0 51 101 4926
a 18 15 46 143 5233
a 18 4 40 80 4310
a 19 0 100 2171 10261
a 19 18 65 209 8004
a 19 17 29 143 7286
a 19 10 21 172 9133
a 19 5 48 80 3592
