c fixed charge multi commodity flow
c
c problem vertices edges commodities
p fcmcf 20 120 40
c
c origin destination demand
k 3 16 71
k 18 11 32
k 9 3 78
k 8 13 40
k 6 4 53
k 15 6 80
k 6 11 57
k 3 4 72
k 13 6 57
k 3 12 73
k 19 0 36
k 0 16 22
k 8 0 93
k 13 2 95
k 19 17 27
k 13 19 37
k 15 7 33
k 19 9 94
k 7 12 19
k 2 4 59
k 16 3 17
k 14 6 91
k 17 13 53
k 14 9 73
k 17 3 55
k 8 15 71
k 1 8 92
k 11 19 32
k 5 13 46
k 15 0 69
k 0 3 27
k 8 16 36
k 18 0 37
k 10 14 13
k 0 15 71
k 19 6 15
k 7 16 48
k 16 7 71
k 12 2 96
k 16 17 30
c
c source target cost capacity fixed
a 0 1 100 1435 2053
a 0 18 79 52 862
a 0 16 21 47 1560
a 0 6 18 32 1068
a 0 17 65 25 1806
a 0 3 56 8 247
a 0 14 62 26 1847
a 0 19 27 41 1416
a 0 7 18 57 1293
a 0 2 52 53 431
a 0 10 69 14 944
a 0 9 72 53 1930
a 1 2 100 1435 2053
a 1 9 90 41 2032
a 1 5 38 53 1704
a 1 8 49 21 1806
a 1 6 24 55 1950
a 1 0 14 62 1293
a 1 16 70 38 1991
a 2 3 100 1435 2053
a 2 8 38 51 2032
a 2 13 22 41 924
a 2 17 73 17 1334
a 2 10 57 21 370
a 3 4 100 1435 2053
a 3 9 41 65 1991
a 3 1 44 36 1642
a 3 17 26 49 1068
a 3 14 44 55 1355
a 3 10 20 59 657
a 4 5 100 1435 2053
a 4 8 20 8 329
a 4 12 34 59 1006
a 4 2 28 49 883
a 4 15 80 60 247
a 5 6 100 1435 2053
a 5 12 64 32 678
a 5 10 90 66 1724
a 5 7 23 8 637
a 5 13 88 45 267
a 5 14 19 58 247
a 6 7 100 1435 2053
a 6 2 77 20 1683
a 6 12 36 46 1991
a 6 18 32 24 1088
a 6 8 22 15 986
a 6 17 27 18 596
a 7 8 100 1435 2053
a 7 4 77 20 1499
a 7 6 61 53 1416
a 7 5 33 12 1478
a 7 9 18 49 1745
a 7 16 50 48 1847
a 8 9 100 1435 2053
a 8 5 60 59 1416
a 8 3 99 22 1355
a 8 15 95 13 1191
a 8 16 45 25 349
a 8 7 96 63 1909
a 8 12 70 9 1334
a 9 10 100 1435 2053
a 9 15 44 48 1745
a 9 11 14 44 1088
a 10 11 100 1435 2053
a 10 19 38 53 1293
a 10 14 68 12 1499
a 10 6 54 59 1150
a 11 12 100 1435 2053
a 11 14 83 51 267
a 11 19 63 54 308
a 11 17 50 47 1581
a 11 9 70 17 1642
a 11 16 68 30 1745
a 11 2 88 33 842
a 11 3 16 14 329
a 12 13 100 1435 2053
a 12 18 14 55 1724
a 12 15 78 60 1930
a 12 19 20 54 637
a 13 14 100 1435 2053
a 13 9 28 49 780
a 13 4 19 64 390
a 13 3 79 63 1642
a 13 19 45 8 1478
a 13 15 82 43 1170
a 13 2 34 28 370
a 14 15 100 1435 2053
a 14 16 33 41 596
a 14 13 95 12 1765
a 14 11 93 66 329
a 14 1 52 55 1868
a 14 3 64 16 1355
a 15 16 100 1435 2053
a 15 4 41 32 1170
a 15 8 96 54 1191
a 15 5 82 24 1170
a 15 10 94 65 1150
a 15 18 74 16 1868
a 15 0 64 53 1088
a 15 6 11 13 1868
a 15 13 40 14 1109
a 16 17 100 1435 2053
a 16 4 10 42 1170
a 16 13 93 41 1971
a 16 11 85 59 329
a 17 18 100 1435 2053
a 17 3 91 49 1252
a 17 6 11 18 616
a 17 0 22 66 555
a 17 19 80 44 1868
a 18 19 100 1435 2053
a 18 11 51 63 719
a 18 0 51 26 986
a 18 15 46 36 1047
a 18 4 40 20 862
a 19 0 100 1435 2053
a 19 18 65 53 1601
a 19 17 29 36 1458
a 19 10 21 43 1827
a 19 5 48 20 719
