c fixed charge multi commodity flow
c
c problem vertices edges commodities
p fcmcf 20 120 100
c
c origin destination demand
k 19 0 71
k 10 2 32
k 9 3 78
k 19 10 40
k 1 2 53
k 8 13 80
k 14 13 57
k 9 19 72
k 4 9 57
k 10 19 73
k 19 9 36
k 3 16 22
k 14 15 93
k 17 19 95
k 12 4 27
k 8 17 37
k 4 7 33
k 15 17 94
k 5 4 19
k 1 18 59
k 8 12 17
k 14 4 91
k 19 4 53
k 0 12 73
k 8 16 55
k 4 6 71
k 19 16 92
k 11 10 32
k 15 16 46
k 11 6 69
k 9 11 27
k 15 11 36
k 10 0 37
k 5 13 13
k 6 2 71
k 16 18 15
k 9 13 48
k 9 2 71
k 1 8 96
k 13 17 30
k 4 0 63
k 11 12 75
k 2 5 13
k 7 10 76
k 6 0 83
k 0 2 24
k 15 0 26
k 1 13 10
k 15 12 27
k 6 13 72
k 9 18 18
k 2 0 71
k 10 6 47
k 1 11 15
k 4 16 92
k 10 12 17
k 17 6 58
k 4 15 24
k 8 5 69
k 1 7 12
k 18 6 98
k 13 5 58
k 14 12 63
k 6 12 56
k 6 4 48
k 14 6 86
k 0 19 31
k 17 16 78
k 0 5 20
k 18 14 78
k 1 5 34
k 12 0 92
k 13 4 40
k 17 0 20
k 8 11 43
k 19 6 33
k 11 4 77
k 7 16 69
k 16 6 24
k 11 18 51
k 16 0 63
k 2 13 85
k 5 3 55
k 7 3 51
k 17 7 24
k 15 2 44
k 16 4 74
k 9 16 71
k 4 5 13
k 4 12 32
k 19 11 57
k 5 17 40
k 14 1 30
k 9 17 77
k 18 0 63
k 3 6 85
k 5 1 52
k 16 5 10
k 14 5 35
k 10 15 12
c
c source target cost capacity fixed
a 0 1 100 3647 5115
a 0 3 23 18 1228
a 0 16 71 59 4757
a 0 12 60 25 4297
a 0 11 26 49 2251
a 1 2 100 3647 5115
a 1 18 90 35 1739
a 1 10 14 13 1330
a 1 3 40 62 4603
a 1 12 25 62 3376
a 1 6 62 52 4552
a 1 16 85 32 1842
a 1 19 49 52 1279
a 2 3 100 3647 5115
a 2 15 27 32 2558
a 2 17 55 30 4603
a 2 11 69 62 4961
a 2 8 42 42 768
a 3 4 100 3647 5115
a 3 18 54 69 2149
a 3 2 88 69 2251
a 3 11 96 50 4961
a 3 14 59 67 1688
a 3 9 98 42 2558
a 4 5 100 3647 5115
a 4 7 77 15 4501
a 4 2 65 28 3018
a 4 11 29 53 921
a 4 0 40 8 2507
a 4 10 68 22 4757
a 4 8 25 21 665
a 5 6 100 3647 5115
a 5 2 14 69 1586
a 5 14 15 66 1535
a 5 17 35 26 3887
a 5 9 62 45 2455
a 5 10 81 63 512
a 6 7 100 3647 5115
a 6 4 62 25 2353
a 6 14 81 64 1075
a 6 11 29 53 2711
a 6 19 75 8 3887
a 6 8 91 32 2609
a 6 5 57 15 1023
a 6 12 65 55 614
a 7 8 100 3647 5115
a 7 18 74 33 4961
a 7 0 47 35 3223
a 7 4 66 18 3990
a 7 6 69 21 2353
a 7 11 25 32 2046
a 7 13 44 53 2200
a 8 9 100 3647 5115
a 8 10 58 67 1791
a 8 15 16 40 3120
a 8 6 47 70 2302
a 8 16 70 18 3069
a 8 19 50 20 3529
a 9 10 100 3647 5115
a 9 13 37 67 4297
a 9 14 48 25 1126
a 10 11 100 3647 5115
a 10 12 91 54 4092
a 10 16 60 49 4143
a 10 7 24 45 1228
a 10 0 28 9 4194
a 11 12 100 3647 5115
a 11 8 37 21 3018
a 11 7 78 34 4859
a 11 3 23 52 4399
a 11 17 51 52 4297
a 12 13 100 3647 5115
a 12 17 22 57 4910
a 12 1 86 42 1126
a 12 15 11 46 2762
a 12 18 81 70 1739
a 12 4 97 51 3939
a 12 11 75 9 3632
a 13 14 100 3647 5115
a 13 4 97 63 1893
a 13 19 77 23 4143
a 13 2 26 41 2046
a 14 15 100 3647 5115
a 14 17 66 33 3632
a 14 12 28 17 4655
a 14 4 44 56 768
a 15 16 100 3647 5115
a 15 10 98 68 972
a 15 14 82 38 4655
a 15 7 78 64 2149
a 15 11 10 29 921
a 15 18 41 30 3171
a 16 17 100 3647 5115
a 16 14 62 21 4297
a 16 6 84 54 1177
a 16 15 51 45 1228
a 16 3 97 15 2404
a 16 12 53 30 1433
a 16 1 70 10 1688
a 16 13 73 16 921
a 16 7 64 60 2097
a 17 18 100 3647 5115
a 17 4 45 64 2507
a 17 6 72 20 1995
a 17 10 11 71 2916
a 17 11 50 47 4757
a 17 13 94 32 717
a 18 19 100 3647 5115
a 18 5 56 44 3376
a 18 1 70 66 3223
a 18 3 73 63 4961
a 18 15 59 67 4552
a 18 13 13 19 1842
a 18 9 82 37 3836
a 19 0 100 3647 5115
a 19 7 49 54 4757
a 19 8 85 51 1842
a 19 2 76 45 4450
a 19 17 49 48 2046
a 19 13 73 20 2302
