c fixed charge multi commodity flow
c
c problem vertices edges commodities
p fcmcf 20 120 100
c
c origin destination demand
k 19 0 71
k 10 2 32
k 9 3 78
k 19 10 40
k 1 2 53
k 8 13 80
k 14 13 57
k 9 19 72
k 4 9 57
k 10 19 73
k 19 9 36
k 3 16 22
k 14 15 93
k 17 19 95
k 12 4 27
k 8 17 37
k 4 7 33
k 15 17 94
k 5 4 19
k 1 18 59
k 8 12 17
k 14 4 91
k 19 4 53
k 0 12 73
k 8 16 55
k 4 6 71
k 19 16 92
k 11 10 32
k 15 16 46
k 11 6 69
k 9 11 27
k 15 11 36
k 10 0 37
k 5 13 13
k 6 2 71
k 16 18 15
k 9 13 48
k 9 2 71
k 1 8 96
k 13 17 30
k 4 0 63
k 11 12 75
k 2 5 13
k 7 10 76
k 6 0 83
k 0 2 24
k 15 0 26
k 1 13 10
k 15 12 27
k 6 13 72
k 9 18 18
k 2 0 71
k 10 6 47
k 1 11 15
k 4 16 92
k 10 12 17
k 17 6 58
k 4 15 24
k 8 5 69
k 1 7 12
k 18 6 98
k 13 5 58
k 14 12 63
k 6 12 56
k 6 4 48
k 14 6 86
k 0 19 31
k 17 16 78
k 0 5 20
k 18 14 78
k 1 5 34
k 12 0 92
k 13 4 40
k 17 0 20
k 8 11 43
k 19 6 33
k 11 4 77
k 7 16 69
k 16 6 24
k 11 18 51
k 16 0 63
k 2 13 85
k 5 3 55
k 7 3 51
k 17 7 24
k 15 2 44
k 16 4 74
k 9 16 71
k 4 5 13
k 4 12 32
k 19 11 57
k 5 17 40
k 14 1 30
k 9 17 77
k 18 0 63
k 3 6 85
k 5 1 52
k 16 5 10
k 14 5 35
k 10 15 12
c
c source target cost capacity fixed
a 0 1 100 5135 25572
a 0 3 23 72 6138
a 0 16 71 236 23782
a 0 12 60 97 21481
a 0 11 26 196 11252
a 1 2 100 5135 25572
a 1 18 90 140 8695
a 1 10 14 49 6649
a 1 3 40 245 23015
a 1 12 25 248 16878
a 1 6 62 208 22759
a 1 16 85 128 9206
a 1 19 49 208 6393
a 2 3 100 5135 25572
a 2 15 27 125 12786
a 2 17 55 117 23015
a 2 11 69 245 24805
a 2 8 42 165 3836
a 3 4 100 5135 25572
a 3 18 54 276 10741
a 3 2 88 273 11252
a 3 11 96 199 24805
a 3 14 59 268 8439
a 3 9 98 168 12786
a 4 5 100 5135 25572
a 4 7 77 60 22504
a 4 2 65 111 15088
a 4 11 29 211 4603
a 4 0 40 29 12531
a 4 10 68 86 23782
a 4 8 25 83 3325
a 5 6 100 5135 25572
a 5 2 14 276 7928
a 5 14 15 262 7672
a 5 17 35 103 19435
a 5 9 62 177 12275
a 5 10 81 250 2558
a 6 7 100 5135 25572
a 6 4 62 97 11763
a 6 14 81 256 5371
a 6 11 29 211 13553
a 6 19 75 29 19435
a 6 8 91 128 13042
a 6 5 57 60 5115
a 6 12 65 219 3069
a 7 8 100 5135 25572
a 7 18 74 131 24805
a 7 0 47 140 16111
a 7 4 66 69 19946
a 7 6 69 83 11763
a 7 11 25 128 10229
a 7 13 44 211 10996
a 8 9 100 5135 25572
a 8 10 58 265 8951
a 8 15 16 160 15599
a 8 6 47 279 11508
a 8 16 70 69 15344
a 8 19 50 77 17645
a 9 10 100 5135 25572
a 9 13 37 268 21481
a 9 14 48 97 5626
a 10 11 100 5135 25572
a 10 12 91 216 20458
a 10 16 60 194 20714
a 10 7 24 179 6138
a 10 0 28 35 20969
a 11 12 100 5135 25572
a 11 8 37 83 15088
a 11 7 78 134 24294
a 11 3 23 208 21992
a 11 17 51 208 21481
a 12 13 100 5135 25572
a 12 17 22 225 24549
a 12 1 86 165 5626
a 12 15 11 182 13809
a 12 18 81 279 8695
a 12 4 97 202 19691
a 12 11 75 35 18156
a 13 14 100 5135 25572
a 13 4 97 250 9462
a 13 19 77 89 20714
a 13 2 26 162 10229
a 14 15 100 5135 25572
a 14 17 66 131 18156
a 14 12 28 66 23271
a 14 4 44 222 3836
a 15 16 100 5135 25572
a 15 10 98 270 4859
a 15 14 82 151 23271
a 15 7 78 253 10741
a 15 11 10 114 4603
a 15 18 41 120 15855
a 16 17 100 5135 25572
a 16 14 62 83 21481
a 16 6 84 216 5882
a 16 15 51 177 6138
a 16 3 97 60 12019
a 16 12 53 117 7161
a 16 1 70 37 8439
a 16 13 73 63 4603
a 16 7 64 239 10485
a 17 18 100 5135 25572
a 17 4 45 256 12531
a 17 6 72 80 9973
a 17 10 11 282 14576
a 17 11 50 188 23782
a 17 13 94 128 3581
a 18 19 100 5135 25572
a 18 5 56 174 16878
a 18 1 70 262 16111
a 18 3 73 250 24805
a 18 15 59 268 22759
a 18 13 13 74 9206
a 18 9 82 148 19179
a 19 0 100 5135 25572
a 19 7 49 216 23782
a 19 8 85 202 9206
a 19 2 76 177 22248
a 19 17 49 191 10229
a 19 13 73 77 11508
