c fixed charge multi commodity flow
c
c problem vertices edges commodities
p fcmcf 20 120 200
c
c origin destination demand
k 4 1 71
k 7 15 32
k 6 15 78
k 6 8 40
k 3 2 53
k 8 0 80
k 2 4 57
k 13 7 72
k 2 6 57
k 10 4 73
k 17 3 36
k 1 4 22
k 19 12 93
k 9 11 95
k 14 13 27
k 9 10 37
k 5 14 33
k 10 18 94
k 9 4 19
k 4 5 59
k 6 17 17
k 16 1 91
k 2 3 53
k 19 18 73
k 4 15 55
k 3 18 71
k 5 0 92
k 8 14 32
k 11 14 46
k 0 8 69
k 16 17 27
k 18 11 36
k 8 1 37
k 13 18 13
k 11 16 71
k 19 15 15
k 14 0 48
k 12 8 71
k 1 17 96
k 8 17 30
k 10 19 63
k 0 6 75
k 1 7 13
k 5 3 76
k 18 10 83
k 2 15 24
k 4 18 26
k 3 1 10
k 8 19 27
k 9 0 72
k 12 11 18
k 6 2 71
k 14 10 47
k 17 8 15
k 13 0 92
k 12 19 17
k 6 9 58
k 13 17 24
k 10 0 69
k 12 17 12
k 5 8 98
k 14 11 58
k 1 8 63
k 12 4 56
k 15 5 48
k 8 4 86
k 18 17 31
k 18 3 78
k 18 13 20
k 12 18 78
k 15 8 34
k 8 11 92
k 12 0 40
k 4 3 20
k 9 13 43
k 19 17 33
k 11 0 77
k 13 9 69
k 2 9 24
k 16 10 51
k 12 3 63
k 11 4 85
k 2 19 55
k 5 1 51
k 9 14 24
k 3 8 44
k 10 16 74
k 5 19 71
k 16 0 13
k 5 4 32
k 5 15 57
k 3 19 40
k 10 3 30
k 17 18 77
k 19 2 63
k 2 17 85
k 15 7 52
k 0 17 10
k 6 14 35
k 17 13 12
k 3 6 45
k 16 11 94
k 18 7 97
k 5 2 46
k 19 8 74
k 2 14 78
k 18 6 47
k 14 8 28
k 11 3 93
k 4 16 15
k 4 0 59
k 13 14 94
k 9 8 51
k 11 10 36
k 16 7 41
k 14 16 18
k 12 2 44
k 8 16 16
k 11 7 33
k 15 6 87
k 11 18 19
k 0 5 47
k 0 9 65
k 7 13 86
k 9 1 47
k 5 17 35
k 17 19 69
k 7 10 88
k 2 8 60
k 16 4 38
k 13 11 60
k 16 5 31
k 3 12 82
k 5 12 48
k 4 14 11
k 10 8 98
k 14 6 41
k 17 0 29
k 2 1 54
k 19 9 67
k 6 0 87
k 6 3 61
k 9 17 87
k 4 8 33
k 3 15 92
k 7 2 46
k 19 14 78
k 18 5 78
k 16 12 81
k 16 2 50
k 14 12 63
k 12 15 96
k 12 9 66
k 10 15 59
k 13 6 38
k 3 11 72
k 10 11 80
k 7 14 32
k 11 15 58
k 14 5 81
k 13 8 66
k 2 18 62
k 16 14 73
k 0 14 37
k 5 18 93
k 18 1 97
k 6 1 34
k 1 6 11
k 15 12 39
k 4 11 87
k 17 1 35
k 11 1 13
k 4 10 14
k 1 5 77
k 8 5 38
k 17 4 29
k 15 4 71
k 9 12 67
k 10 1 74
k 2 13 60
k 13 1 78
k 2 11 47
k 11 8 31
k 14 19 10
k 19 13 24
k 19 5 46
k 15 2 76
k 0 11 80
k 14 15 19
k 12 7 14
k 17 6 66
k 7 16 92
k 9 18 15
k 7 9 80
k 10 2 97
k 13 10 28
k 11 12 51
k 17 9 26
k 14 4 12
k 15 9 18
c
c source target cost capacity fixed
a 0 1 100 7781 103985
a 0 15 38 41 97746
a 0 10 33 67 75909
a 0 18 60 24 72790
a 0 16 11 50 73830
a 0 13 12 48 80069
a 1 2 100 7781 103985
a 1 8 13 72 87348
a 1 10 59 66 39515
a 1 17 96 31 88387
a 2 3 100 7781 103985
a 2 0 31 38 34315
a 2 6 59 50 40554
a 2 14 18 10 69670
a 2 11 56 60 48873
a 3 4 100 7781 103985
a 3 14 45 37 74869
a 3 13 39 66 41594
a 3 2 13 58 80069
a 3 18 42 57 50953
a 4 5 100 7781 103985
a 4 0 33 56 91507
a 4 1 72 28 73830
a 4 7 10 59 39515
a 4 10 58 41 97746
a 5 6 100 7781 103985
a 5 7 81 28 45754
a 5 17 42 24 62391
a 5 14 18 35 92547
a 5 16 79 20 98786
a 6 7 100 7781 103985
a 6 12 34 32 81108
a 6 15 47 73 30156
a 6 10 80 20 62391
a 6 11 98 9 40554
a 6 17 86 62 60312
a 6 4 29 22 102945
a 6 18 36 12 42634
a 6 2 88 14 95666
a 7 8 100 7781 103985
a 7 14 56 36 79029
a 7 1 69 24 86308
a 7 19 58 58 34315
a 8 9 100 7781 103985
a 8 5 64 25 33276
a 8 15 62 60 94626
a 8 19 79 22 85268
a 8 18 26 47 73830
a 8 12 29 20 54072
a 8 7 88 60 10399
a 9 10 100 7781 103985
a 9 3 32 10 41594
a 9 0 35 44 70710
a 9 16 37 20 72790
a 9 15 25 44 84228
a 10 11 100 7781 103985
a 10 1 91 63 65511
a 10 8 70 66 20797
a 10 0 82 8 23917
a 11 12 100 7781 103985
a 11 8 60 33 29116
a 11 14 19 44 55112
a 11 9 10 37 22877
a 11 15 41 41 95666
a 11 16 41 30 82148
a 11 6 35 54 23917
a 12 13 100 7781 103985
a 12 16 56 19 50953
a 12 8 18 14 53033
a 12 4 45 39 42634
a 12 19 29 71 24957
a 13 14 100 7781 103985
a 13 2 93 43 24957
a 13 19 49 53 72790
a 13 6 90 22 30156
a 13 1 81 22 85268
a 13 8 26 46 48873
a 13 16 83 58 57192
a 14 15 100 7781 103985
a 14 2 64 18 15598
a 14 9 13 22 73830
a 14 10 97 23 68630
a 14 8 72 60 44714
a 14 19 72 71 40554
a 15 16 100 7781 103985
a 15 14 39 59 70710
a 15 7 30 52 45754
a 15 18 42 15 54072
a 15 0 18 27 73830
a 15 8 64 30 28076
a 16 17 100 7781 103985
a 16 8 84 70 42634
a 16 9 78 19 57192
a 16 2 33 59 48873
a 16 11 78 29 92547
a 17 18 100 7781 103985
a 17 8 42 39 36395
a 17 13 86 69 70710
a 17 12 35 58 80069
a 17 15 26 32 72790
a 17 16 45 9 99826
a 17 6 75 46 73830
a 17 11 27 34 58232
a 17 2 41 23 48873
a 17 7 44 44 16638
a 18 19 100 7781 103985
a 18 8 83 25 25997
a 18 11 96 11 38475
a 18 14 89 20 68630
a 18 3 94 58 54072
a 18 0 76 30 28076
a 19 0 100 7781 103985
a 19 18 97 31 49913
a 19 11 48 34 75909
a 19 4 41 47 61351
a 19 3 73 31 43674
a 19 17 70 62 31196
a 19 12 37 25 21837
a 19 13 77 58 34315
a 19 10 98 19 59272
