c fixed charge multi commodity flow
c
c problem vertices edges commodities
p fcmcf 20 220 40
c
c origin destination demand
k 13 5 71
k 3 0 32
k 16 17 78
k 18 6 40
k 5 16 53
k 6 15 80
k 16 0 57
k 10 8 72
k 9 15 57
k 6 9 73
k 7 3 36
k 16 5 22
k 14 8 93
k 8 16 95
k 15 0 27
k 17 12 37
k 1 15 33
k 5 19 94
k 18 3 19
k 1 18 59
k 0 17 17
k 1 0 91
k 2 19 53
k 6 3 73
k 13 17 55
k 15 8 71
k 5 2 92
k 10 0 32
k 12 13 46
k 8 18 69
k 3 11 27
k 0 10 36
k 18 5 37
k 12 19 13
k 12 15 71
k 7 13 15
k 8 7 48
k 13 0 71
k 4 3 96
k 7 10 30
c
c source target cost capacity fixed
a 0 1 100 2171 20517
a 0 18 79 339 8617
a 0 16 21 304 15593
a 0 6 18 209 10669
a 0 17 65 161 18055
a 0 3 56 53 2462
a 0 14 62 165 18465
a 0 19 27 265 14157
a 0 7 18 369 12926
a 0 2 52 348 4309
a 0 10 69 92 9438
a 0 9 72 343 19286
a 0 8 58 430 19696
a 0 5 50 183 3693
a 1 2 100 2171 20517
a 1 9 90 265 20312
a 1 5 38 343 17029
a 1 8 49 135 18055
a 1 6 24 361 19491
a 1 0 14 404 12926
a 1 16 70 248 19902
a 1 14 69 317 3693
a 1 10 63 222 20312
a 1 17 65 157 11490
a 1 18 97 161 5950
a 1 19 45 96 8002
a 1 11 62 422 17645
a 2 3 100 2171 20517
a 2 8 38 330 20312
a 2 13 22 270 9233
a 2 17 73 109 13336
a 2 10 57 135 3693
a 2 11 14 317 13952
a 2 12 29 105 2052
a 2 15 91 252 17850
a 2 0 25 291 3899
a 2 18 22 144 8617
a 2 5 59 244 8617
a 3 4 100 2171 20517
a 3 9 41 422 19902
a 3 1 44 235 16414
a 3 17 26 317 10669
a 3 14 44 356 13541
a 3 10 20 382 6566
a 3 16 52 265 18876
a 3 6 36 374 7386
a 3 8 14 387 4514
a 4 5 100 2171 20517
a 4 8 20 48 3283
a 4 12 34 382 10054
a 4 2 28 322 8823
a 4 15 80 391 2462
a 4 18 84 378 11695
a 4 14 17 239 12105
a 4 16 56 296 19696
a 4 10 19 135 19286
a 4 1 78 304 5950
a 5 6 100 2171 20517
a 5 12 64 204 6771
a 5 10 90 430 17234
a 5 7 23 53 6361
a 5 13 88 296 2668
a 5 14 19 378 2462
a 5 2 38 343 13952
a 5 4 51 118 6566
a 5 17 87 222 19081
a 5 18 15 335 14772
a 5 9 22 413 14772
a 5 16 86 83 7592
a 5 8 68 348 15388
a 6 7 100 2171 20517
a 6 2 77 131 16824
a 6 12 36 300 19902
a 6 18 32 152 10874
a 6 8 22 96 9848
a 6 17 27 118 5950
a 6 10 80 296 18260
a 6 1 78 191 9643
a 6 0 78 283 15388
a 6 15 43 170 16414
a 7 8 100 2171 20517
a 7 4 77 131 14978
a 7 6 61 348 14157
a 7 5 33 79 14772
a 7 9 18 317 17440
a 7 16 50 313 18465
a 7 15 19 291 18876
a 7 10 59 378 14772
a 7 17 35 231 10464
a 7 12 85 148 9848
a 7 3 35 361 8823
a 8 9 100 2171 20517
a 8 5 60 382 14157
a 8 3 99 139 13541
a 8 15 95 83 11900
a 8 16 45 161 3488
a 8 7 96 413 19081
a 8 12 70 57 13336
a 8 0 13 274 3899
a 8 1 80 391 17440
a 8 18 44 109 13747
a 8 2 76 365 8617
a 8 11 15 287 17850
a 8 10 32 287 2052
a 9 10 100 2171 20517
a 9 15 44 313 17440
a 9 11 14 287 10874
a 9 7 39 218 17645
a 9 17 15 374 14772
a 9 12 36 387 8412
a 9 6 93 374 8002
a 9 14 40 183 13747
a 9 18 45 378 3899
a 10 11 100 2171 20517
a 10 19 38 343 12926
a 10 14 68 79 14978
a 10 6 54 387 11490
a 10 0 96 313 3488
a 10 8 34 374 18260
a 10 17 24 296 9438
a 10 12 12 170 4514
a 10 15 48 74 13336
a 10 3 69 57 14567
a 10 13 32 152 3693
a 11 12 100 2171 20517
a 11 14 83 330 2668
a 11 19 63 352 3078
a 11 17 50 309 15798
a 11 9 70 109 16414
a 11 16 68 196 17440
a 11 2 88 213 8412
a 11 3 16 92 3283
a 11 6 20 209 13336
a 11 8 19 404 17440
a 12 13 100 2171 20517
a 12 18 14 361 17234
a 12 15 78 391 19286
a 12 19 20 352 6361
a 12 5 47 204 13747
a 12 14 91 157 4719
a 12 8 93 257 8617
a 12 7 28 191 10464
a 12 0 92 70 19286
a 13 14 100 2171 20517
a 13 9 28 317 7797
a 13 4 19 417 3899
a 13 3 79 413 16414
a 13 19 45 48 14772
a 13 15 82 283 11695
a 13 2 34 178 3693
a 13 5 41 131 13336
a 13 7 82 191 15183
a 13 1 36 66 20107
a 13 18 15 352 17645
a 14 15 100 2171 20517
a 14 16 33 270 5950
a 14 13 95 74 17645
a 14 11 93 430 3283
a 14 1 52 361 18671
a 14 3 64 105 13541
a 14 12 35 339 6771
a 14 10 22 248 15593
a 14 2 33 135 18465
a 14 18 98 139 8823
a 14 8 28 74 12310
a 14 5 79 191 2668
a 14 4 35 335 15388
a 14 17 85 356 18260
a 14 19 99 174 16824
a 15 16 100 2171 20517
a 15 4 41 209 11695
a 15 8 96 352 11900
a 15 5 82 152 11695
a 15 10 94 426 11490
a 15 18 74 105 18671
a 15 0 64 348 10874
a 15 6 11 83 18671
a 15 13 40 87 11079
a 15 14 59 369 5130
a 15 17 94 257 19286
a 15 11 57 365 9848
a 16 17 100 2171 20517
a 16 4 10 274 11695
a 16 13 93 270 19696
a 16 11 85 382 3283
a 16 5 21 374 13952
a 16 3 34 170 14772
a 16 2 68 100 6566
a 16 7 68 161 11695
a 16 14 28 274 13336
a 16 8 48 178 2257
a 16 12 52 300 9028
a 17 18 100 2171 20517
a 17 3 91 317 12516
a 17 6 11 118 6155
a 17 0 22 430 5540
a 17 19 80 287 18671
a 17 2 21 413 6155
a 17 8 58 152 19286
a 18 19 100 2171 20517
a 18 11 51 413 7181
a 18 0 51 165 9848
a 18 15 46 235 10464
a 18 4 40 131 8617
a 18 16 14 261 12721
a 18 17 53 291 13541
a 18 7 62 404 3488
a 18 3 68 413 7386
a 19 0 100 2171 20517
a 19 18 65 343 16003
a 19 17 29 235 14567
a 19 10 21 283 18260
a 19 5 48 131 7181
a 19 1 23 165 2052
a 19 3 24 213 13952
a 19 8 16 118 13747
a 19 16 23 126 14157
a 19 9 84 161 11285
a 19 2 32 265 14772
a 19 6 60 239 16003
