c fixed charge multi commodity flow
c
c problem vertices edges commodities
p fcmcf 20 220 40
c
c origin destination demand
k 13 5 71
k 3 0 32
k 16 17 78
k 18 6 40
k 5 16 53
k 6 15 80
k 16 0 57
k 10 8 72
k 9 15 57
k 6 9 73
k 7 3 36
k 16 5 22
k 14 8 93
k 8 16 95
k 15 0 27
k 17 12 37
k 1 15 33
k 5 19 94
k 18 3 19
k 1 18 59
k 0 17 17
k 1 0 91
k 2 19 53
k 6 3 73
k 13 17 55
k 15 8 71
k 5 2 92
k 10 0 32
k 12 13 46
k 8 18 69
k 3 11 27
k 0 10 36
k 18 5 37
k 12 19 13
k 12 15 71
k 7 13 15
k 8 7 48
k 13 0 71
k 4 3 96
k 7 10 30
c
c source target cost capacity fixed
a 0 1 100 2171 2052
a 0 18 79 85 862
a 0 16 21 76 1560
a 0 6 18 53 1067
a 0 17 65 41 1806
a 0 3 56 14 247
a 0 14 62 42 1847
a 0 19 27 67 1416
a 0 7 18 93 1293
a 0 2 52 87 431
a 0 10 69 23 944
a 0 9 72 86 1929
a 0 8 58 108 1970
a 0 5 50 46 370
a 1 2 100 2171 2052
a 1 9 90 67 2032
a 1 5 38 86 1703
a 1 8 49 34 1806
a 1 6 24 91 1950
a 1 0 14 101 1293
a 1 16 70 62 1991
a 1 14 69 80 370
a 1 10 63 56 2032
a 1 17 65 40 1149
a 1 18 97 41 595
a 1 19 45 24 801
a 1 11 62 106 1765
a 2 3 100 2171 2052
a 2 8 38 83 2032
a 2 13 22 68 924
a 2 17 73 28 1334
a 2 10 57 34 370
a 2 11 14 80 1396
a 2 12 29 27 206
a 2 15 91 63 1785
a 2 0 25 73 390
a 2 18 22 36 862
a 2 5 59 61 862
a 3 4 100 2171 2052
a 3 9 41 106 1991
a 3 1 44 59 1642
a 3 17 26 80 1067
a 3 14 44 89 1355
a 3 10 20 96 657
a 3 16 52 67 1888
a 3 6 36 94 739
a 3 8 14 97 452
a 4 5 100 2171 2052
a 4 8 20 12 329
a 4 12 34 96 1006
a 4 2 28 81 883
a 4 15 80 98 247
a 4 18 84 95 1170
a 4 14 17 60 1211
a 4 16 56 74 1970
a 4 10 19 34 1929
a 4 1 78 76 595
a 5 6 100 2171 2052
a 5 12 64 51 678
a 5 10 90 108 1724
a 5 7 23 14 637
a 5 13 88 74 267
a 5 14 19 95 247
a 5 2 38 86 1396
a 5 4 51 30 657
a 5 17 87 56 1909
a 5 18 15 84 1478
a 5 9 22 104 1478
a 5 16 86 21 760
a 5 8 68 87 1539
a 6 7 100 2171 2052
a 6 2 77 33 1683
a 6 12 36 75 1991
a 6 18 32 38 1088
a 6 8 22 24 985
a 6 17 27 30 595
a 6 10 80 74 1826
a 6 1 78 48 965
a 6 0 78 71 1539
a 6 15 43 43 1642
a 7 8 100 2171 2052
a 7 4 77 33 1498
a 7 6 61 87 1416
a 7 5 33 20 1478
a 7 9 18 80 1744
a 7 16 50 79 1847
a 7 15 19 73 1888
a 7 10 59 95 1478
a 7 17 35 58 1047
a 7 12 85 37 985
a 7 3 35 91 883
a 8 9 100 2171 2052
a 8 5 60 96 1416
a 8 3 99 35 1355
a 8 15 95 21 1190
a 8 16 45 41 349
a 8 7 96 104 1909
a 8 12 70 15 1334
a 8 0 13 69 390
a 8 1 80 98 1744
a 8 18 44 28 1375
a 8 2 76 92 862
a 8 11 15 72 1785
a 8 10 32 72 206
a 9 10 100 2171 2052
a 9 15 44 79 1744
a 9 11 14 72 1088
a 9 7 39 55 1765
a 9 17 15 94 1478
a 9 12 36 97 842
a 9 6 93 94 801
a 9 14 40 46 1375
a 9 18 45 95 390
a 10 11 100 2171 2052
a 10 19 38 86 1293
a 10 14 68 20 1498
a 10 6 54 97 1149
a 10 0 96 79 349
a 10 8 34 94 1826
a 10 17 24 74 944
a 10 12 12 43 452
a 10 15 48 19 1334
a 10 3 69 15 1457
a 10 13 32 38 370
a 11 12 100 2171 2052
a 11 14 83 83 267
a 11 19 63 88 308
a 11 17 50 78 1580
a 11 9 70 28 1642
a 11 16 68 49 1744
a 11 2 88 54 842
a 11 3 16 23 329
a 11 6 20 53 1334
a 11 8 19 101 1744
a 12 13 100 2171 2052
a 12 18 14 91 1724
a 12 15 78 98 1929
a 12 19 20 88 637
a 12 5 47 51 1375
a 12 14 91 40 472
a 12 8 93 65 862
a 12 7 28 48 1047
a 12 0 92 18 1929
a 13 14 100 2171 2052
a 13 9 28 80 780
a 13 4 19 105 390
a 13 3 79 104 1642
a 13 19 45 12 1478
a 13 15 82 71 1170
a 13 2 34 45 370
a 13 5 41 33 1334
a 13 7 82 48 1519
a 13 1 36 17 2011
a 13 18 15 88 1765
a 14 15 100 2171 2052
a 14 16 33 68 595
a 14 13 95 19 1765
a 14 11 93 108 329
a 14 1 52 91 1868
a 14 3 64 27 1355
a 14 12 35 85 678
a 14 10 22 62 1560
a 14 2 33 34 1847
a 14 18 98 35 883
a 14 8 28 19 1231
a 14 5 79 48 267
a 14 4 35 84 1539
a 14 17 85 89 1826
a 14 19 99 44 1683
a 15 16 100 2171 2052
a 15 4 41 53 1170
a 15 8 96 88 1190
a 15 5 82 38 1170
a 15 10 94 107 1149
a 15 18 74 27 1868
a 15 0 64 87 1088
a 15 6 11 21 1868
a 15 13 40 22 1108
a 15 14 59 93 513
a 15 17 94 65 1929
a 15 11 57 92 985
a 16 17 100 2171 2052
a 16 4 10 69 1170
a 16 13 93 68 1970
a 16 11 85 96 329
a 16 5 21 94 1396
a 16 3 34 43 1478
a 16 2 68 25 657
a 16 7 68 41 1170
a 16 14 28 69 1334
a 16 8 48 45 226
a 16 12 52 75 903
a 17 18 100 2171 2052
a 17 3 91 80 1252
a 17 6 11 30 616
a 17 0 22 108 554
a 17 19 80 72 1868
a 17 2 21 104 616
a 17 8 58 38 1929
a 18 19 100 2171 2052
a 18 11 51 104 719
a 18 0 51 42 985
a 18 15 46 59 1047
a 18 4 40 33 862
a 18 16 14 66 1273
a 18 17 53 73 1355
a 18 7 62 101 349
a 18 3 68 104 739
a 19 0 100 2171 2052
a 19 18 65 86 1601
a 19 17 29 59 1457
a 19 10 21 71 1826
a 19 5 48 33 719
a 19 1 23 42 206
a 19 3 24 54 1396
a 19 8 16 30 1375
a 19 16 23 32 1416
a 19 9 84 41 1129
a 19 2 32 67 1478
a 19 6 60 60 1601
