c fixed charge multi commodity flow
c
c problem vertices edges commodities
p fcmcf 20 220 40
c
c origin destination demand
k 13 5 71
k 3 0 32
k 16 17 78
k 18 6 40
k 5 16 53
k 6 15 80
k 16 0 57
k 10 8 72
k 9 15 57
k 6 9 73
k 7 3 36
k 16 5 22
k 14 8 93
k 8 16 95
k 15 0 27
k 17 12 37
k 1 15 33
k 5 19 94
k 18 3 19
k 1 18 59
k 0 17 17
k 1 0 91
k 2 19 53
k 6 3 73
k 13 17 55
k 15 8 71
k 5 2 92
k 10 0 32
k 12 13 46
k 8 18 69
k 3 11 27
k 0 10 36
k 18 5 37
k 12 19 13
k 12 15 71
k 7 13 15
k 8 7 48
k 13 0 71
k 4 3 96
k 7 10 30
c
c source target cost capacity fixed
a 0 1 100 2171 20517
a 0 18 79 678 8617
a 0 16 21 608 15593
a 0 6 18 417 10669
a 0 17 65 322 18055
a 0 3 56 105 2462
a 0 14 62 330 18465
a 0 19 27 530 14157
a 0 7 18 738 12926
a 0 2 52 695 4309
a 0 10 69 183 9438
a 0 9 72 686 19286
a 0 8 58 860 19696
a 0 5 50 365 3693
a 1 2 100 2171 20517
a 1 9 90 530 20312
a 1 5 38 686 17029
a 1 8 49 270 18055
a 1 6 24 721 19491
a 1 0 14 808 12926
a 1 16 70 495 19902
a 1 14 69 634 3693
a 1 10 63 443 20312
a 1 17 65 313 11490
a 1 18 97 322 5950
a 1 19 45 191 8002
a 1 11 62 843 17645
a 2 3 100 2171 20517
a 2 8 38 660 20312
a 2 13 22 539 9233
a 2 17 73 218 13336
a 2 10 57 270 3693
a 2 11 14 634 13952
a 2 12 29 209 2052
a 2 15 91 504 17850
a 2 0 25 582 3899
a 2 18 22 287 8617
a 2 5 59 487 8617
a 3 4 100 2171 20517
a 3 9 41 843 19902
a 3 1 44 469 16414
a 3 17 26 634 10669
a 3 14 44 712 13541
a 3 10 20 764 6566
a 3 16 52 530 18876
a 3 6 36 747 7386
a 3 8 14 773 4514
a 4 5 100 2171 20517
a 4 8 20 96 3283
a 4 12 34 764 10054
a 4 2 28 643 8823
a 4 15 80 782 2462
a 4 18 84 756 11695
a 4 14 17 478 12105
a 4 16 56 591 19696
a 4 10 19 270 19286
a 4 1 78 608 5950
a 5 6 100 2171 20517
a 5 12 64 408 6771
a 5 10 90 860 17234
a 5 7 23 105 6361
a 5 13 88 591 2668
a 5 14 19 756 2462
a 5 2 38 686 13952
a 5 4 51 235 6566
a 5 17 87 443 19081
a 5 18 15 669 14772
a 5 9 22 825 14772
a 5 16 86 165 7592
a 5 8 68 695 15388
a 6 7 100 2171 20517
a 6 2 77 261 16824
a 6 12 36 599 19902
a 6 18 32 304 10874
a 6 8 22 191 9848
a 6 17 27 235 5950
a 6 10 80 591 18260
a 6 1 78 382 9643
a 6 0 78 565 15388
a 6 15 43 339 16414
a 7 8 100 2171 20517
a 7 4 77 261 14978
a 7 6 61 695 14157
a 7 5 33 157 14772
a 7 9 18 634 17440
a 7 16 50 625 18465
a 7 15 19 582 18876
a 7 10 59 756 14772
a 7 17 35 461 10464
a 7 12 85 296 9848
a 7 3 35 721 8823
a 8 9 100 2171 20517
a 8 5 60 764 14157
a 8 3 99 278 13541
a 8 15 95 165 11900
a 8 16 45 322 3488
a 8 7 96 825 19081
a 8 12 70 113 13336
a 8 0 13 547 3899
a 8 1 80 782 17440
a 8 18 44 218 13747
a 8 2 76 730 8617
a 8 11 15 573 17850
a 8 10 32 573 2052
a 9 10 100 2171 20517
a 9 15 44 625 17440
a 9 11 14 573 10874
a 9 7 39 435 17645
a 9 17 15 747 14772
a 9 12 36 773 8412
a 9 6 93 747 8002
a 9 14 40 365 13747
a 9 18 45 756 3899
a 10 11 100 2171 20517
a 10 19 38 686 12926
a 10 14 68 157 14978
a 10 6 54 773 11490
a 10 0 96 625 3488
a 10 8 34 747 18260
a 10 17 24 591 9438
a 10 12 12 339 4514
a 10 15 48 148 13336
a 10 3 69 113 14567
a 10 13 32 304 3693
a 11 12 100 2171 20517
a 11 14 83 660 2668
a 11 19 63 704 3078
a 11 17 50 617 15798
a 11 9 70 218 16414
a 11 16 68 391 17440
a 11 2 88 426 8412
a 11 3 16 183 3283
a 11 6 20 417 13336
a 11 8 19 808 17440
a 12 13 100 2171 20517
a 12 18 14 721 17234
a 12 15 78 782 19286
a 12 19 20 704 6361
a 12 5 47 408 13747
a 12 14 91 313 4719
a 12 8 93 513 8617
a 12 7 28 382 10464
a 12 0 92 139 19286
a 13 14 100 2171 20517
a 13 9 28 634 7797
a 13 4 19 834 3899
a 13 3 79 825 16414
a 13 19 45 96 14772
a 13 15 82 565 11695
a 13 2 34 356 3693
a 13 5 41 261 13336
a 13 7 82 382 15183
a 13 1 36 131 20107
a 13 18 15 704 17645
a 14 15 100 2171 20517
a 14 16 33 539 5950
a 14 13 95 148 17645
a 14 11 93 860 3283
a 14 1 52 721 18671
a 14 3 64 209 13541
a 14 12 35 678 6771
a 14 10 22 495 15593
a 14 2 33 270 18465
a 14 18 98 278 8823
a 14 8 28 148 12310
a 14 5 79 382 2668
a 14 4 35 669 15388
a 14 17 85 712 18260
a 14 19 99 348 16824
a 15 16 100 2171 20517
a 15 4 41 417 11695
a 15 8 96 704 11900
a 15 5 82 304 11695
a 15 10 94 851 11490
a 15 18 74 209 18671
a 15 0 64 695 10874
a 15 6 11 165 18671
a 15 13 40 174 11079
a 15 14 59 738 5130
a 15 17 94 513 19286
a 15 11 57 730 9848
a 16 17 100 2171 20517
a 16 4 10 547 11695
a 16 13 93 539 19696
a 16 11 85 764 3283
a 16 5 21 747 13952
a 16 3 34 339 14772
a 16 2 68 200 6566
a 16 7 68 322 11695
a 16 14 28 547 13336
a 16 8 48 356 2257
a 16 12 52 599 9028
a 17 18 100 2171 20517
a 17 3 91 634 12516
a 17 6 11 235 6155
a 17 0 22 860 5540
a 17 19 80 573 18671
a 17 2 21 825 6155
a 17 8 58 304 19286
a 18 19 100 2171 20517
a 18 11 51 825 7181
a 18 0 51 330 9848
a 18 15 46 469 10464
a 18 4 40 261 8617
a 18 16 14 521 12721
a 18 17 53 582 13541
a 18 7 62 808 3488
a 18 3 68 825 7386
a 19 0 100 2171 20517
a 19 18 65 686 16003
a 19 17 29 469 14567
a 19 10 21 565 18260
a 19 5 48 261 7181
a 19 1 23 330 2052
a 19 3 24 426 13952
a 19 8 16 235 13747
a 19 16 23 252 14157
a 19 9 84 322 11285
a 19 2 32 530 14772
a 19 6 60 478 16003
