c fixed charge multi commodity flow
c
c problem vertices edges commodities
p fcmcf 20 220 40
c
c origin destination demand
k 13 5 71
k 3 0 32
k 16 17 78
k 18 6 40
k 5 16 53
k 6 15 80
k 16 0 57
k 10 8 72
k 9 15 57
k 6 9 73
k 7 3 36
k 16 5 22
k 14 8 93
k 8 16 95
k 15 0 27
k 17 12 37
k 1 15 33
k 5 19 94
k 18 3 19
k 1 18 59
k 0 17 17
k 1 0 91
k 2 19 53
k 6 3 73
k 13 17 55
k 15 8 71
k 5 2 92
k 10 0 32
k 12 13 46
k 8 18 69
k 3 11 27
k 0 10 36
k 18 5 37
k 12 19 13
k 12 15 71
k 7 13 15
k 8 7 48
k 13 0 71
k 4 3 96
k 7 10 30
c
c source target cost capacity fixed
a 0 1 100 2171 10259
a 0 18 79 678 4309
a 0 16 21 608 7797
a 0 6 18 417 5335
a 0 17 65 322 9028
a 0 3 56 105 1231
a 0 14 62 330 9233
a 0 19 27 530 7079
a 0 7 18 738 6463
a 0 2 52 695 2155
a 0 10 69 183 4719
a 0 9 72 686 9643
a 0 8 58 860 9848
a 0 5 50 365 1847
a 1 2 100 2171 10259
a 1 9 90 530 10156
a 1 5 38 686 8515
a 1 8 49 270 9028
a 1 6 24 721 9746
a 1 0 14 808 6463
a 1 16 70 495 9951
a 1 14 69 634 1847
a 1 10 63 443 10156
a 1 17 65 313 5745
a 1 18 97 322 2975
a 1 19 45 191 4001
a 1 11 62 843 8823
a 2 3 100 2171 10259
a 2 8 38 660 10156
a 2 13 22 539 4617
a 2 17 73 218 6668
a 2 10 57 270 1847
a 2 11 14 634 6976
a 2 12 29 209 1026
a 2 15 91 504 8925
a 2 0 25 582 1950
a 2 18 22 287 4309
a 2 5 59 487 4309
a 3 4 100 2171 10259
a 3 9 41 843 9951
a 3 1 44 469 8207
a 3 17 26 634 5335
a 3 14 44 712 6771
a 3 10 20 764 3283
a 3 16 52 530 9438
a 3 6 36 747 3693
a 3 8 14 773 2257
a 4 5 100 2171 10259
a 4 8 20 96 1642
a 4 12 34 764 5027
a 4 2 28 643 4412
a 4 15 80 782 1231
a 4 18 84 756 5848
a 4 14 17 478 6053
a 4 16 56 591 9848
a 4 10 19 270 9643
a 4 1 78 608 2975
a 5 6 100 2171 10259
a 5 12 64 408 3386
a 5 10 90 860 8617
a 5 7 23 105 3181
a 5 13 88 591 1334
a 5 14 19 756 1231
a 5 2 38 686 6976
a 5 4 51 235 3283
a 5 17 87 443 9541
a 5 18 15 669 7386
a 5 9 22 825 7386
a 5 16 86 165 3796
a 5 8 68 695 7694
a 6 7 100 2171 10259
a 6 2 77 261 8412
a 6 12 36 599 9951
a 6 18 32 304 5437
a 6 8 22 191 4924
a 6 17 27 235 2975
a 6 10 80 591 9130
a 6 1 78 382 4822
a 6 0 78 565 7694
a 6 15 43 339 8207
a 7 8 100 2171 10259
a 7 4 77 261 7489
a 7 6 61 695 7079
a 7 5 33 157 7386
a 7 9 18 634 8720
a 7 16 50 625 9233
a 7 15 19 582 9438
a 7 10 59 756 7386
a 7 17 35 461 5232
a 7 12 85 296 4924
a 7 3 35 721 4412
a 8 9 100 2171 10259
a 8 5 60 764 7079
a 8 3 99 278 6771
a 8 15 95 165 5950
a 8 16 45 322 1744
a 8 7 96 825 9541
a 8 12 70 113 6668
a 8 0 13 547 1950
a 8 1 80 782 8720
a 8 18 44 218 6874
a 8 2 76 730 4309
a 8 11 15 573 8925
a 8 10 32 573 1026
a 9 10 100 2171 10259
a 9 15 44 625 8720
a 9 11 14 573 5437
a 9 7 39 435 8823
a 9 17 15 747 7386
a 9 12 36 773 4206
a 9 6 93 747 4001
a 9 14 40 365 6874
a 9 18 45 756 1950
a 10 11 100 2171 10259
a 10 19 38 686 6463
a 10 14 68 157 7489
a 10 6 54 773 5745
a 10 0 96 625 1744
a 10 8 34 747 9130
a 10 17 24 591 4719
a 10 12 12 339 2257
a 10 15 48 148 6668
a 10 3 69 113 7284
a 10 13 32 304 1847
a 11 12 100 2171 10259
a 11 14 83 660 1334
a 11 19 63 704 1539
a 11 17 50 617 7899
a 11 9 70 218 8207
a 11 16 68 391 8720
a 11 2 88 426 4206
a 11 3 16 183 1642
a 11 6 20 417 6668
a 11 8 19 808 8720
a 12 13 100 2171 10259
a 12 18 14 721 8617
a 12 15 78 782 9643
a 12 19 20 704 3181
a 12 5 47 408 6874
a 12 14 91 313 2360
a 12 8 93 513 4309
a 12 7 28 382 5232
a 12 0 92 139 9643
a 13 14 100 2171 10259
a 13 9 28 634 3899
a 13 4 19 834 1950
a 13 3 79 825 8207
a 13 19 45 96 7386
a 13 15 82 565 5848
a 13 2 34 356 1847
a 13 5 41 261 6668
a 13 7 82 382 7592
a 13 1 36 131 10054
a 13 18 15 704 8823
a 14 15 100 2171 10259
a 14 16 33 539 2975
a 14 13 95 148 8823
a 14 11 93 860 1642
a 14 1 52 721 9336
a 14 3 64 209 6771
a 14 12 35 678 3386
a 14 10 22 495 7797
a 14 2 33 270 9233
a 14 18 98 278 4412
a 14 8 28 148 6155
a 14 5 79 382 1334
a 14 4 35 669 7694
a 14 17 85 712 9130
a 14 19 99 348 8412
a 15 16 100 2171 10259
a 15 4 41 417 5848
a 15 8 96 704 5950
a 15 5 82 304 5848
a 15 10 94 851 5745
a 15 18 74 209 9336
a 15 0 64 695 5437
a 15 6 11 165 9336
a 15 13 40 174 5540
a 15 14 59 738 2565
a 15 17 94 513 9643
a 15 11 57 730 4924
a 16 17 100 2171 10259
a 16 4 10 547 5848
a 16 13 93 539 9848
a 16 11 85 764 1642
a 16 5 21 747 6976
a 16 3 34 339 7386
a 16 2 68 200 3283
a 16 7 68 322 5848
a 16 14 28 547 6668
a 16 8 48 356 1129
a 16 12 52 599 4514
a 17 18 100 2171 10259
a 17 3 91 634 6258
a 17 6 11 235 3078
a 17 0 22 860 2770
a 17 19 80 573 9336
a 17 2 21 825 3078
a 17 8 58 304 9643
a 18 19 100 2171 10259
a 18 11 51 825 3591
a 18 0 51 330 4924
a 18 15 46 469 5232
a 18 4 40 261 4309
a 18 16 14 521 6361
a 18 17 53 582 6771
a 18 7 62 808 1744
a 18 3 68 825 3693
a 19 0 100 2171 10259
a 19 18 65 686 8002
a 19 17 29 469 7284
a 19 10 21 565 9130
a 19 5 48 261 3591
a 19 1 23 330 1026
a 19 3 24 426 6976
a 19 8 16 235 6874
a 19 16 23 252 7079
a 19 9 84 322 5643
a 19 2 32 530 7386
a 19 6 60 478 8002
