c fixed charge multi commodity flow
c
c problem vertices edges commodities
p fcmcf 20 220 40
c
c origin destination demand
k 13 5 71
k 3 0 32
k 16 17 78
k 18 6 40
k 5 16 53
k 6 15 80
k 16 0 57
k 10 8 72
k 9 15 57
k 6 9 73
k 7 3 36
k 16 5 22
k 14 8 93
k 8 16 95
k 15 0 27
k 17 12 37
k 1 15 33
k 5 19 94
k 18 3 19
k 1 18 59
k 0 17 17
k 1 0 91
k 2 19 53
k 6 3 73
k 13 17 55
k 15 8 71
k 5 2 92
k 10 0 32
k 12 13 46
k 8 18 69
k 3 11 27
k 0 10 36
k 18 5 37
k 12 19 13
k 12 15 71
k 7 13 15
k 8 7 48
k 13 0 71
k 4 3 96
k 7 10 30
c
c source target cost capacity fixed
a 0 1 100 2171 10259
a 0 18 79 339 4309
a 0 16 21 304 7797
a 0 6 18 209 5335
a 0 17 65 161 9028
a 0 3 56 53 1231
a 0 14 62 165 9233
a 0 19 27 265 7079
a 0 7 18 369 6463
a 0 2 52 348 2155
a 0 10 69 92 4719
a 0 9 72 343 9643
a 0 8 58 430 9848
a 0 5 50 183 1847
a 1 2 100 2171 10259
a 1 9 90 265 10156
a 1 5 38 343 8515
a 1 8 49 135 9028
a 1 6 24 361 9746
a 1 0 14 404 6463
a 1 16 70 248 9951
a 1 14 69 317 1847
a 1 10 63 222 10156
a 1 17 65 157 5745
a 1 18 97 161 2975
a 1 19 45 96 4001
a 1 11 62 422 8823
a 2 3 100 2171 10259
a 2 8 38 330 10156
a 2 13 22 270 4617
a 2 17 73 109 6668
a 2 10 57 135 1847
a 2 11 14 317 6976
a 2 12 29 105 1026
a 2 15 91 252 8925
a 2 0 25 291 1950
a 2 18 22 144 4309
a 2 5 59 244 4309
a 3 4 100 2171 10259
a 3 9 41 422 9951
a 3 1 44 235 8207
a 3 17 26 317 5335
a 3 14 44 356 6771
a 3 10 20 382 3283
a 3 16 52 265 9438
a 3 6 36 374 3693
a 3 8 14 387 2257
a 4 5 100 2171 10259
a 4 8 20 48 1642
a 4 12 34 382 5027
a 4 2 28 322 4412
a 4 15 80 391 1231
a 4 18 84 378 5848
a 4 14 17 239 6053
a 4 16 56 296 9848
a 4 10 19 135 9643
a 4 1 78 304 2975
a 5 6 100 2171 10259
a 5 12 64 204 3386
a 5 10 90 430 8617
a 5 7 23 53 3181
a 5 13 88 296 1334
a 5 14 19 378 1231
a 5 2 38 343 6976
a 5 4 51 118 3283
a 5 17 87 222 9541
a 5 18 15 335 7386
a 5 9 22 413 7386
a 5 16 86 83 3796
a 5 8 68 348 7694
a 6 7 100 2171 10259
a 6 2 77 131 8412
a 6 12 36 300 9951
a 6 18 32 152 5437
a 6 8 22 96 4924
a 6 17 27 118 2975
a 6 10 80 296 9130
a 6 1 78 191 4822
a 6 0 78 283 7694
a 6 15 43 170 8207
a 7 8 100 2171 10259
a 7 4 77 131 7489
a 7 6 61 348 7079
a 7 5 33 79 7386
a 7 9 18 317 8720
a 7 16 50 313 9233
a 7 15 19 291 9438
a 7 10 59 378 7386
a 7 17 35 231 5232
a 7 12 85 148 4924
a 7 3 35 361 4412
a 8 9 100 2171 10259
a 8 5 60 382 7079
a 8 3 99 139 6771
a 8 15 95 83 5950
a 8 16 45 161 1744
a 8 7 96 413 9541
a 8 12 70 57 6668
a 8 0 13 274 1950
a 8 1 80 391 8720
a 8 18 44 109 6874
a 8 2 76 365 4309
a 8 11 15 287 8925
a 8 10 32 287 1026
a 9 10 100 2171 10259
a 9 15 44 313 8720
a 9 11 14 287 5437
a 9 7 39 218 8823
a 9 17 15 374 7386
a 9 12 36 387 4206
a 9 6 93 374 4001
a 9 14 40 183 6874
a 9 18 45 378 1950
a 10 11 100 2171 10259
a 10 19 38 343 6463
a 10 14 68 79 7489
a 10 6 54 387 5745
a 10 0 96 313 1744
a 10 8 34 374 9130
a 10 17 24 296 4719
a 10 12 12 170 2257
a 10 15 48 74 6668
a 10 3 69 57 7284
a 10 13 32 152 1847
a 11 12 100 2171 10259
a 11 14 83 330 1334
a 11 19 63 352 1539
a 11 17 50 309 7899
a 11 9 70 109 8207
a 11 16 68 196 8720
a 11 2 88 213 4206
a 11 3 16 92 1642
a 11 6 20 209 6668
a 11 8 19 404 8720
a 12 13 100 2171 10259
a 12 18 14 361 8617
a 12 15 78 391 9643
a 12 19 20 352 3181
a 12 5 47 204 6874
a 12 14 91 157 2360
a 12 8 93 257 4309
a 12 7 28 191 5232
a 12 0 92 70 9643
a 13 14 100 2171 10259
a 13 9 28 317 3899
a 13 4 19 417 1950
a 13 3 79 413 8207
a 13 19 45 48 7386
a 13 15 82 283 5848
a 13 2 34 178 1847
a 13 5 41 131 6668
a 13 7 82 191 7592
a 13 1 36 66 10054
a 13 18 15 352 8823
a 14 15 100 2171 10259
a 14 16 33 270 2975
a 14 13 95 74 8823
a 14 11 93 430 1642
a 14 1 52 361 9336
a 14 3 64 105 6771
a 14 12 35 339 3386
a 14 10 22 248 7797
a 14 2 33 135 9233
a 14 18 98 139 4412
a 14 8 28 74 6155
a 14 5 79 191 1334
a 14 4 35 335 7694
a 14 17 85 356 9130
a 14 19 99 174 8412
a 15 16 100 2171 10259
a 15 4 41 209 5848
a 15 8 96 352 5950
a 15 5 82 152 5848
a 15 10 94 426 5745
a 15 18 74 105 9336
a 15 0 64 348 5437
a 15 6 11 83 9336
a 15 13 40 87 5540
a 15 14 59 369 2565
a 15 17 94 257 9643
a 15 11 57 365 4924
a 16 17 100 2171 10259
a 16 4 10 274 5848
a 16 13 93 270 9848
a 16 11 85 382 1642
a 16 5 21 374 6976
a 16 3 34 170 7386
a 16 2 68 100 3283
a 16 7 68 161 5848
a 16 14 28 274 6668
a 16 8 48 178 1129
a 16 12 52 300 4514
a 17 18 100 2171 10259
a 17 3 91 317 6258
a 17 6 11 118 3078
a 17 0 22 430 2770
a 17 19 80 287 9336
a 17 2 21 413 3078
a 17 8 58 152 9643
a 18 19 100 2171 10259
a 18 11 51 413 3591
a 18 0 51 165 4924
a 18 15 46 235 5232
a 18 4 40 131 4309
a 18 16 14 261 6361
a 18 17 53 291 6771
a 18 7 62 404 1744
a 18 3 68 413 3693
a 19 0 100 2171 10259
a 19 18 65 343 8002
a 19 17 29 235 7284
a 19 10 21 283 9130
a 19 5 48 131 3591
a 19 1 23 165 1026
a 19 3 24 213 6976
a 19 8 16 118 6874
a 19 16 23 126 7079
a 19 9 84 161 5643
a 19 2 32 265 7386
a 19 6 60 239 8002
