c fixed charge multi commodity flow
c
c problem vertices edges commodities
p fcmcf 20 220 40
c
c origin destination demand
k 13 5 71
k 3 0 32
k 16 17 78
k 18 6 40
k 5 16 53
k 6 15 80
k 16 0 57
k 10 8 72
k 9 15 57
k 6 9 73
k 7 3 36
k 16 5 22
k 14 8 93
k 8 16 95
k 15 0 27
k 17 12 37
k 1 15 33
k 5 19 94
k 18 3 19
k 1 18 59
k 0 17 17
k 1 0 91
k 2 19 53
k 6 3 73
k 13 17 55
k 15 8 71
k 5 2 92
k 10 0 32
k 12 13 46
k 8 18 69
k 3 11 27
k 0 10 36
k 18 5 37
k 12 19 13
k 12 15 71
k 7 13 15
k 8 7 48
k 13 0 71
k 4 3 96
k 7 10 30
c
c source target cost capacity fixed
a 0 1 100 2171 10259
a 0 18 79 85 4309
a 0 16 21 76 7797
a 0 6 18 53 5335
a 0 17 65 41 9028
a 0 3 56 14 1231
a 0 14 62 42 9233
a 0 19 27 67 7079
a 0 7 18 93 6463
a 0 2 52 87 2155
a 0 10 69 23 4719
a 0 9 72 86 9643
a 0 8 58 108 9848
a 0 5 50 46 1847
a 1 2 100 2171 10259
a 1 9 90 67 10156
a 1 5 38 86 8515
a 1 8 49 34 9028
a 1 6 24 91 9746
a 1 0 14 101 6463
a 1 16 70 62 9951
a 1 14 69 80 1847
a 1 10 63 56 10156
a 1 17 65 40 5745
a 1 18 97 41 2975
a 1 19 45 24 4001
a 1 11 62 106 8823
a 2 3 100 2171 10259
a 2 8 38 83 10156
a 2 13 22 68 4617
a 2 17 73 28 6668
a 2 10 57 34 1847
a 2 11 14 80 6976
a 2 12 29 27 1026
a 2 15 91 63 8925
a 2 0 25 73 1950
a 2 18 22 36 4309
a 2 5 59 61 4309
a 3 4 100 2171 10259
a 3 9 41 106 9951
a 3 1 44 59 8207
a 3 17 26 80 5335
a 3 14 44 89 6771
a 3 10 20 96 3283
a 3 16 52 67 9438
a 3 6 36 94 3693
a 3 8 14 97 2257
a 4 5 100 2171 10259
a 4 8 20 12 1642
a 4 12 34 96 5027
a 4 2 28 81 4412
a 4 15 80 98 1231
a 4 18 84 95 5848
a 4 14 17 60 6053
a 4 16 56 74 9848
a 4 10 19 34 9643
a 4 1 78 76 2975
a 5 6 100 2171 10259
a 5 12 64 51 3386
a 5 10 90 108 8617
a 5 7 23 14 3181
a 5 13 88 74 1334
a 5 14 19 95 1231
a 5 2 38 86 6976
a 5 4 51 30 3283
a 5 17 87 56 9541
a 5 18 15 84 7386
a 5 9 22 104 7386
a 5 16 86 21 3796
a 5 8 68 87 7694
a 6 7 100 2171 10259
a 6 2 77 33 8412
a 6 12 36 75 9951
a 6 18 32 38 5437
a 6 8 22 24 4924
a 6 17 27 30 2975
a 6 10 80 74 9130
a 6 1 78 48 4822
a 6 0 78 71 7694
a 6 15 43 43 8207
a 7 8 100 2171 10259
a 7 4 77 33 7489
a 7 6 61 87 7079
a 7 5 33 20 7386
a 7 9 18 80 8720
a 7 16 50 79 9233
a 7 15 19 73 9438
a 7 10 59 95 7386
a 7 17 35 58 5232
a 7 12 85 37 4924
a 7 3 35 91 4412
a 8 9 100 2171 10259
a 8 5 60 96 7079
a 8 3 99 35 6771
a 8 15 95 21 5950
a 8 16 45 41 1744
a 8 7 96 104 9541
a 8 12 70 15 6668
a 8 0 13 69 1950
a 8 1 80 98 8720
a 8 18 44 28 6874
a 8 2 76 92 4309
a 8 11 15 72 8925
a 8 10 32 72 1026
a 9 10 100 2171 10259
a 9 15 44 79 8720
a 9 11 14 72 5437
a 9 7 39 55 8823
a 9 17 15 94 7386
a 9 12 36 97 4206
a 9 6 93 94 4001
a 9 14 40 46 6874
a 9 18 45 95 1950
a 10 11 100 2171 10259
a 10 19 38 86 6463
a 10 14 68 20 7489
a 10 6 54 97 5745
a 10 0 96 79 1744
a 10 8 34 94 9130
a 10 17 24 74 4719
a 10 12 12 43 2257
a 10 15 48 19 6668
a 10 3 69 15 7284
a 10 13 32 38 1847
a 11 12 100 2171 10259
a 11 14 83 83 1334
a 11 19 63 88 1539
a 11 17 50 78 7899
a 11 9 70 28 8207
a 11 16 68 49 8720
a 11 2 88 54 4206
a 11 3 16 23 1642
a 11 6 20 53 6668
a 11 8 19 101 8720
a 12 13 100 2171 10259
a 12 18 14 91 8617
a 12 15 78 98 9643
a 12 19 20 88 3181
a 12 5 47 51 6874
a 12 14 91 40 2360
a 12 8 93 65 4309
a 12 7 28 48 5232
a 12 0 92 18 9643
a 13 14 100 2171 10259
a 13 9 28 80 3899
a 13 4 19 105 1950
a 13 3 79 104 8207
a 13 19 45 12 7386
a 13 15 82 71 5848
a 13 2 34 45 1847
a 13 5 41 33 6668
a 13 7 82 48 7592
a 13 1 36 17 10054
a 13 18 15 88 8823
a 14 15 100 2171 10259
a 14 16 33 68 2975
a 14 13 95 19 8823
a 14 11 93 108 1642
a 14 1 52 91 9336
a 14 3 64 27 6771
a 14 12 35 85 3386
a 14 10 22 62 7797
a 14 2 33 34 9233
a 14 18 98 35 4412
a 14 8 28 19 6155
a 14 5 79 48 1334
a 14 4 35 84 7694
a 14 17 85 89 9130
a 14 19 99 44 8412
a 15 16 100 2171 10259
a 15 4 41 53 5848
a 15 8 96 88 5950
a 15 5 82 38 5848
a 15 10 94 107 5745
a 15 18 74 27 9336
a 15 0 64 87 5437
a 15 6 11 21 9336
a 15 13 40 22 5540
a 15 14 59 93 2565
a 15 17 94 65 9643
a 15 11 57 92 4924
a 16 17 100 2171 10259
a 16 4 10 69 5848
a 16 13 93 68 9848
a 16 11 85 96 1642
a 16 5 21 94 6976
a 16 3 34 43 7386
a 16 2 68 25 3283
a 16 7 68 41 5848
a 16 14 28 69 6668
a 16 8 48 45 1129
a 16 12 52 75 4514
a 17 18 100 2171 10259
a 17 3 91 80 6258
a 17 6 11 30 3078
a 17 0 22 108 2770
a 17 19 80 72 9336
a 17 2 21 104 3078
a 17 8 58 38 9643
a 18 19 100 2171 10259
a 18 11 51 104 3591
a 18 0 51 42 4924
a 18 15 46 59 5232
a 18 4 40 33 4309
a 18 16 14 66 6361
a 18 17 53 73 6771
a 18 7 62 101 1744
a 18 3 68 104 3693
a 19 0 100 2171 10259
a 19 18 65 86 8002
a 19 17 29 59 7284
a 19 10 21 71 9130
a 19 5 48 33 3591
a 19 1 23 42 1026
a 19 3 24 54 6976
a 19 8 16 30 6874
a 19 16 23 32 7079
a 19 9 84 41 5643
a 19 2 32 67 7386
a 19 6 60 60 8002
