c fixed charge multi commodity flow
c
c problem vertices edges commodities
p fcmcf 20 220 40
c
c origin destination demand
k 13 5 71
k 3 0 32
k 16 17 78
k 18 6 40
k 5 16 53
k 6 15 80
k 16 0 57
k 10 8 72
k 9 15 57
k 6 9 73
k 7 3 36
k 16 5 22
k 14 8 93
k 8 16 95
k 15 0 27
k 17 12 37
k 1 15 33
k 5 19 94
k 18 3 19
k 1 18 59
k 0 17 17
k 1 0 91
k 2 19 53
k 6 3 73
k 13 17 55
k 15 8 71
k 5 2 92
k 10 0 32
k 12 13 46
k 8 18 69
k 3 11 27
k 0 10 36
k 18 5 37
k 12 19 13
k 12 15 71
k 7 13 15
k 8 7 48
k 13 0 71
k 4 3 96
k 7 10 30
c
c source target cost capacity fixed
a 0 1 100 2171 2052
a 0 18 79 678 862
a 0 16 21 608 1560
a 0 6 18 417 1067
a 0 17 65 322 1806
a 0 3 56 105 247
a 0 14 62 330 1847
a 0 19 27 530 1416
a 0 7 18 738 1293
a 0 2 52 695 431
a 0 10 69 183 944
a 0 9 72 686 1929
a 0 8 58 860 1970
a 0 5 50 365 370
a 1 2 100 2171 2052
a 1 9 90 530 2032
a 1 5 38 686 1703
a 1 8 49 270 1806
a 1 6 24 721 1950
a 1 0 14 808 1293
a 1 16 70 495 1991
a 1 14 69 634 370
a 1 10 63 443 2032
a 1 17 65 313 1149
a 1 18 97 322 595
a 1 19 45 191 801
a 1 11 62 843 1765
a 2 3 100 2171 2052
a 2 8 38 660 2032
a 2 13 22 539 924
a 2 17 73 218 1334
a 2 10 57 270 370
a 2 11 14 634 1396
a 2 12 29 209 206
a 2 15 91 504 1785
a 2 0 25 582 390
a 2 18 22 287 862
a 2 5 59 487 862
a 3 4 100 2171 2052
a 3 9 41 843 1991
a 3 1 44 469 1642
a 3 17 26 634 1067
a 3 14 44 712 1355
a 3 10 20 764 657
a 3 16 52 530 1888
a 3 6 36 747 739
a 3 8 14 773 452
a 4 5 100 2171 2052
a 4 8 20 96 329
a 4 12 34 764 1006
a 4 2 28 643 883
a 4 15 80 782 247
a 4 18 84 756 1170
a 4 14 17 478 1211
a 4 16 56 591 1970
a 4 10 19 270 1929
a 4 1 78 608 595
a 5 6 100 2171 2052
a 5 12 64 408 678
a 5 10 90 860 1724
a 5 7 23 105 637
a 5 13 88 591 267
a 5 14 19 756 247
a 5 2 38 686 1396
a 5 4 51 235 657
a 5 17 87 443 1909
a 5 18 15 669 1478
a 5 9 22 825 1478
a 5 16 86 165 760
a 5 8 68 695 1539
a 6 7 100 2171 2052
a 6 2 77 261 1683
a 6 12 36 599 1991
a 6 18 32 304 1088
a 6 8 22 191 985
a 6 17 27 235 595
a 6 10 80 591 1826
a 6 1 78 382 965
a 6 0 78 565 1539
a 6 15 43 339 1642
a 7 8 100 2171 2052
a 7 4 77 261 1498
a 7 6 61 695 1416
a 7 5 33 157 1478
a 7 9 18 634 1744
a 7 16 50 625 1847
a 7 15 19 582 1888
a 7 10 59 756 1478
a 7 17 35 461 1047
a 7 12 85 296 985
a 7 3 35 721 883
a 8 9 100 2171 2052
a 8 5 60 764 1416
a 8 3 99 278 1355
a 8 15 95 165 1190
a 8 16 45 322 349
a 8 7 96 825 1909
a 8 12 70 113 1334
a 8 0 13 547 390
a 8 1 80 782 1744
a 8 18 44 218 1375
a 8 2 76 730 862
a 8 11 15 573 1785
a 8 10 32 573 206
a 9 10 100 2171 2052
a 9 15 44 625 1744
a 9 11 14 573 1088
a 9 7 39 435 1765
a 9 17 15 747 1478
a 9 12 36 773 842
a 9 6 93 747 801
a 9 14 40 365 1375
a 9 18 45 756 390
a 10 11 100 2171 2052
a 10 19 38 686 1293
a 10 14 68 157 1498
a 10 6 54 773 1149
a 10 0 96 625 349
a 10 8 34 747 1826
a 10 17 24 591 944
a 10 12 12 339 452
a 10 15 48 148 1334
a 10 3 69 113 1457
a 10 13 32 304 370
a 11 12 100 2171 2052
a 11 14 83 660 267
a 11 19 63 704 308
a 11 17 50 617 1580
a 11 9 70 218 1642
a 11 16 68 391 1744
a 11 2 88 426 842
a 11 3 16 183 329
a 11 6 20 417 1334
a 11 8 19 808 1744
a 12 13 100 2171 2052
a 12 18 14 721 1724
a 12 15 78 782 1929
a 12 19 20 704 637
a 12 5 47 408 1375
a 12 14 91 313 472
a 12 8 93 513 862
a 12 7 28 382 1047
a 12 0 92 139 1929
a 13 14 100 2171 2052
a 13 9 28 634 780
a 13 4 19 834 390
a 13 3 79 825 1642
a 13 19 45 96 1478
a 13 15 82 565 1170
a 13 2 34 356 370
a 13 5 41 261 1334
a 13 7 82 382 1519
a 13 1 36 131 2011
a 13 18 15 704 1765
a 14 15 100 2171 2052
a 14 16 33 539 595
a 14 13 95 148 1765
a 14 11 93 860 329
a 14 1 52 721 1868
a 14 3 64 209 1355
a 14 12 35 678 678
a 14 10 22 495 1560
a 14 2 33 270 1847
a 14 18 98 278 883
a 14 8 28 148 1231
a 14 5 79 382 267
a 14 4 35 669 1539
a 14 17 85 712 1826
a 14 19 99 348 1683
a 15 16 100 2171 2052
a 15 4 41 417 1170
a 15 8 96 704 1190
a 15 5 82 304 1170
a 15 10 94 851 1149
a 15 18 74 209 1868
a 15 0 64 695 1088
a 15 6 11 165 1868
a 15 13 40 174 1108
a 15 14 59 738 513
a 15 17 94 513 1929
a 15 11 57 730 985
a 16 17 100 2171 2052
a 16 4 10 547 1170
a 16 13 93 539 1970
a 16 11 85 764 329
a 16 5 21 747 1396
a 16 3 34 339 1478
a 16 2 68 200 657
a 16 7 68 322 1170
a 16 14 28 547 1334
a 16 8 48 356 226
a 16 12 52 599 903
a 17 18 100 2171 2052
a 17 3 91 634 1252
a 17 6 11 235 616
a 17 0 22 860 554
a 17 19 80 573 1868
a 17 2 21 825 616
a 17 8 58 304 1929
a 18 19 100 2171 2052
a 18 11 51 825 719
a 18 0 51 330 985
a 18 15 46 469 1047
a 18 4 40 261 862
a 18 16 14 521 1273
a 18 17 53 582 1355
a 18 7 62 808 349
a 18 3 68 825 739
a 19 0 100 2171 2052
a 19 18 65 686 1601
a 19 17 29 469 1457
a 19 10 21 565 1826
a 19 5 48 261 719
a 19 1 23 330 206
a 19 3 24 426 1396
a 19 8 16 235 1375
a 19 16 23 252 1416
a 19 9 84 322 1129
a 19 2 32 530 1478
a 19 6 60 478 1601
