c fixed charge multi commodity flow
c
c problem vertices edges commodities
p fcmcf 20 220 40
c
c origin destination demand
k 13 5 71
k 3 0 32
k 16 17 78
k 18 6 40
k 5 16 53
k 6 15 80
k 16 0 57
k 10 8 72
k 9 15 57
k 6 9 73
k 7 3 36
k 16 5 22
k 14 8 93
k 8 16 95
k 15 0 27
k 17 12 37
k 1 15 33
k 5 19 94
k 18 3 19
k 1 18 59
k 0 17 17
k 1 0 91
k 2 19 53
k 6 3 73
k 13 17 55
k 15 8 71
k 5 2 92
k 10 0 32
k 12 13 46
k 8 18 69
k 3 11 27
k 0 10 36
k 18 5 37
k 12 19 13
k 12 15 71
k 7 13 15
k 8 7 48
k 13 0 71
k 4 3 96
k 7 10 30
c
c source target cost capacity fixed
a 0 1 100 2171 2052
a 0 18 79 339 862
a 0 16 21 304 1560
a 0 6 18 209 1067
a 0 17 65 161 1806
a 0 3 56 53 247
a 0 14 62 165 1847
a 0 19 27 265 1416
a 0 7 18 369 1293
a 0 2 52 348 431
a 0 10 69 92 944
a 0 9 72 343 1929
a 0 8 58 430 1970
a 0 5 50 183 370
a 1 2 100 2171 2052
a 1 9 90 265 2032
a 1 5 38 343 1703
a 1 8 49 135 1806
a 1 6 24 361 1950
a 1 0 14 404 1293
a 1 16 70 248 1991
a 1 14 69 317 370
a 1 10 63 222 2032
a 1 17 65 157 1149
a 1 18 97 161 595
a 1 19 45 96 801
a 1 11 62 422 1765
a 2 3 100 2171 2052
a 2 8 38 330 2032
a 2 13 22 270 924
a 2 17 73 109 1334
a 2 10 57 135 370
a 2 11 14 317 1396
a 2 12 29 105 206
a 2 15 91 252 1785
a 2 0 25 291 390
a 2 18 22 144 862
a 2 5 59 244 862
a 3 4 100 2171 2052
a 3 9 41 422 1991
a 3 1 44 235 1642
a 3 17 26 317 1067
a 3 14 44 356 1355
a 3 10 20 382 657
a 3 16 52 265 1888
a 3 6 36 374 739
a 3 8 14 387 452
a 4 5 100 2171 2052
a 4 8 20 48 329
a 4 12 34 382 1006
a 4 2 28 322 883
a 4 15 80 391 247
a 4 18 84 378 1170
a 4 14 17 239 1211
a 4 16 56 296 1970
a 4 10 19 135 1929
a 4 1 78 304 595
a 5 6 100 2171 2052
a 5 12 64 204 678
a 5 10 90 430 1724
a 5 7 23 53 637
a 5 13 88 296 267
a 5 14 19 378 247
a 5 2 38 343 1396
a 5 4 51 118 657
a 5 17 87 222 1909
a 5 18 15 335 1478
a 5 9 22 413 1478
a 5 16 86 83 760
a 5 8 68 348 1539
a 6 7 100 2171 2052
a 6 2 77 131 1683
a 6 12 36 300 1991
a 6 18 32 152 1088
a 6 8 22 96 985
a 6 17 27 118 595
a 6 10 80 296 1826
a 6 1 78 191 965
a 6 0 78 283 1539
a 6 15 43 170 1642
a 7 8 100 2171 2052
a 7 4 77 131 1498
a 7 6 61 348 1416
a 7 5 33 79 1478
a 7 9 18 317 1744
a 7 16 50 313 1847
a 7 15 19 291 1888
a 7 10 59 378 1478
a 7 17 35 231 1047
a 7 12 85 148 985
a 7 3 35 361 883
a 8 9 100 2171 2052
a 8 5 60 382 1416
a 8 3 99 139 1355
a 8 15 95 83 1190
a 8 16 45 161 349
a 8 7 96 413 1909
a 8 12 70 57 1334
a 8 0 13 274 390
a 8 1 80 391 1744
a 8 18 44 109 1375
a 8 2 76 365 862
a 8 11 15 287 1785
a 8 10 32 287 206
a 9 10 100 2171 2052
a 9 15 44 313 1744
a 9 11 14 287 1088
a 9 7 39 218 1765
a 9 17 15 374 1478
a 9 12 36 387 842
a 9 6 93 374 801
a 9 14 40 183 1375
a 9 18 45 378 390
a 10 11 100 2171 2052
a 10 19 38 343 1293
a 10 14 68 79 1498
a 10 6 54 387 1149
a 10 0 96 313 349
a 10 8 34 374 1826
a 10 17 24 296 944
a 10 12 12 170 452
a 10 15 48 74 1334
a 10 3 69 57 1457
a 10 13 32 152 370
a 11 12 100 2171 2052
a 11 14 83 330 267
a 11 19 63 352 308
a 11 17 50 309 1580
a 11 9 70 109 1642
a 11 16 68 196 1744
a 11 2 88 213 842
a 11 3 16 92 329
a 11 6 20 209 1334
a 11 8 19 404 1744
a 12 13 100 2171 2052
a 12 18 14 361 1724
a 12 15 78 391 1929
a 12 19 20 352 637
a 12 5 47 204 1375
a 12 14 91 157 472
a 12 8 93 257 862
a 12 7 28 191 1047
a 12 0 92 70 1929
a 13 14 100 2171 2052
a 13 9 28 317 780
a 13 4 19 417 390
a 13 3 79 413 1642
a 13 19 45 48 1478
a 13 15 82 283 1170
a 13 2 34 178 370
a 13 5 41 131 1334
a 13 7 82 191 1519
a 13 1 36 66 2011
a 13 18 15 352 1765
a 14 15 100 2171 2052
a 14 16 33 270 595
a 14 13 95 74 1765
a 14 11 93 430 329
a 14 1 52 361 1868
a 14 3 64 105 1355
a 14 12 35 339 678
a 14 10 22 248 1560
a 14 2 33 135 1847
a 14 18 98 139 883
a 14 8 28 74 1231
a 14 5 79 191 267
a 14 4 35 335 1539
a 14 17 85 356 1826
a 14 19 99 174 1683
a 15 16 100 2171 2052
a 15 4 41 209 1170
a 15 8 96 352 1190
a 15 5 82 152 1170
a 15 10 94 426 1149
a 15 18 74 105 1868
a 15 0 64 348 1088
a 15 6 11 83 1868
a 15 13 40 87 1108
a 15 14 59 369 513
a 15 17 94 257 1929
a 15 11 57 365 985
a 16 17 100 2171 2052
a 16 4 10 274 1170
a 16 13 93 270 1970
a 16 11 85 382 329
a 16 5 21 374 1396
a 16 3 34 170 1478
a 16 2 68 100 657
a 16 7 68 161 1170
a 16 14 28 274 1334
a 16 8 48 178 226
a 16 12 52 300 903
a 17 18 100 2171 2052
a 17 3 91 317 1252
a 17 6 11 118 616
a 17 0 22 430 554
a 17 19 80 287 1868
a 17 2 21 413 616
a 17 8 58 152 1929
a 18 19 100 2171 2052
a 18 11 51 413 719
a 18 0 51 165 985
a 18 15 46 235 1047
a 18 4 40 131 862
a 18 16 14 261 1273
a 18 17 53 291 1355
a 18 7 62 404 349
a 18 3 68 413 739
a 19 0 100 2171 2052
a 19 18 65 343 1601
a 19 17 29 235 1457
a 19 10 21 283 1826
a 19 5 48 131 719
a 19 1 23 165 206
a 19 3 24 213 1396
a 19 8 16 118 1375
a 19 16 23 126 1416
a 19 9 84 161 1129
a 19 2 32 265 1478
a 19 6 60 239 1601
