c fixed charge multi commodity flow
c
c problem vertices edges commodities
p fcmcf 20 220 40
c
c origin destination demand
k 13 5 71
k 3 0 32
k 16 17 78
k 18 6 40
k 5 16 53
k 6 15 80
k 16 0 57
k 10 8 72
k 9 15 57
k 6 9 73
k 7 3 36
k 16 5 22
k 14 8 93
k 8 16 95
k 15 0 27
k 17 12 37
k 1 15 33
k 5 19 94
k 18 3 19
k 1 18 59
k 0 17 17
k 1 0 91
k 2 19 53
k 6 3 73
k 13 17 55
k 15 8 71
k 5 2 92
k 10 0 32
k 12 13 46
k 8 18 69
k 3 11 27
k 0 10 36
k 18 5 37
k 12 19 13
k 12 15 71
k 7 13 15
k 8 7 48
k 13 0 71
k 4 3 96
k 7 10 30
c
c source target cost capacity fixed
a 0 1 100 2171 20517
a 0 18 79 85 8617
a 0 16 21 76 15593
a 0 6 18 53 10669
a 0 17 65 41 18055
a 0 3 56 14 2462
a 0 14 62 42 18465
a 0 19 27 67 14157
a 0 7 18 93 12926
a 0 2 52 87 4309
a 0 10 69 23 9438
a 0 9 72 86 19286
a 0 8 58 108 19696
a 0 5 50 46 3693
a 1 2 100 2171 20517
a 1 9 90 67 20312
a 1 5 38 86 17029
a 1 8 49 34 18055
a 1 6 24 91 19491
a 1 0 14 101 12926
a 1 16 70 62 19902
a 1 14 69 80 3693
a 1 10 63 56 20312
a 1 17 65 40 11490
a 1 18 97 41 5950
a 1 19 45 24 8002
a 1 11 62 106 17645
a 2 3 100 2171 20517
a 2 8 38 83 20312
a 2 13 22 68 9233
a 2 17 73 28 13336
a 2 10 57 34 3693
a 2 11 14 80 13952
a 2 12 29 27 2052
a 2 15 91 63 17850
a 2 0 25 73 3899
a 2 18 22 36 8617
a 2 5 59 61 8617
a 3 4 100 2171 20517
a 3 9 41 106 19902
a 3 1 44 59 16414
a 3 17 26 80 10669
a 3 14 44 89 13541
a 3 10 20 96 6566
a 3 16 52 67 18876
a 3 6 36 94 7386
a 3 8 14 97 4514
a 4 5 100 2171 20517
a 4 8 20 12 3283
a 4 12 34 96 10054
a 4 2 28 81 8823
a 4 15 80 98 2462
a 4 18 84 95 11695
a 4 14 17 60 12105
a 4 16 56 74 19696
a 4 10 19 34 19286
a 4 1 78 76 5950
a 5 6 100 2171 20517
a 5 12 64 51 6771
a 5 10 90 108 17234
a 5 7 23 14 6361
a 5 13 88 74 2668
a 5 14 19 95 2462
a 5 2 38 86 13952
a 5 4 51 30 6566
a 5 17 87 56 19081
a 5 18 15 84 14772
a 5 9 22 104 14772
a 5 16 86 21 7592
a 5 8 68 87 15388
a 6 7 100 2171 20517
a 6 2 77 33 16824
a 6 12 36 75 19902
a 6 18 32 38 10874
a 6 8 22 24 9848
a 6 17 27 30 5950
a 6 10 80 74 18260
a 6 1 78 48 9643
a 6 0 78 71 15388
a 6 15 43 43 16414
a 7 8 100 2171 20517
a 7 4 77 33 14978
a 7 6 61 87 14157
a 7 5 33 20 14772
a 7 9 18 80 17440
a 7 16 50 79 18465
a 7 15 19 73 18876
a 7 10 59 95 14772
a 7 17 35 58 10464
a 7 12 85 37 9848
a 7 3 35 91 8823
a 8 9 100 2171 20517
a 8 5 60 96 14157
a 8 3 99 35 13541
a 8 15 95 21 11900
a 8 16 45 41 3488
a 8 7 96 104 19081
a 8 12 70 15 13336
a 8 0 13 69 3899
a 8 1 80 98 17440
a 8 18 44 28 13747
a 8 2 76 92 8617
a 8 11 15 72 17850
a 8 10 32 72 2052
a 9 10 100 2171 20517
a 9 15 44 79 17440
a 9 11 14 72 10874
a 9 7 39 55 17645
a 9 17 15 94 14772
a 9 12 36 97 8412
a 9 6 93 94 8002
a 9 14 40 46 13747
a 9 18 45 95 3899
a 10 11 100 2171 20517
a 10 19 38 86 12926
a 10 14 68 20 14978
a 10 6 54 97 11490
a 10 0 96 79 3488
a 10 8 34 94 18260
a 10 17 24 74 9438
a 10 12 12 43 4514
a 10 15 48 19 13336
a 10 3 69 15 14567
a 10 13 32 38 3693
a 11 12 100 2171 20517
a 11 14 83 83 2668
a 11 19 63 88 3078
a 11 17 50 78 15798
a 11 9 70 28 16414
a 11 16 68 49 17440
a 11 2 88 54 8412
a 11 3 16 23 3283
a 11 6 20 53 13336
a 11 8 19 101 17440
a 12 13 100 2171 20517
a 12 18 14 91 17234
a 12 15 78 98 19286
a 12 19 20 88 6361
a 12 5 47 51 13747
a 12 14 91 40 4719
a 12 8 93 65 8617
a 12 7 28 48 10464
a 12 0 92 18 19286
a 13 14 100 2171 20517
a 13 9 28 80 7797
a 13 4 19 105 3899
a 13 3 79 104 16414
a 13 19 45 12 14772
a 13 15 82 71 11695
a 13 2 34 45 3693
a 13 5 41 33 13336
a 13 7 82 48 15183
a 13 1 36 17 20107
a 13 18 15 88 17645
a 14 15 100 2171 20517
a 14 16 33 68 5950
a 14 13 95 19 17645
a 14 11 93 108 3283
a 14 1 52 91 18671
a 14 3 64 27 13541
a 14 12 35 85 6771
a 14 10 22 62 15593
a 14 2 33 34 18465
a 14 18 98 35 8823
a 14 8 28 19 12310
a 14 5 79 48 2668
a 14 4 35 84 15388
a 14 17 85 89 18260
a 14 19 99 44 16824
a 15 16 100 2171 20517
a 15 4 41 53 11695
a 15 8 96 88 11900
a 15 5 82 38 11695
a 15 10 94 107 11490
a 15 18 74 27 18671
a 15 0 64 87 10874
a 15 6 11 21 18671
a 15 13 40 22 11079
a 15 14 59 93 5130
a 15 17 94 65 19286
a 15 11 57 92 9848
a 16 17 100 2171 20517
a 16 4 10 69 11695
a 16 13 93 68 19696
a 16 11 85 96 3283
a 16 5 21 94 13952
a 16 3 34 43 14772
a 16 2 68 25 6566
a 16 7 68 41 11695
a 16 14 28 69 13336
a 16 8 48 45 2257
a 16 12 52 75 9028
a 17 18 100 2171 20517
a 17 3 91 80 12516
a 17 6 11 30 6155
a 17 0 22 108 5540
a 17 19 80 72 18671
a 17 2 21 104 6155
a 17 8 58 38 19286
a 18 19 100 2171 20517
a 18 11 51 104 7181
a 18 0 51 42 9848
a 18 15 46 59 10464
a 18 4 40 33 8617
a 18 16 14 66 12721
a 18 17 53 73 13541
a 18 7 62 101 3488
a 18 3 68 104 7386
a 19 0 100 2171 20517
a 19 18 65 86 16003
a 19 17 29 59 14567
a 19 10 21 71 18260
a 19 5 48 33 7181
a 19 1 23 42 2052
a 19 3 24 54 13952
a 19 8 16 30 13747
a 19 16 23 32 14157
a 19 9 84 41 11285
a 19 2 32 67 14772
a 19 6 60 60 16003
