c fixed charge multi commodity flow
c
c problem vertices edges commodities
p fcmcf 20 220 100
c
c origin destination demand
k 1 11 71
k 1 4 32
k 4 10 78
k 1 5 40
k 8 5 53
k 17 4 80
k 4 5 57
k 3 1 72
k 18 10 57
k 15 4 73
k 9 12 36
k 16 12 22
k 13 7 93
k 10 1 95
k 2 13 27
k 2 6 37
k 19 18 33
k 3 6 94
k 12 0 19
k 13 1 59
k 14 5 17
k 2 11 91
k 18 5 53
k 3 19 73
k 11 8 55
k 14 19 71
k 19 13 92
k 19 5 32
k 15 2 46
k 0 11 69
k 14 15 27
k 12 7 36
k 15 7 37
k 17 6 13
k 7 16 71
k 9 18 15
k 14 0 48
k 9 13 71
k 7 9 96
k 10 2 30
k 17 8 63
k 1 7 75
k 2 1 13
k 3 8 76
k 9 1 83
k 12 9 24
k 14 13 26
k 13 10 10
k 11 12 27
k 17 9 72
k 19 8 18
k 14 4 71
k 6 8 47
k 15 9 15
k 17 15 92
k 14 10 17
k 10 17 58
k 6 13 24
k 13 18 69
k 2 9 12
k 9 10 98
k 10 18 58
k 19 3 63
k 2 16 56
k 13 17 48
k 17 18 86
k 6 15 31
k 2 5 78
k 5 7 20
k 13 19 78
k 8 4 34
k 8 11 92
k 5 13 40
k 14 9 20
k 5 11 43
k 1 3 33
k 7 15 77
k 9 0 69
k 9 11 24
k 2 17 51
k 19 17 63
k 16 4 85
k 4 8 55
k 18 16 51
k 7 6 24
k 0 7 44
k 3 2 74
k 7 13 71
k 9 14 13
k 10 4 32
k 15 19 57
k 11 10 40
k 10 12 30
k 9 8 77
k 10 13 63
k 8 6 85
k 15 13 52
k 0 4 10
k 6 5 35
k 16 15 12
c
c source target cost capacity fixed
a 0 1 100 5135 5243
a 0 3 23 32 1259
a 0 16 71 103 4876
a 0 12 60 43 4404
a 0 11 26 86 2307
a 0 15 14 48 4299
a 0 19 29 81 1049
a 0 4 53 45 997
a 0 14 28 28 4404
a 0 9 46 54 577
a 1 2 100 5135 5243
a 1 18 90 61 1783
a 1 10 14 22 1363
a 1 3 40 107 4718
a 1 12 25 108 3460
a 1 6 62 91 4666
a 1 16 85 56 1888
a 1 19 49 91 1311
a 1 9 60 61 2989
a 1 17 56 50 4614
a 1 4 44 48 2674
a 1 8 10 115 2359
a 1 11 18 33 3722
a 1 15 89 106 3827
a 2 3 100 5135 5243
a 2 15 27 55 2622
a 2 17 55 51 4718
a 2 11 69 107 5085
a 2 8 42 72 787
a 2 10 20 121 3460
a 2 12 96 89 1783
a 2 7 80 110 2989
a 2 14 26 68 2569
a 2 6 80 59 1678
a 2 0 65 92 525
a 3 4 100 5135 5243
a 3 18 54 121 2202
a 3 2 88 120 2307
a 3 11 96 87 5085
a 3 14 59 117 1730
a 3 9 98 74 2622
a 3 17 71 91 1311
a 3 0 16 20 4876
a 3 16 65 48 2674
a 3 10 22 89 3985
a 3 1 91 76 3775
a 3 8 21 44 3198
a 3 19 36 97 1626
a 3 7 25 122 2150
a 3 6 14 72 2622
a 4 5 100 5135 5243
a 4 7 77 27 4614
a 4 2 65 49 3093
a 4 11 29 92 944
a 4 0 40 13 2569
a 4 10 68 38 4876
a 4 8 25 36 682
a 4 12 57 79 5033
a 4 15 20 61 1154
a 4 14 64 28 3775
a 4 18 53 46 630
a 4 1 56 102 1363
a 5 6 100 5135 5243
a 5 2 14 121 1626
a 5 14 15 115 1573
a 5 17 35 45 3985
a 5 9 62 77 2517
a 5 10 81 110 525
a 5 12 74 51 1888
a 5 19 37 80 4981
a 5 7 84 29 1101
a 5 0 16 102 944
a 5 13 20 24 1993
a 6 7 100 5135 5243
a 6 4 62 43 2412
a 6 14 81 112 1101
a 6 11 29 92 2779
a 6 19 75 13 3985
a 6 8 91 56 2674
a 6 5 57 27 1049
a 6 12 65 96 630
a 6 2 67 49 4142
a 6 17 95 45 525
a 6 18 14 77 1259
a 7 8 100 5135 5243
a 7 18 74 58 5085
a 7 0 47 61 3303
a 7 4 66 30 4089
a 7 6 69 36 2412
a 7 11 25 56 2097
a 7 13 44 92 2255
a 7 12 20 87 2202
a 7 3 30 84 1730
a 7 9 52 79 1521
a 7 19 11 75 2936
a 7 15 72 15 4247
a 7 16 19 96 3198
a 8 9 100 5135 5243
a 8 10 58 116 1835
a 8 15 16 70 3198
a 8 6 47 122 2359
a 8 16 70 30 3146
a 8 19 50 34 3618
a 8 5 93 113 1888
a 8 14 42 99 2097
a 8 11 73 77 1363
a 8 0 14 74 3932
a 9 10 100 5135 5243
a 9 13 37 117 4404
a 9 14 48 43 1154
a 9 19 80 28 5190
a 9 1 39 111 3565
a 9 12 42 65 1888
a 9 3 60 18 997
a 9 7 62 96 1206
a 10 11 100 5135 5243
a 10 12 91 95 4194
a 10 16 60 85 4247
a 10 7 24 79 1259
a 10 0 28 15 4299
a 10 2 52 32 2779
a 10 8 69 110 1416
a 10 1 91 108 2255
a 11 12 100 5135 5243
a 11 8 37 36 3093
a 11 7 78 59 4981
a 11 3 23 91 4509
a 11 17 51 91 4404
a 11 10 52 38 3460
a 11 1 13 60 4089
a 11 14 85 38 3408
a 12 13 100 5135 5243
a 12 17 22 99 5033
a 12 1 86 72 1154
a 12 15 11 80 2831
a 12 18 81 122 1783
a 12 4 97 89 4037
a 12 11 75 15 3722
a 12 0 69 23 4876
a 12 8 38 113 577
a 12 6 34 18 4666
a 12 5 98 111 1783
a 12 3 49 13 944
a 13 14 100 5135 5243
a 13 4 97 110 1940
a 13 19 77 39 4247
a 13 2 26 71 2097
a 13 11 56 58 3775
a 13 1 64 70 2464
a 13 10 95 32 630
a 13 3 69 64 3775
a 13 18 47 44 4718
a 13 5 27 48 1993
a 14 15 100 5135 5243
a 14 17 66 58 3722
a 14 12 28 29 4771
a 14 4 44 97 787
a 14 7 98 61 4037
a 14 16 17 86 3513
a 14 13 29 102 3775
a 14 3 61 33 4247
a 14 19 80 99 892
a 14 5 66 65 5085
a 15 16 100 5135 5243
a 15 10 98 118 997
a 15 14 82 66 4771
a 15 7 78 111 2202
a 15 11 10 50 944
a 15 18 41 53 3251
a 15 2 56 44 892
a 15 5 23 15 1206
a 15 13 81 122 1259
a 15 1 81 66 5033
a 15 3 20 60 5085
a 15 17 76 44 1730
a 15 0 23 108 2150
a 15 19 36 64 4404
a 16 17 100 5135 5243
a 16 14 62 36 4404
a 16 6 84 95 1206
a 16 15 51 77 1259
a 16 3 97 27 2464
a 16 12 53 51 1468
a 16 1 70 17 1730
a 16 13 73 28 944
a 16 7 64 105 2150
a 16 19 12 66 4561
a 16 10 65 59 4509
a 16 2 66 81 1101
a 16 9 50 20 5190
a 17 18 100 5135 5243
a 17 4 45 112 2569
a 17 6 72 35 2045
a 17 10 11 123 2989
a 17 11 50 82 4876
a 17 13 94 56 734
a 17 7 83 56 5033
a 17 5 41 25 525
a 17 2 41 39 2464
a 18 19 100 5135 5243
a 18 5 56 76 3460
a 18 1 70 115 3303
a 18 3 73 110 5085
a 18 15 59 117 4666
a 18 13 13 33 1888
a 18 9 82 65 3932
a 18 2 77 72 1678
a 18 12 92 66 3303
a 18 7 55 121 1206
a 18 6 49 94 3985
a 19 0 100 5135 5243
a 19 7 49 95 4876
a 19 8 85 89 1888
a 19 2 76 77 4561
a 19 17 49 84 2097
a 19 13 73 34 2359
a 19 16 66 44 1678
a 19 15 54 99 1940
a 19 9 10 34 3093
a 19 18 26 97 1521
