c fixed charge multi commodity flow
c
c problem vertices edges commodities
p fcmcf 20 220 100
c
c origin destination demand
k 1 11 71
k 1 4 32
k 4 10 78
k 1 5 40
k 8 5 53
k 17 4 80
k 4 5 57
k 3 1 72
k 18 10 57
k 15 4 73
k 9 12 36
k 16 12 22
k 13 7 93
k 10 1 95
k 2 13 27
k 2 6 37
k 19 18 33
k 3 6 94
k 12 0 19
k 13 1 59
k 14 5 17
k 2 11 91
k 18 5 53
k 3 19 73
k 11 8 55
k 14 19 71
k 19 13 92
k 19 5 32
k 15 2 46
k 0 11 69
k 14 15 27
k 12 7 36
k 15 7 37
k 17 6 13
k 7 16 71
k 9 18 15
k 14 0 48
k 9 13 71
k 7 9 96
k 10 2 30
k 17 8 63
k 1 7 75
k 2 1 13
k 3 8 76
k 9 1 83
k 12 9 24
k 14 13 26
k 13 10 10
k 11 12 27
k 17 9 72
k 19 8 18
k 14 4 71
k 6 8 47
k 15 9 15
k 17 15 92
k 14 10 17
k 10 17 58
k 6 13 24
k 13 18 69
k 2 9 12
k 9 10 98
k 10 18 58
k 19 3 63
k 2 16 56
k 13 17 48
k 17 18 86
k 6 15 31
k 2 5 78
k 5 7 20
k 13 19 78
k 8 4 34
k 8 11 92
k 5 13 40
k 14 9 20
k 5 11 43
k 1 3 33
k 7 15 77
k 9 0 69
k 9 11 24
k 2 17 51
k 19 17 63
k 16 4 85
k 4 8 55
k 18 16 51
k 7 6 24
k 0 7 44
k 3 2 74
k 7 13 71
k 9 14 13
k 10 4 32
k 15 19 57
k 11 10 40
k 10 12 30
k 9 8 77
k 10 13 63
k 8 6 85
k 15 13 52
k 0 4 10
k 6 5 35
k 16 15 12
c
c source target cost capacity fixed
a 0 1 100 5135 52422
a 0 3 23 249 12582
a 0 16 71 824 48752
a 0 12 60 338 44034
a 0 11 26 685 23066
a 0 15 14 378 42986
a 0 19 29 646 10485
a 0 4 53 358 9961
a 0 14 28 219 44034
a 0 9 46 427 5767
a 1 2 100 5135 52422
a 1 18 90 487 17824
a 1 10 14 169 13630
a 1 3 40 854 47180
a 1 12 25 864 34598
a 1 6 62 725 46655
a 1 16 85 447 18872
a 1 19 49 725 13106
a 1 9 60 487 29881
a 1 17 56 398 46131
a 1 4 44 378 26735
a 1 8 10 914 23590
a 1 11 18 259 37220
a 1 15 89 844 38268
a 2 3 100 5135 52422
a 2 15 27 437 26211
a 2 17 55 407 47180
a 2 11 69 854 50849
a 2 8 42 576 7864
a 2 10 20 963 34598
a 2 12 96 705 17824
a 2 7 80 874 29881
a 2 14 26 537 25687
a 2 6 80 467 16775
a 2 0 65 735 5243
a 3 4 100 5135 52422
a 3 18 54 963 22017
a 3 2 88 953 23066
a 3 11 96 695 50849
a 3 14 59 934 17299
a 3 9 98 586 26211
a 3 17 71 725 13106
a 3 0 16 159 48752
a 3 16 65 378 26735
a 3 10 22 705 39841
a 3 1 91 606 37744
a 3 8 21 348 31977
a 3 19 36 775 16251
a 3 7 25 973 21493
a 3 6 14 576 26211
a 4 5 100 5135 52422
a 4 7 77 209 46131
a 4 2 65 388 30929
a 4 11 29 735 9436
a 4 0 40 100 25687
a 4 10 68 298 48752
a 4 8 25 288 6815
a 4 12 57 626 50325
a 4 15 20 487 11533
a 4 14 64 219 37744
a 4 18 53 368 6291
a 4 1 56 814 13630
a 5 6 100 5135 52422
a 5 2 14 963 16251
a 5 14 15 914 15727
a 5 17 35 358 39841
a 5 9 62 616 25163
a 5 10 81 874 5243
a 5 12 74 407 18872
a 5 19 37 636 49801
a 5 7 84 229 11009
a 5 0 16 814 9436
a 5 13 20 189 19921
a 6 7 100 5135 52422
a 6 4 62 338 24114
a 6 14 81 894 11009
a 6 11 29 735 27784
a 6 19 75 100 39841
a 6 8 91 447 26735
a 6 5 57 209 10485
a 6 12 65 765 6291
a 6 2 67 388 41413
a 6 17 95 358 5243
a 6 18 14 616 12582
a 7 8 100 5135 52422
a 7 18 74 457 50849
a 7 0 47 487 33026
a 7 4 66 239 40889
a 7 6 69 288 24114
a 7 11 25 447 20969
a 7 13 44 735 22542
a 7 12 20 695 22017
a 7 3 30 666 17299
a 7 9 52 626 15203
a 7 19 11 596 29356
a 7 15 72 120 42462
a 7 16 19 765 31977
a 8 9 100 5135 52422
a 8 10 58 924 18348
a 8 15 16 556 31977
a 8 6 47 973 23590
a 8 16 70 239 31453
a 8 19 50 269 36171
a 8 5 93 904 18872
a 8 14 42 785 20969
a 8 11 73 616 13630
a 8 0 14 586 39316
a 9 10 100 5135 52422
a 9 13 37 934 44034
a 9 14 48 338 11533
a 9 19 80 219 51897
a 9 1 39 884 35647
a 9 12 42 517 18872
a 9 3 60 139 9961
a 9 7 62 765 12057
a 10 11 100 5135 52422
a 10 12 91 755 41937
a 10 16 60 675 42462
a 10 7 24 626 12582
a 10 0 28 120 42986
a 10 2 52 249 27784
a 10 8 69 874 14154
a 10 1 91 864 22542
a 11 12 100 5135 52422
a 11 8 37 288 30929
a 11 7 78 467 49801
a 11 3 23 725 45083
a 11 17 51 725 44034
a 11 10 52 298 34598
a 11 1 13 477 40889
a 11 14 85 298 34074
a 12 13 100 5135 52422
a 12 17 22 785 50325
a 12 1 86 576 11533
a 12 15 11 636 28308
a 12 18 81 973 17824
a 12 4 97 705 40365
a 12 11 75 120 37220
a 12 0 69 179 48752
a 12 8 38 904 5767
a 12 6 34 139 46655
a 12 5 98 884 17824
a 12 3 49 100 9436
a 13 14 100 5135 52422
a 13 4 97 874 19396
a 13 19 77 308 42462
a 13 2 26 566 20969
a 13 11 56 457 37744
a 13 1 64 556 24638
a 13 10 95 249 6291
a 13 3 69 507 37744
a 13 18 47 348 47180
a 13 5 27 378 19921
a 14 15 100 5135 52422
a 14 17 66 457 37220
a 14 12 28 229 47704
a 14 4 44 775 7864
a 14 7 98 487 40365
a 14 16 17 685 35123
a 14 13 29 814 37744
a 14 3 61 259 42462
a 14 19 80 785 8912
a 14 5 66 517 50849
a 15 16 100 5135 52422
a 15 10 98 944 9961
a 15 14 82 527 47704
a 15 7 78 884 22017
a 15 11 10 398 9436
a 15 18 41 417 32502
a 15 2 56 348 8912
a 15 5 23 120 12057
a 15 13 81 973 12582
a 15 1 81 527 50325
a 15 3 20 477 50849
a 15 17 76 348 17299
a 15 0 23 864 21493
a 15 19 36 507 44034
a 16 17 100 5135 52422
a 16 14 62 288 44034
a 16 6 84 755 12057
a 16 15 51 616 12582
a 16 3 97 209 24638
a 16 12 53 407 14678
a 16 1 70 130 17299
a 16 13 73 219 9436
a 16 7 64 834 21493
a 16 19 12 527 45607
a 16 10 65 467 45083
a 16 2 66 646 11009
a 16 9 50 159 51897
a 17 18 100 5135 52422
a 17 4 45 894 25687
a 17 6 72 278 20445
a 17 10 11 983 29881
a 17 11 50 656 48752
a 17 13 94 447 7339
a 17 7 83 447 50325
a 17 5 41 199 5243
a 17 2 41 308 24638
a 18 19 100 5135 52422
a 18 5 56 606 34598
a 18 1 70 914 33026
a 18 3 73 874 50849
a 18 15 59 934 46655
a 18 13 13 259 18872
a 18 9 82 517 39316
a 18 2 77 576 16775
a 18 12 92 527 33026
a 18 7 55 963 12057
a 18 6 49 745 39841
a 19 0 100 5135 52422
a 19 7 49 755 48752
a 19 8 85 705 18872
a 19 2 76 616 45607
a 19 17 49 666 20969
a 19 13 73 269 23590
a 19 16 66 348 16775
a 19 15 54 785 19396
a 19 9 10 269 30929
a 19 18 26 775 15203
