c fixed charge multi commodity flow
c
c problem vertices edges commodities
p fcmcf 20 220 100
c
c origin destination demand
k 1 11 71
k 1 4 32
k 4 10 78
k 1 5 40
k 8 5 53
k 17 4 80
k 4 5 57
k 3 1 72
k 18 10 57
k 15 4 73
k 9 12 36
k 16 12 22
k 13 7 93
k 10 1 95
k 2 13 27
k 2 6 37
k 19 18 33
k 3 6 94
k 12 0 19
k 13 1 59
k 14 5 17
k 2 11 91
k 18 5 53
k 3 19 73
k 11 8 55
k 14 19 71
k 19 13 92
k 19 5 32
k 15 2 46
k 0 11 69
k 14 15 27
k 12 7 36
k 15 7 37
k 17 6 13
k 7 16 71
k 9 18 15
k 14 0 48
k 9 13 71
k 7 9 96
k 10 2 30
k 17 8 63
k 1 7 75
k 2 1 13
k 3 8 76
k 9 1 83
k 12 9 24
k 14 13 26
k 13 10 10
k 11 12 27
k 17 9 72
k 19 8 18
k 14 4 71
k 6 8 47
k 15 9 15
k 17 15 92
k 14 10 17
k 10 17 58
k 6 13 24
k 13 18 69
k 2 9 12
k 9 10 98
k 10 18 58
k 19 3 63
k 2 16 56
k 13 17 48
k 17 18 86
k 6 15 31
k 2 5 78
k 5 7 20
k 13 19 78
k 8 4 34
k 8 11 92
k 5 13 40
k 14 9 20
k 5 11 43
k 1 3 33
k 7 15 77
k 9 0 69
k 9 11 24
k 2 17 51
k 19 17 63
k 16 4 85
k 4 8 55
k 18 16 51
k 7 6 24
k 0 7 44
k 3 2 74
k 7 13 71
k 9 14 13
k 10 4 32
k 15 19 57
k 11 10 40
k 10 12 30
k 9 8 77
k 10 13 63
k 8 6 85
k 15 13 52
k 0 4 10
k 6 5 35
k 16 15 12
c
c source target cost capacity fixed
a 0 1 100 5135 52422
a 0 3 23 125 12582
a 0 16 71 412 48752
a 0 12 60 169 44034
a 0 11 26 343 23066
a 0 15 14 189 42986
a 0 19 29 323 10485
a 0 4 53 179 9961
a 0 14 28 110 44034
a 0 9 46 214 5767
a 1 2 100 5135 52422
a 1 18 90 244 17824
a 1 10 14 85 13630
a 1 3 40 427 47180
a 1 12 25 432 34598
a 1 6 62 363 46655
a 1 16 85 224 18872
a 1 19 49 363 13106
a 1 9 60 244 29881
a 1 17 56 199 46131
a 1 4 44 189 26735
a 1 8 10 457 23590
a 1 11 18 130 37220
a 1 15 89 422 38268
a 2 3 100 5135 52422
a 2 15 27 219 26211
a 2 17 55 204 47180
a 2 11 69 427 50849
a 2 8 42 288 7864
a 2 10 20 482 34598
a 2 12 96 353 17824
a 2 7 80 437 29881
a 2 14 26 269 25687
a 2 6 80 234 16775
a 2 0 65 368 5243
a 3 4 100 5135 52422
a 3 18 54 482 22017
a 3 2 88 477 23066
a 3 11 96 348 50849
a 3 14 59 467 17299
a 3 9 98 293 26211
a 3 17 71 363 13106
a 3 0 16 80 48752
a 3 16 65 189 26735
a 3 10 22 353 39841
a 3 1 91 303 37744
a 3 8 21 174 31977
a 3 19 36 388 16251
a 3 7 25 487 21493
a 3 6 14 288 26211
a 4 5 100 5135 52422
a 4 7 77 105 46131
a 4 2 65 194 30929
a 4 11 29 368 9436
a 4 0 40 50 25687
a 4 10 68 149 48752
a 4 8 25 144 6815
a 4 12 57 313 50325
a 4 15 20 244 11533
a 4 14 64 110 37744
a 4 18 53 184 6291
a 4 1 56 407 13630
a 5 6 100 5135 52422
a 5 2 14 482 16251
a 5 14 15 457 15727
a 5 17 35 179 39841
a 5 9 62 308 25163
a 5 10 81 437 5243
a 5 12 74 204 18872
a 5 19 37 318 49801
a 5 7 84 115 11009
a 5 0 16 407 9436
a 5 13 20 95 19921
a 6 7 100 5135 52422
a 6 4 62 169 24114
a 6 14 81 447 11009
a 6 11 29 368 27784
a 6 19 75 50 39841
a 6 8 91 224 26735
a 6 5 57 105 10485
a 6 12 65 383 6291
a 6 2 67 194 41413
a 6 17 95 179 5243
a 6 18 14 308 12582
a 7 8 100 5135 52422
a 7 18 74 229 50849
a 7 0 47 244 33026
a 7 4 66 120 40889
a 7 6 69 144 24114
a 7 11 25 224 20969
a 7 13 44 368 22542
a 7 12 20 348 22017
a 7 3 30 333 17299
a 7 9 52 313 15203
a 7 19 11 298 29356
a 7 15 72 60 42462
a 7 16 19 383 31977
a 8 9 100 5135 52422
a 8 10 58 462 18348
a 8 15 16 278 31977
a 8 6 47 487 23590
a 8 16 70 120 31453
a 8 19 50 135 36171
a 8 5 93 452 18872
a 8 14 42 393 20969
a 8 11 73 308 13630
a 8 0 14 293 39316
a 9 10 100 5135 52422
a 9 13 37 467 44034
a 9 14 48 169 11533
a 9 19 80 110 51897
a 9 1 39 442 35647
a 9 12 42 259 18872
a 9 3 60 70 9961
a 9 7 62 383 12057
a 10 11 100 5135 52422
a 10 12 91 378 41937
a 10 16 60 338 42462
a 10 7 24 313 12582
a 10 0 28 60 42986
a 10 2 52 125 27784
a 10 8 69 437 14154
a 10 1 91 432 22542
a 11 12 100 5135 52422
a 11 8 37 144 30929
a 11 7 78 234 49801
a 11 3 23 363 45083
a 11 17 51 363 44034
a 11 10 52 149 34598
a 11 1 13 239 40889
a 11 14 85 149 34074
a 12 13 100 5135 52422
a 12 17 22 393 50325
a 12 1 86 288 11533
a 12 15 11 318 28308
a 12 18 81 487 17824
a 12 4 97 353 40365
a 12 11 75 60 37220
a 12 0 69 90 48752
a 12 8 38 452 5767
a 12 6 34 70 46655
a 12 5 98 442 17824
a 12 3 49 50 9436
a 13 14 100 5135 52422
a 13 4 97 437 19396
a 13 19 77 154 42462
a 13 2 26 283 20969
a 13 11 56 229 37744
a 13 1 64 278 24638
a 13 10 95 125 6291
a 13 3 69 254 37744
a 13 18 47 174 47180
a 13 5 27 189 19921
a 14 15 100 5135 52422
a 14 17 66 229 37220
a 14 12 28 115 47704
a 14 4 44 388 7864
a 14 7 98 244 40365
a 14 16 17 343 35123
a 14 13 29 407 37744
a 14 3 61 130 42462
a 14 19 80 393 8912
a 14 5 66 259 50849
a 15 16 100 5135 52422
a 15 10 98 472 9961
a 15 14 82 264 47704
a 15 7 78 442 22017
a 15 11 10 199 9436
a 15 18 41 209 32502
a 15 2 56 174 8912
a 15 5 23 60 12057
a 15 13 81 487 12582
a 15 1 81 264 50325
a 15 3 20 239 50849
a 15 17 76 174 17299
a 15 0 23 432 21493
a 15 19 36 254 44034
a 16 17 100 5135 52422
a 16 14 62 144 44034
a 16 6 84 378 12057
a 16 15 51 308 12582
a 16 3 97 105 24638
a 16 12 53 204 14678
a 16 1 70 65 17299
a 16 13 73 110 9436
a 16 7 64 417 21493
a 16 19 12 264 45607
a 16 10 65 234 45083
a 16 2 66 323 11009
a 16 9 50 80 51897
a 17 18 100 5135 52422
a 17 4 45 447 25687
a 17 6 72 139 20445
a 17 10 11 492 29881
a 17 11 50 328 48752
a 17 13 94 224 7339
a 17 7 83 224 50325
a 17 5 41 100 5243
a 17 2 41 154 24638
a 18 19 100 5135 52422
a 18 5 56 303 34598
a 18 1 70 457 33026
a 18 3 73 437 50849
a 18 15 59 467 46655
a 18 13 13 130 18872
a 18 9 82 259 39316
a 18 2 77 288 16775
a 18 12 92 264 33026
a 18 7 55 482 12057
a 18 6 49 373 39841
a 19 0 100 5135 52422
a 19 7 49 378 48752
a 19 8 85 353 18872
a 19 2 76 308 45607
a 19 17 49 333 20969
a 19 13 73 135 23590
a 19 16 66 174 16775
a 19 15 54 393 19396
a 19 9 10 135 30929
a 19 18 26 388 15203
