c fixed charge multi commodity flow
c
c problem vertices edges commodities
p fcmcf 20 220 100
c
c origin destination demand
k 1 11 71
k 1 4 32
k 4 10 78
k 1 5 40
k 8 5 53
k 17 4 80
k 4 5 57
k 3 1 72
k 18 10 57
k 15 4 73
k 9 12 36
k 16 12 22
k 13 7 93
k 10 1 95
k 2 13 27
k 2 6 37
k 19 18 33
k 3 6 94
k 12 0 19
k 13 1 59
k 14 5 17
k 2 11 91
k 18 5 53
k 3 19 73
k 11 8 55
k 14 19 71
k 19 13 92
k 19 5 32
k 15 2 46
k 0 11 69
k 14 15 27
k 12 7 36
k 15 7 37
k 17 6 13
k 7 16 71
k 9 18 15
k 14 0 48
k 9 13 71
k 7 9 96
k 10 2 30
k 17 8 63
k 1 7 75
k 2 1 13
k 3 8 76
k 9 1 83
k 12 9 24
k 14 13 26
k 13 10 10
k 11 12 27
k 17 9 72
k 19 8 18
k 14 4 71
k 6 8 47
k 15 9 15
k 17 15 92
k 14 10 17
k 10 17 58
k 6 13 24
k 13 18 69
k 2 9 12
k 9 10 98
k 10 18 58
k 19 3 63
k 2 16 56
k 13 17 48
k 17 18 86
k 6 15 31
k 2 5 78
k 5 7 20
k 13 19 78
k 8 4 34
k 8 11 92
k 5 13 40
k 14 9 20
k 5 11 43
k 1 3 33
k 7 15 77
k 9 0 69
k 9 11 24
k 2 17 51
k 19 17 63
k 16 4 85
k 4 8 55
k 18 16 51
k 7 6 24
k 0 7 44
k 3 2 74
k 7 13 71
k 9 14 13
k 10 4 32
k 15 19 57
k 11 10 40
k 10 12 30
k 9 8 77
k 10 13 63
k 8 6 85
k 15 13 52
k 0 4 10
k 6 5 35
k 16 15 12
c
c source target cost capacity fixed
a 0 1 100 5135 5243
a 0 3 23 249 1259
a 0 16 71 824 4876
a 0 12 60 338 4404
a 0 11 26 685 2307
a 0 15 14 378 4299
a 0 19 29 646 1049
a 0 4 53 358 997
a 0 14 28 219 4404
a 0 9 46 427 577
a 1 2 100 5135 5243
a 1 18 90 487 1783
a 1 10 14 169 1363
a 1 3 40 854 4718
a 1 12 25 864 3460
a 1 6 62 725 4666
a 1 16 85 447 1888
a 1 19 49 725 1311
a 1 9 60 487 2989
a 1 17 56 398 4614
a 1 4 44 378 2674
a 1 8 10 914 2359
a 1 11 18 259 3722
a 1 15 89 844 3827
a 2 3 100 5135 5243
a 2 15 27 437 2622
a 2 17 55 407 4718
a 2 11 69 854 5085
a 2 8 42 576 787
a 2 10 20 963 3460
a 2 12 96 705 1783
a 2 7 80 874 2989
a 2 14 26 537 2569
a 2 6 80 467 1678
a 2 0 65 735 525
a 3 4 100 5135 5243
a 3 18 54 963 2202
a 3 2 88 953 2307
a 3 11 96 695 5085
a 3 14 59 934 1730
a 3 9 98 586 2622
a 3 17 71 725 1311
a 3 0 16 159 4876
a 3 16 65 378 2674
a 3 10 22 705 3985
a 3 1 91 606 3775
a 3 8 21 348 3198
a 3 19 36 775 1626
a 3 7 25 973 2150
a 3 6 14 576 2622
a 4 5 100 5135 5243
a 4 7 77 209 4614
a 4 2 65 388 3093
a 4 11 29 735 944
a 4 0 40 100 2569
a 4 10 68 298 4876
a 4 8 25 288 682
a 4 12 57 626 5033
a 4 15 20 487 1154
a 4 14 64 219 3775
a 4 18 53 368 630
a 4 1 56 814 1363
a 5 6 100 5135 5243
a 5 2 14 963 1626
a 5 14 15 914 1573
a 5 17 35 358 3985
a 5 9 62 616 2517
a 5 10 81 874 525
a 5 12 74 407 1888
a 5 19 37 636 4981
a 5 7 84 229 1101
a 5 0 16 814 944
a 5 13 20 189 1993
a 6 7 100 5135 5243
a 6 4 62 338 2412
a 6 14 81 894 1101
a 6 11 29 735 2779
a 6 19 75 100 3985
a 6 8 91 447 2674
a 6 5 57 209 1049
a 6 12 65 765 630
a 6 2 67 388 4142
a 6 17 95 358 525
a 6 18 14 616 1259
a 7 8 100 5135 5243
a 7 18 74 457 5085
a 7 0 47 487 3303
a 7 4 66 239 4089
a 7 6 69 288 2412
a 7 11 25 447 2097
a 7 13 44 735 2255
a 7 12 20 695 2202
a 7 3 30 666 1730
a 7 9 52 626 1521
a 7 19 11 596 2936
a 7 15 72 120 4247
a 7 16 19 765 3198
a 8 9 100 5135 5243
a 8 10 58 924 1835
a 8 15 16 556 3198
a 8 6 47 973 2359
a 8 16 70 239 3146
a 8 19 50 269 3618
a 8 5 93 904 1888
a 8 14 42 785 2097
a 8 11 73 616 1363
a 8 0 14 586 3932
a 9 10 100 5135 5243
a 9 13 37 934 4404
a 9 14 48 338 1154
a 9 19 80 219 5190
a 9 1 39 884 3565
a 9 12 42 517 1888
a 9 3 60 139 997
a 9 7 62 765 1206
a 10 11 100 5135 5243
a 10 12 91 755 4194
a 10 16 60 675 4247
a 10 7 24 626 1259
a 10 0 28 120 4299
a 10 2 52 249 2779
a 10 8 69 874 1416
a 10 1 91 864 2255
a 11 12 100 5135 5243
a 11 8 37 288 3093
a 11 7 78 467 4981
a 11 3 23 725 4509
a 11 17 51 725 4404
a 11 10 52 298 3460
a 11 1 13 477 4089
a 11 14 85 298 3408
a 12 13 100 5135 5243
a 12 17 22 785 5033
a 12 1 86 576 1154
a 12 15 11 636 2831
a 12 18 81 973 1783
a 12 4 97 705 4037
a 12 11 75 120 3722
a 12 0 69 179 4876
a 12 8 38 904 577
a 12 6 34 139 4666
a 12 5 98 884 1783
a 12 3 49 100 944
a 13 14 100 5135 5243
a 13 4 97 874 1940
a 13 19 77 308 4247
a 13 2 26 566 2097
a 13 11 56 457 3775
a 13 1 64 556 2464
a 13 10 95 249 630
a 13 3 69 507 3775
a 13 18 47 348 4718
a 13 5 27 378 1993
a 14 15 100 5135 5243
a 14 17 66 457 3722
a 14 12 28 229 4771
a 14 4 44 775 787
a 14 7 98 487 4037
a 14 16 17 685 3513
a 14 13 29 814 3775
a 14 3 61 259 4247
a 14 19 80 785 892
a 14 5 66 517 5085
a 15 16 100 5135 5243
a 15 10 98 944 997
a 15 14 82 527 4771
a 15 7 78 884 2202
a 15 11 10 398 944
a 15 18 41 417 3251
a 15 2 56 348 892
a 15 5 23 120 1206
a 15 13 81 973 1259
a 15 1 81 527 5033
a 15 3 20 477 5085
a 15 17 76 348 1730
a 15 0 23 864 2150
a 15 19 36 507 4404
a 16 17 100 5135 5243
a 16 14 62 288 4404
a 16 6 84 755 1206
a 16 15 51 616 1259
a 16 3 97 209 2464
a 16 12 53 407 1468
a 16 1 70 130 1730
a 16 13 73 219 944
a 16 7 64 834 2150
a 16 19 12 527 4561
a 16 10 65 467 4509
a 16 2 66 646 1101
a 16 9 50 159 5190
a 17 18 100 5135 5243
a 17 4 45 894 2569
a 17 6 72 278 2045
a 17 10 11 983 2989
a 17 11 50 656 4876
a 17 13 94 447 734
a 17 7 83 447 5033
a 17 5 41 199 525
a 17 2 41 308 2464
a 18 19 100 5135 5243
a 18 5 56 606 3460
a 18 1 70 914 3303
a 18 3 73 874 5085
a 18 15 59 934 4666
a 18 13 13 259 1888
a 18 9 82 517 3932
a 18 2 77 576 1678
a 18 12 92 527 3303
a 18 7 55 963 1206
a 18 6 49 745 3985
a 19 0 100 5135 5243
a 19 7 49 755 4876
a 19 8 85 705 1888
a 19 2 76 616 4561
a 19 17 49 666 2097
a 19 13 73 269 2359
a 19 16 66 348 1678
a 19 15 54 785 1940
a 19 9 10 269 3093
a 19 18 26 775 1521
