c fixed charge multi commodity flow
c
c problem vertices edges commodities
p fcmcf 20 220 100
c
c origin destination demand
k 1 11 71
k 1 4 32
k 4 10 78
k 1 5 40
k 8 5 53
k 17 4 80
k 4 5 57
k 3 1 72
k 18 10 57
k 15 4 73
k 9 12 36
k 16 12 22
k 13 7 93
k 10 1 95
k 2 13 27
k 2 6 37
k 19 18 33
k 3 6 94
k 12 0 19
k 13 1 59
k 14 5 17
k 2 11 91
k 18 5 53
k 3 19 73
k 11 8 55
k 14 19 71
k 19 13 92
k 19 5 32
k 15 2 46
k 0 11 69
k 14 15 27
k 12 7 36
k 15 7 37
k 17 6 13
k 7 16 71
k 9 18 15
k 14 0 48
k 9 13 71
k 7 9 96
k 10 2 30
k 17 8 63
k 1 7 75
k 2 1 13
k 3 8 76
k 9 1 83
k 12 9 24
k 14 13 26
k 13 10 10
k 11 12 27
k 17 9 72
k 19 8 18
k 14 4 71
k 6 8 47
k 15 9 15
k 17 15 92
k 14 10 17
k 10 17 58
k 6 13 24
k 13 18 69
k 2 9 12
k 9 10 98
k 10 18 58
k 19 3 63
k 2 16 56
k 13 17 48
k 17 18 86
k 6 15 31
k 2 5 78
k 5 7 20
k 13 19 78
k 8 4 34
k 8 11 92
k 5 13 40
k 14 9 20
k 5 11 43
k 1 3 33
k 7 15 77
k 9 0 69
k 9 11 24
k 2 17 51
k 19 17 63
k 16 4 85
k 4 8 55
k 18 16 51
k 7 6 24
k 0 7 44
k 3 2 74
k 7 13 71
k 9 14 13
k 10 4 32
k 15 19 57
k 11 10 40
k 10 12 30
k 9 8 77
k 10 13 63
k 8 6 85
k 15 13 52
k 0 4 10
k 6 5 35
k 16 15 12
c
c source target cost capacity fixed
a 0 1 100 5135 26211
a 0 3 23 249 6291
a 0 16 71 824 24376
a 0 12 60 338 22017
a 0 11 26 685 11533
a 0 15 14 378 21493
a 0 19 29 646 5243
a 0 4 53 358 4981
a 0 14 28 219 22017
a 0 9 46 427 2884
a 1 2 100 5135 26211
a 1 18 90 487 8912
a 1 10 14 169 6815
a 1 3 40 854 23590
a 1 12 25 864 17299
a 1 6 62 725 23328
a 1 16 85 447 9436
a 1 19 49 725 6553
a 1 9 60 487 14941
a 1 17 56 398 23066
a 1 4 44 378 13368
a 1 8 10 914 11795
a 1 11 18 259 18610
a 1 15 89 844 19134
a 2 3 100 5135 26211
a 2 15 27 437 13106
a 2 17 55 407 23590
a 2 11 69 854 25425
a 2 8 42 576 3932
a 2 10 20 963 17299
a 2 12 96 705 8912
a 2 7 80 874 14941
a 2 14 26 537 12844
a 2 6 80 467 8388
a 2 0 65 735 2622
a 3 4 100 5135 26211
a 3 18 54 963 11009
a 3 2 88 953 11533
a 3 11 96 695 25425
a 3 14 59 934 8650
a 3 9 98 586 13106
a 3 17 71 725 6553
a 3 0 16 159 24376
a 3 16 65 378 13368
a 3 10 22 705 19921
a 3 1 91 606 18872
a 3 8 21 348 15989
a 3 19 36 775 8126
a 3 7 25 973 10747
a 3 6 14 576 13106
a 4 5 100 5135 26211
a 4 7 77 209 23066
a 4 2 65 388 15465
a 4 11 29 735 4718
a 4 0 40 100 12844
a 4 10 68 298 24376
a 4 8 25 288 3408
a 4 12 57 626 25163
a 4 15 20 487 5767
a 4 14 64 219 18872
a 4 18 53 368 3146
a 4 1 56 814 6815
a 5 6 100 5135 26211
a 5 2 14 963 8126
a 5 14 15 914 7864
a 5 17 35 358 19921
a 5 9 62 616 12582
a 5 10 81 874 2622
a 5 12 74 407 9436
a 5 19 37 636 24901
a 5 7 84 229 5505
a 5 0 16 814 4718
a 5 13 20 189 9961
a 6 7 100 5135 26211
a 6 4 62 338 12057
a 6 14 81 894 5505
a 6 11 29 735 13892
a 6 19 75 100 19921
a 6 8 91 447 13368
a 6 5 57 209 5243
a 6 12 65 765 3146
a 6 2 67 388 20707
a 6 17 95 358 2622
a 6 18 14 616 6291
a 7 8 100 5135 26211
a 7 18 74 457 25425
a 7 0 47 487 16513
a 7 4 66 239 20445
a 7 6 69 288 12057
a 7 11 25 447 10485
a 7 13 44 735 11271
a 7 12 20 695 11009
a 7 3 30 666 8650
a 7 9 52 626 7602
a 7 19 11 596 14678
a 7 15 72 120 21231
a 7 16 19 765 15989
a 8 9 100 5135 26211
a 8 10 58 924 9174
a 8 15 16 556 15989
a 8 6 47 973 11795
a 8 16 70 239 15727
a 8 19 50 269 18086
a 8 5 93 904 9436
a 8 14 42 785 10485
a 8 11 73 616 6815
a 8 0 14 586 19658
a 9 10 100 5135 26211
a 9 13 37 934 22017
a 9 14 48 338 5767
a 9 19 80 219 25949
a 9 1 39 884 17824
a 9 12 42 517 9436
a 9 3 60 139 4981
a 9 7 62 765 6029
a 10 11 100 5135 26211
a 10 12 91 755 20969
a 10 16 60 675 21231
a 10 7 24 626 6291
a 10 0 28 120 21493
a 10 2 52 249 13892
a 10 8 69 874 7077
a 10 1 91 864 11271
a 11 12 100 5135 26211
a 11 8 37 288 15465
a 11 7 78 467 24901
a 11 3 23 725 22542
a 11 17 51 725 22017
a 11 10 52 298 17299
a 11 1 13 477 20445
a 11 14 85 298 17037
a 12 13 100 5135 26211
a 12 17 22 785 25163
a 12 1 86 576 5767
a 12 15 11 636 14154
a 12 18 81 973 8912
a 12 4 97 705 20183
a 12 11 75 120 18610
a 12 0 69 179 24376
a 12 8 38 904 2884
a 12 6 34 139 23328
a 12 5 98 884 8912
a 12 3 49 100 4718
a 13 14 100 5135 26211
a 13 4 97 874 9698
a 13 19 77 308 21231
a 13 2 26 566 10485
a 13 11 56 457 18872
a 13 1 64 556 12319
a 13 10 95 249 3146
a 13 3 69 507 18872
a 13 18 47 348 23590
a 13 5 27 378 9961
a 14 15 100 5135 26211
a 14 17 66 457 18610
a 14 12 28 229 23852
a 14 4 44 775 3932
a 14 7 98 487 20183
a 14 16 17 685 17562
a 14 13 29 814 18872
a 14 3 61 259 21231
a 14 19 80 785 4456
a 14 5 66 517 25425
a 15 16 100 5135 26211
a 15 10 98 944 4981
a 15 14 82 527 23852
a 15 7 78 884 11009
a 15 11 10 398 4718
a 15 18 41 417 16251
a 15 2 56 348 4456
a 15 5 23 120 6029
a 15 13 81 973 6291
a 15 1 81 527 25163
a 15 3 20 477 25425
a 15 17 76 348 8650
a 15 0 23 864 10747
a 15 19 36 507 22017
a 16 17 100 5135 26211
a 16 14 62 288 22017
a 16 6 84 755 6029
a 16 15 51 616 6291
a 16 3 97 209 12319
a 16 12 53 407 7339
a 16 1 70 130 8650
a 16 13 73 219 4718
a 16 7 64 834 10747
a 16 19 12 527 22804
a 16 10 65 467 22542
a 16 2 66 646 5505
a 16 9 50 159 25949
a 17 18 100 5135 26211
a 17 4 45 894 12844
a 17 6 72 278 10223
a 17 10 11 983 14941
a 17 11 50 656 24376
a 17 13 94 447 3670
a 17 7 83 447 25163
a 17 5 41 199 2622
a 17 2 41 308 12319
a 18 19 100 5135 26211
a 18 5 56 606 17299
a 18 1 70 914 16513
a 18 3 73 874 25425
a 18 15 59 934 23328
a 18 13 13 259 9436
a 18 9 82 517 19658
a 18 2 77 576 8388
a 18 12 92 527 16513
a 18 7 55 963 6029
a 18 6 49 745 19921
a 19 0 100 5135 26211
a 19 7 49 755 24376
a 19 8 85 705 9436
a 19 2 76 616 22804
a 19 17 49 666 10485
a 19 13 73 269 11795
a 19 16 66 348 8388
a 19 15 54 785 9698
a 19 9 10 269 15465
a 19 18 26 775 7602
