c fixed charge multi commodity flow
c
c problem vertices edges commodities
p fcmcf 20 220 100
c
c origin destination demand
k 1 11 71
k 1 4 32
k 4 10 78
k 1 5 40
k 8 5 53
k 17 4 80
k 4 5 57
k 3 1 72
k 18 10 57
k 15 4 73
k 9 12 36
k 16 12 22
k 13 7 93
k 10 1 95
k 2 13 27
k 2 6 37
k 19 18 33
k 3 6 94
k 12 0 19
k 13 1 59
k 14 5 17
k 2 11 91
k 18 5 53
k 3 19 73
k 11 8 55
k 14 19 71
k 19 13 92
k 19 5 32
k 15 2 46
k 0 11 69
k 14 15 27
k 12 7 36
k 15 7 37
k 17 6 13
k 7 16 71
k 9 18 15
k 14 0 48
k 9 13 71
k 7 9 96
k 10 2 30
k 17 8 63
k 1 7 75
k 2 1 13
k 3 8 76
k 9 1 83
k 12 9 24
k 14 13 26
k 13 10 10
k 11 12 27
k 17 9 72
k 19 8 18
k 14 4 71
k 6 8 47
k 15 9 15
k 17 15 92
k 14 10 17
k 10 17 58
k 6 13 24
k 13 18 69
k 2 9 12
k 9 10 98
k 10 18 58
k 19 3 63
k 2 16 56
k 13 17 48
k 17 18 86
k 6 15 31
k 2 5 78
k 5 7 20
k 13 19 78
k 8 4 34
k 8 11 92
k 5 13 40
k 14 9 20
k 5 11 43
k 1 3 33
k 7 15 77
k 9 0 69
k 9 11 24
k 2 17 51
k 19 17 63
k 16 4 85
k 4 8 55
k 18 16 51
k 7 6 24
k 0 7 44
k 3 2 74
k 7 13 71
k 9 14 13
k 10 4 32
k 15 19 57
k 11 10 40
k 10 12 30
k 9 8 77
k 10 13 63
k 8 6 85
k 15 13 52
k 0 4 10
k 6 5 35
k 16 15 12
c
c source target cost capacity fixed
a 0 1 100 5135 52422
a 0 3 23 32 12582
a 0 16 71 103 48752
a 0 12 60 43 44034
a 0 11 26 86 23066
a 0 15 14 48 42986
a 0 19 29 81 10485
a 0 4 53 45 9961
a 0 14 28 28 44034
a 0 9 46 54 5767
a 1 2 100 5135 52422
a 1 18 90 61 17824
a 1 10 14 22 13630
a 1 3 40 107 47180
a 1 12 25 108 34598
a 1 6 62 91 46655
a 1 16 85 56 18872
a 1 19 49 91 13106
a 1 9 60 61 29881
a 1 17 56 50 46131
a 1 4 44 48 26735
a 1 8 10 115 23590
a 1 11 18 33 37220
a 1 15 89 106 38268
a 2 3 100 5135 52422
a 2 15 27 55 26211
a 2 17 55 51 47180
a 2 11 69 107 50849
a 2 8 42 72 7864
a 2 10 20 121 34598
a 2 12 96 89 17824
a 2 7 80 110 29881
a 2 14 26 68 25687
a 2 6 80 59 16775
a 2 0 65 92 5243
a 3 4 100 5135 52422
a 3 18 54 121 22017
a 3 2 88 120 23066
a 3 11 96 87 50849
a 3 14 59 117 17299
a 3 9 98 74 26211
a 3 17 71 91 13106
a 3 0 16 20 48752
a 3 16 65 48 26735
a 3 10 22 89 39841
a 3 1 91 76 37744
a 3 8 21 44 31977
a 3 19 36 97 16251
a 3 7 25 122 21493
a 3 6 14 72 26211
a 4 5 100 5135 52422
a 4 7 77 27 46131
a 4 2 65 49 30929
a 4 11 29 92 9436
a 4 0 40 13 25687
a 4 10 68 38 48752
a 4 8 25 36 6815
a 4 12 57 79 50325
a 4 15 20 61 11533
a 4 14 64 28 37744
a 4 18 53 46 6291
a 4 1 56 102 13630
a 5 6 100 5135 52422
a 5 2 14 121 16251
a 5 14 15 115 15727
a 5 17 35 45 39841
a 5 9 62 77 25163
a 5 10 81 110 5243
a 5 12 74 51 18872
a 5 19 37 80 49801
a 5 7 84 29 11009
a 5 0 16 102 9436
a 5 13 20 24 19921
a 6 7 100 5135 52422
a 6 4 62 43 24114
a 6 14 81 112 11009
a 6 11 29 92 27784
a 6 19 75 13 39841
a 6 8 91 56 26735
a 6 5 57 27 10485
a 6 12 65 96 6291
a 6 2 67 49 41413
a 6 17 95 45 5243
a 6 18 14 77 12582
a 7 8 100 5135 52422
a 7 18 74 58 50849
a 7 0 47 61 33026
a 7 4 66 30 40889
a 7 6 69 36 24114
a 7 11 25 56 20969
a 7 13 44 92 22542
a 7 12 20 87 22017
a 7 3 30 84 17299
a 7 9 52 79 15203
a 7 19 11 75 29356
a 7 15 72 15 42462
a 7 16 19 96 31977
a 8 9 100 5135 52422
a 8 10 58 116 18348
a 8 15 16 70 31977
a 8 6 47 122 23590
a 8 16 70 30 31453
a 8 19 50 34 36171
a 8 5 93 113 18872
a 8 14 42 99 20969
a 8 11 73 77 13630
a 8 0 14 74 39316
a 9 10 100 5135 52422
a 9 13 37 117 44034
a 9 14 48 43 11533
a 9 19 80 28 51897
a 9 1 39 111 35647
a 9 12 42 65 18872
a 9 3 60 18 9961
a 9 7 62 96 12057
a 10 11 100 5135 52422
a 10 12 91 95 41937
a 10 16 60 85 42462
a 10 7 24 79 12582
a 10 0 28 15 42986
a 10 2 52 32 27784
a 10 8 69 110 14154
a 10 1 91 108 22542
a 11 12 100 5135 52422
a 11 8 37 36 30929
a 11 7 78 59 49801
a 11 3 23 91 45083
a 11 17 51 91 44034
a 11 10 52 38 34598
a 11 1 13 60 40889
a 11 14 85 38 34074
a 12 13 100 5135 52422
a 12 17 22 99 50325
a 12 1 86 72 11533
a 12 15 11 80 28308
a 12 18 81 122 17824
a 12 4 97 89 40365
a 12 11 75 15 37220
a 12 0 69 23 48752
a 12 8 38 113 5767
a 12 6 34 18 46655
a 12 5 98 111 17824
a 12 3 49 13 9436
a 13 14 100 5135 52422
a 13 4 97 110 19396
a 13 19 77 39 42462
a 13 2 26 71 20969
a 13 11 56 58 37744
a 13 1 64 70 24638
a 13 10 95 32 6291
a 13 3 69 64 37744
a 13 18 47 44 47180
a 13 5 27 48 19921
a 14 15 100 5135 52422
a 14 17 66 58 37220
a 14 12 28 29 47704
a 14 4 44 97 7864
a 14 7 98 61 40365
a 14 16 17 86 35123
a 14 13 29 102 37744
a 14 3 61 33 42462
a 14 19 80 99 8912
a 14 5 66 65 50849
a 15 16 100 5135 52422
a 15 10 98 118 9961
a 15 14 82 66 47704
a 15 7 78 111 22017
a 15 11 10 50 9436
a 15 18 41 53 32502
a 15 2 56 44 8912
a 15 5 23 15 12057
a 15 13 81 122 12582
a 15 1 81 66 50325
a 15 3 20 60 50849
a 15 17 76 44 17299
a 15 0 23 108 21493
a 15 19 36 64 44034
a 16 17 100 5135 52422
a 16 14 62 36 44034
a 16 6 84 95 12057
a 16 15 51 77 12582
a 16 3 97 27 24638
a 16 12 53 51 14678
a 16 1 70 17 17299
a 16 13 73 28 9436
a 16 7 64 105 21493
a 16 19 12 66 45607
a 16 10 65 59 45083
a 16 2 66 81 11009
a 16 9 50 20 51897
a 17 18 100 5135 52422
a 17 4 45 112 25687
a 17 6 72 35 20445
a 17 10 11 123 29881
a 17 11 50 82 48752
a 17 13 94 56 7339
a 17 7 83 56 50325
a 17 5 41 25 5243
a 17 2 41 39 24638
a 18 19 100 5135 52422
a 18 5 56 76 34598
a 18 1 70 115 33026
a 18 3 73 110 50849
a 18 15 59 117 46655
a 18 13 13 33 18872
a 18 9 82 65 39316
a 18 2 77 72 16775
a 18 12 92 66 33026
a 18 7 55 121 12057
a 18 6 49 94 39841
a 19 0 100 5135 52422
a 19 7 49 95 48752
a 19 8 85 89 18872
a 19 2 76 77 45607
a 19 17 49 84 20969
a 19 13 73 34 23590
a 19 16 66 44 16775
a 19 15 54 99 19396
a 19 9 10 34 30929
a 19 18 26 97 15203
