c fixed charge multi commodity flow
c
c problem vertices edges commodities
p fcmcf 20 220 100
c
c origin destination demand
k 1 11 71
k 1 4 32
k 4 10 78
k 1 5 40
k 8 5 53
k 17 4 80
k 4 5 57
k 3 1 72
k 18 10 57
k 15 4 73
k 9 12 36
k 16 12 22
k 13 7 93
k 10 1 95
k 2 13 27
k 2 6 37
k 19 18 33
k 3 6 94
k 12 0 19
k 13 1 59
k 14 5 17
k 2 11 91
k 18 5 53
k 3 19 73
k 11 8 55
k 14 19 71
k 19 13 92
k 19 5 32
k 15 2 46
k 0 11 69
k 14 15 27
k 12 7 36
k 15 7 37
k 17 6 13
k 7 16 71
k 9 18 15
k 14 0 48
k 9 13 71
k 7 9 96
k 10 2 30
k 17 8 63
k 1 7 75
k 2 1 13
k 3 8 76
k 9 1 83
k 12 9 24
k 14 13 26
k 13 10 10
k 11 12 27
k 17 9 72
k 19 8 18
k 14 4 71
k 6 8 47
k 15 9 15
k 17 15 92
k 14 10 17
k 10 17 58
k 6 13 24
k 13 18 69
k 2 9 12
k 9 10 98
k 10 18 58
k 19 3 63
k 2 16 56
k 13 17 48
k 17 18 86
k 6 15 31
k 2 5 78
k 5 7 20
k 13 19 78
k 8 4 34
k 8 11 92
k 5 13 40
k 14 9 20
k 5 11 43
k 1 3 33
k 7 15 77
k 9 0 69
k 9 11 24
k 2 17 51
k 19 17 63
k 16 4 85
k 4 8 55
k 18 16 51
k 7 6 24
k 0 7 44
k 3 2 74
k 7 13 71
k 9 14 13
k 10 4 32
k 15 19 57
k 11 10 40
k 10 12 30
k 9 8 77
k 10 13 63
k 8 6 85
k 15 13 52
k 0 4 10
k 6 5 35
k 16 15 12
c
c source target cost capacity fixed
a 0 1 100 5135 26211
a 0 3 23 125 6291
a 0 16 71 412 24376
a 0 12 60 169 22017
a 0 11 26 343 11533
a 0 15 14 189 21493
a 0 19 29 323 5243
a 0 4 53 179 4981
a 0 14 28 110 22017
a 0 9 46 214 2884
a 1 2 100 5135 26211
a 1 18 90 244 8912
a 1 10 14 85 6815
a 1 3 40 427 23590
a 1 12 25 432 17299
a 1 6 62 363 23328
a 1 16 85 224 9436
a 1 19 49 363 6553
a 1 9 60 244 14941
a 1 17 56 199 23066
a 1 4 44 189 13368
a 1 8 10 457 11795
a 1 11 18 130 18610
a 1 15 89 422 19134
a 2 3 100 5135 26211
a 2 15 27 219 13106
a 2 17 55 204 23590
a 2 11 69 427 25425
a 2 8 42 288 3932
a 2 10 20 482 17299
a 2 12 96 353 8912
a 2 7 80 437 14941
a 2 14 26 269 12844
a 2 6 80 234 8388
a 2 0 65 368 2622
a 3 4 100 5135 26211
a 3 18 54 482 11009
a 3 2 88 477 11533
a 3 11 96 348 25425
a 3 14 59 467 8650
a 3 9 98 293 13106
a 3 17 71 363 6553
a 3 0 16 80 24376
a 3 16 65 189 13368
a 3 10 22 353 19921
a 3 1 91 303 18872
a 3 8 21 174 15989
a 3 19 36 388 8126
a 3 7 25 487 10747
a 3 6 14 288 13106
a 4 5 100 5135 26211
a 4 7 77 105 23066
a 4 2 65 194 15465
a 4 11 29 368 4718
a 4 0 40 50 12844
a 4 10 68 149 24376
a 4 8 25 144 3408
a 4 12 57 313 25163
a 4 15 20 244 5767
a 4 14 64 110 18872
a 4 18 53 184 3146
a 4 1 56 407 6815
a 5 6 100 5135 26211
a 5 2 14 482 8126
a 5 14 15 457 7864
a 5 17 35 179 19921
a 5 9 62 308 12582
a 5 10 81 437 2622
a 5 12 74 204 9436
a 5 19 37 318 24901
a 5 7 84 115 5505
a 5 0 16 407 4718
a 5 13 20 95 9961
a 6 7 100 5135 26211
a 6 4 62 169 12057
a 6 14 81 447 5505
a 6 11 29 368 13892
a 6 19 75 50 19921
a 6 8 91 224 13368
a 6 5 57 105 5243
a 6 12 65 383 3146
a 6 2 67 194 20707
a 6 17 95 179 2622
a 6 18 14 308 6291
a 7 8 100 5135 26211
a 7 18 74 229 25425
a 7 0 47 244 16513
a 7 4 66 120 20445
a 7 6 69 144 12057
a 7 11 25 224 10485
a 7 13 44 368 11271
a 7 12 20 348 11009
a 7 3 30 333 8650
a 7 9 52 313 7602
a 7 19 11 298 14678
a 7 15 72 60 21231
a 7 16 19 383 15989
a 8 9 100 5135 26211
a 8 10 58 462 9174
a 8 15 16 278 15989
a 8 6 47 487 11795
a 8 16 70 120 15727
a 8 19 50 135 18086
a 8 5 93 452 9436
a 8 14 42 393 10485
a 8 11 73 308 6815
a 8 0 14 293 19658
a 9 10 100 5135 26211
a 9 13 37 467 22017
a 9 14 48 169 5767
a 9 19 80 110 25949
a 9 1 39 442 17824
a 9 12 42 259 9436
a 9 3 60 70 4981
a 9 7 62 383 6029
a 10 11 100 5135 26211
a 10 12 91 378 20969
a 10 16 60 338 21231
a 10 7 24 313 6291
a 10 0 28 60 21493
a 10 2 52 125 13892
a 10 8 69 437 7077
a 10 1 91 432 11271
a 11 12 100 5135 26211
a 11 8 37 144 15465
a 11 7 78 234 24901
a 11 3 23 363 22542
a 11 17 51 363 22017
a 11 10 52 149 17299
a 11 1 13 239 20445
a 11 14 85 149 17037
a 12 13 100 5135 26211
a 12 17 22 393 25163
a 12 1 86 288 5767
a 12 15 11 318 14154
a 12 18 81 487 8912
a 12 4 97 353 20183
a 12 11 75 60 18610
a 12 0 69 90 24376
a 12 8 38 452 2884
a 12 6 34 70 23328
a 12 5 98 442 8912
a 12 3 49 50 4718
a 13 14 100 5135 26211
a 13 4 97 437 9698
a 13 19 77 154 21231
a 13 2 26 283 10485
a 13 11 56 229 18872
a 13 1 64 278 12319
a 13 10 95 125 3146
a 13 3 69 254 18872
a 13 18 47 174 23590
a 13 5 27 189 9961
a 14 15 100 5135 26211
a 14 17 66 229 18610
a 14 12 28 115 23852
a 14 4 44 388 3932
a 14 7 98 244 20183
a 14 16 17 343 17562
a 14 13 29 407 18872
a 14 3 61 130 21231
a 14 19 80 393 4456
a 14 5 66 259 25425
a 15 16 100 5135 26211
a 15 10 98 472 4981
a 15 14 82 264 23852
a 15 7 78 442 11009
a 15 11 10 199 4718
a 15 18 41 209 16251
a 15 2 56 174 4456
a 15 5 23 60 6029
a 15 13 81 487 6291
a 15 1 81 264 25163
a 15 3 20 239 25425
a 15 17 76 174 8650
a 15 0 23 432 10747
a 15 19 36 254 22017
a 16 17 100 5135 26211
a 16 14 62 144 22017
a 16 6 84 378 6029
a 16 15 51 308 6291
a 16 3 97 105 12319
a 16 12 53 204 7339
a 16 1 70 65 8650
a 16 13 73 110 4718
a 16 7 64 417 10747
a 16 19 12 264 22804
a 16 10 65 234 22542
a 16 2 66 323 5505
a 16 9 50 80 25949
a 17 18 100 5135 26211
a 17 4 45 447 12844
a 17 6 72 139 10223
a 17 10 11 492 14941
a 17 11 50 328 24376
a 17 13 94 224 3670
a 17 7 83 224 25163
a 17 5 41 100 2622
a 17 2 41 154 12319
a 18 19 100 5135 26211
a 18 5 56 303 17299
a 18 1 70 457 16513
a 18 3 73 437 25425
a 18 15 59 467 23328
a 18 13 13 130 9436
a 18 9 82 259 19658
a 18 2 77 288 8388
a 18 12 92 264 16513
a 18 7 55 482 6029
a 18 6 49 373 19921
a 19 0 100 5135 26211
a 19 7 49 378 24376
a 19 8 85 353 9436
a 19 2 76 308 22804
a 19 17 49 333 10485
a 19 13 73 135 11795
a 19 16 66 174 8388
a 19 15 54 393 9698
a 19 9 10 135 15465
a 19 18 26 388 7602
