c fixed charge multi commodity flow
c
c problem vertices edges commodities
p fcmcf 20 314 40
c
c origin destination demand
k 16 18 71
k 19 16 32
k 18 12 78
k 15 19 40
k 13 4 53
k 13 14 80
k 1 18 57
k 8 0 72
k 8 3 57
k 9 12 73
k 9 7 36
k 12 15 22
k 6 10 93
k 14 16 95
k 17 1 27
k 1 2 37
k 18 3 33
k 8 16 94
k 1 8 19
k 2 10 59
k 12 1 17
k 19 0 91
k 17 3 53
k 13 15 73
k 4 9 55
k 5 15 71
k 18 2 92
k 14 15 32
k 4 16 46
k 14 3 69
k 6 13 27
k 3 18 36
k 5 10 37
k 2 17 13
k 19 5 71
k 19 6 15
k 6 3 48
k 0 3 71
k 6 14 96
k 14 19 30
c
c source target cost capacity fixed
a 0 1 100 2171 20679
a 0 18 79 445 8685
a 0 16 21 399 15716
a 0 6 18 274 10753
a 0 17 65 211 18198
a 0 3 56 69 2482
a 0 14 62 217 18611
a 0 19 27 348 14269
a 0 7 18 484 13028
a 0 2 52 456 4343
a 0 10 69 120 9513
a 0 9 72 450 19438
a 0 8 58 564 19852
a 0 5 50 240 3723
a 0 11 73 365 9926
a 0 4 80 217 8892
a 0 12 36 80 15509
a 0 13 57 228 11374
a 1 2 100 2171 20679
a 1 9 90 348 20472
a 1 5 38 450 17164
a 1 8 49 177 18198
a 1 6 24 473 19645
a 1 0 14 530 13028
a 1 16 70 325 20059
a 1 14 69 416 3723
a 1 10 63 291 20472
a 1 17 65 205 11580
a 1 18 97 211 5997
a 1 19 45 126 8065
a 1 11 62 553 17784
a 1 3 23 427 14269
a 1 4 12 257 9513
a 2 3 100 2171 20679
a 2 8 38 433 20472
a 2 13 22 353 9306
a 2 17 73 143 13442
a 2 10 57 177 3723
a 2 11 14 416 14062
a 2 12 29 137 2068
a 2 15 91 331 17991
a 2 0 25 382 3929
a 2 18 22 188 8685
a 2 5 59 319 8685
a 2 6 63 120 17784
a 2 19 44 359 10133
a 2 1 52 479 15303
a 2 7 69 388 20472
a 2 16 71 291 18818
a 2 14 14 131 11374
a 2 4 74 308 2895
a 2 9 77 251 3102
a 3 4 100 2171 20679
a 3 9 41 553 20059
a 3 1 44 308 16543
a 3 17 26 416 10753
a 3 14 44 467 13648
a 3 10 20 501 6618
a 3 16 52 348 19025
a 3 6 36 490 7445
a 3 8 14 507 4550
a 3 0 94 513 17164
a 3 18 43 217 8272
a 3 13 47 308 6204
a 3 2 25 519 11994
a 3 19 18 462 6204
a 4 5 100 2171 20679
a 4 8 20 63 3309
a 4 12 34 501 10133
a 4 2 28 422 8892
a 4 15 80 513 2482
a 4 18 84 496 11787
a 4 14 17 314 12201
a 4 16 56 388 19852
a 4 10 19 177 19438
a 4 1 78 399 5997
a 4 3 48 166 13028
a 4 7 52 143 18818
a 4 19 64 319 9719
a 4 0 84 92 7031
a 4 9 45 462 18198
a 4 17 82 257 7238
a 5 6 100 2171 20679
a 5 12 64 268 6824
a 5 10 90 564 17370
a 5 7 23 69 6411
a 5 13 88 388 2689
a 5 14 19 496 2482
a 5 2 38 450 14062
a 5 4 51 154 6618
a 5 17 87 291 19232
a 5 18 15 439 14889
a 5 9 22 541 14889
a 5 16 86 109 7652
a 5 8 68 456 15509
a 5 0 67 382 19852
a 5 15 52 75 20472
a 5 3 55 228 9926
a 6 7 100 2171 20679
a 6 2 77 171 16957
a 6 12 36 393 20059
a 6 18 32 200 10960
a 6 8 22 126 9926
a 6 17 27 154 5997
a 6 10 80 388 18404
a 6 1 78 251 9719
a 6 0 78 371 15509
a 6 15 43 223 16543
a 6 4 71 416 9099
a 6 9 54 410 19438
a 6 13 24 325 10340
a 6 5 57 308 4136
a 6 16 96 285 7238
a 6 14 44 422 18611
a 7 8 100 2171 20679
a 7 4 77 171 15096
a 7 6 61 456 14269
a 7 5 33 103 14889
a 7 9 18 416 17577
a 7 16 50 410 18611
a 7 15 19 382 19025
a 7 10 59 496 14889
a 7 17 35 302 10547
a 7 12 85 194 9926
a 7 3 35 473 8892
a 7 2 17 371 5997
a 7 19 54 137 17370
a 7 0 84 194 15096
a 7 13 88 92 4136
a 7 14 12 388 14475
a 7 11 56 513 12821
a 8 9 100 2171 20679
a 8 5 60 501 14269
a 8 3 99 183 13648
a 8 15 95 109 11994
a 8 16 45 211 3516
a 8 7 96 541 19232
a 8 12 70 75 13442
a 8 0 13 359 3929
a 8 1 80 513 17577
a 8 18 44 143 13855
a 8 2 76 479 8685
a 8 11 15 376 17991
a 8 10 32 376 2068
a 8 14 57 336 10547
a 8 19 53 137 4963
a 8 4 12 200 10133
a 9 10 100 2171 20679
a 9 15 44 410 17577
a 9 11 14 376 10960
a 9 7 39 285 17784
a 9 17 15 490 14889
a 9 12 36 507 8479
a 9 6 93 490 8065
a 9 14 40 240 13855
a 9 18 45 496 3929
a 9 4 45 245 16957
a 9 0 72 75 7031
a 9 5 69 171 19025
a 9 1 37 257 5584
a 9 2 85 109 11994
a 9 16 36 297 10133
a 10 11 100 2171 20679
a 10 19 38 450 13028
a 10 14 68 103 15096
a 10 6 54 507 11580
a 10 0 96 410 3516
a 10 8 34 490 18404
a 10 17 24 388 9513
a 10 12 12 223 4550
a 10 15 48 97 13442
a 10 3 69 75 14682
a 10 13 32 200 3723
a 10 18 76 211 12201
a 10 7 47 120 12821
a 10 2 62 166 9306
a 11 12 100 2171 20679
a 11 14 83 433 2689
a 11 19 63 462 3102
a 11 17 50 405 15923
a 11 9 70 143 16543
a 11 16 68 257 17577
a 11 2 88 279 8479
a 11 3 16 120 3309
a 11 6 20 274 13442
a 11 8 19 530 17577
a 11 15 54 462 4757
a 11 4 94 416 4550
a 11 7 60 331 14062
a 11 1 40 240 2275
a 11 10 52 171 13648
a 12 13 100 2171 20679
a 12 18 14 473 17370
a 12 15 78 513 19438
a 12 19 20 462 6411
a 12 5 47 268 13855
a 12 14 91 205 4757
a 12 8 93 336 8685
a 12 7 28 251 10547
a 12 0 92 92 19438
a 12 6 45 228 10133
a 12 2 47 348 8479
a 12 1 46 388 15509
a 12 10 68 234 19025
a 13 14 100 2171 20679
a 13 9 28 416 7858
a 13 4 19 547 3929
a 13 3 79 541 16543
a 13 19 45 63 14889
a 13 15 82 371 11787
a 13 2 34 234 3723
a 13 5 41 171 13442
a 13 7 82 251 15303
a 13 1 36 86 20265
a 13 18 15 462 17784
a 13 17 96 274 3309
a 13 11 56 262 14889
a 13 12 20 177 18198
a 13 6 73 422 7858
a 14 15 100 2171 20679
a 14 16 33 353 5997
a 14 13 95 97 17784
a 14 11 93 564 3309
a 14 1 52 473 18818
a 14 3 64 137 13648
a 14 12 35 445 6824
a 14 10 22 325 15716
a 14 2 33 177 18611
a 14 18 98 183 8892
a 14 8 28 97 12408
a 14 5 79 251 2689
a 14 4 35 439 15509
a 14 17 85 467 18404
a 14 19 99 228 16957
a 14 7 19 308 17784
a 14 0 51 200 13442
a 14 6 88 114 11580
a 14 9 44 285 2482
a 15 16 100 2171 20679
a 15 4 41 274 11787
a 15 8 96 462 11994
a 15 5 82 200 11787
a 15 10 94 558 11580
a 15 18 74 137 18818
a 15 0 64 456 10960
a 15 6 11 109 18818
a 15 13 40 114 11167
a 15 14 59 484 5170
a 15 17 94 336 19438
a 15 11 57 479 9926
a 15 12 91 547 14889
a 15 2 91 536 6411
a 15 3 38 302 11580
a 15 7 26 200 6411
a 16 17 100 2171 20679
a 16 4 10 359 11787
a 16 13 93 353 19852
a 16 11 85 501 3309
a 16 5 21 490 14062
a 16 3 34 223 14889
a 16 2 68 131 6618
a 16 7 68 211 11787
a 16 14 28 359 13442
a 16 8 48 234 2275
a 16 12 52 393 9099
a 16 15 64 564 4757
a 16 9 20 274 11787
a 16 18 84 388 11787
a 16 10 96 120 14475
a 16 1 80 262 15716
a 16 6 87 177 20472
a 17 18 100 2171 20679
a 17 3 91 416 12614
a 17 6 11 154 6204
a 17 0 22 564 5584
a 17 19 80 376 18818
a 17 2 21 541 6204
a 17 8 58 200 19438
a 17 13 44 200 16543
a 17 11 84 143 4550
a 17 15 83 439 16337
a 17 4 69 490 18404
a 17 9 36 183 6824
a 18 19 100 2171 20679
a 18 11 51 541 7238
a 18 0 51 217 9926
a 18 15 46 308 10547
a 18 4 40 171 8685
a 18 16 14 342 12821
a 18 17 53 382 13648
a 18 7 62 530 3516
a 18 3 68 541 7445
a 18 10 68 336 4550
a 18 12 75 325 2068
a 18 14 48 496 12201
a 18 9 74 558 4963
a 19 0 100 2171 20679
a 19 18 65 450 16130
a 19 17 29 308 14682
a 19 10 21 371 18404
a 19 5 48 171 7238
a 19 1 23 217 2068
a 19 3 24 279 14062
a 19 8 16 154 13855
a 19 16 23 166 14269
a 19 9 84 211 11374
a 19 2 32 348 14889
a 19 6 60 314 16130
a 19 7 94 393 12821
a 19 13 76 251 6618
a 19 15 56 399 9926
a 19 14 24 223 20059
a 19 12 91 342 6204
a 19 11 45 433 13855
