c fixed charge multi commodity flow
c
c problem vertices edges commodities
p fcmcf 20 314 40
c
c origin destination demand
k 16 18 71
k 19 16 32
k 18 12 78
k 15 19 40
k 13 4 53
k 13 14 80
k 1 18 57
k 8 0 72
k 8 3 57
k 9 12 73
k 9 7 36
k 12 15 22
k 6 10 93
k 14 16 95
k 17 1 27
k 1 2 37
k 18 3 33
k 8 16 94
k 1 8 19
k 2 10 59
k 12 1 17
k 19 0 91
k 17 3 53
k 13 15 73
k 4 9 55
k 5 15 71
k 18 2 92
k 14 15 32
k 4 16 46
k 14 3 69
k 6 13 27
k 3 18 36
k 5 10 37
k 2 17 13
k 19 5 71
k 19 6 15
k 6 3 48
k 0 3 71
k 6 14 96
k 14 19 30
c
c source target cost capacity fixed
a 0 1 100 2171 2068
a 0 18 79 112 869
a 0 16 21 100 1572
a 0 6 18 69 1076
a 0 17 65 53 1820
a 0 3 56 18 249
a 0 14 62 55 1862
a 0 19 27 87 1427
a 0 7 18 121 1303
a 0 2 52 114 435
a 0 10 69 30 952
a 0 9 72 113 1944
a 0 8 58 141 1986
a 0 5 50 60 373
a 0 11 73 92 993
a 0 4 80 55 890
a 0 12 36 20 1551
a 0 13 57 57 1138
a 1 2 100 2171 2068
a 1 9 90 87 2048
a 1 5 38 113 1717
a 1 8 49 45 1820
a 1 6 24 119 1965
a 1 0 14 133 1303
a 1 16 70 82 2006
a 1 14 69 104 373
a 1 10 63 73 2048
a 1 17 65 52 1158
a 1 18 97 53 600
a 1 19 45 32 807
a 1 11 62 139 1779
a 1 3 23 107 1427
a 1 4 12 65 952
a 2 3 100 2171 2068
a 2 8 38 109 2048
a 2 13 22 89 931
a 2 17 73 36 1345
a 2 10 57 45 373
a 2 11 14 104 1407
a 2 12 29 35 207
a 2 15 91 83 1800
a 2 0 25 96 393
a 2 18 22 47 869
a 2 5 59 80 869
a 2 6 63 30 1779
a 2 19 44 90 1014
a 2 1 52 120 1531
a 2 7 69 97 2048
a 2 16 71 73 1882
a 2 14 14 33 1138
a 2 4 74 77 290
a 2 9 77 63 311
a 3 4 100 2171 2068
a 3 9 41 139 2006
a 3 1 44 77 1655
a 3 17 26 104 1076
a 3 14 44 117 1365
a 3 10 20 126 662
a 3 16 52 87 1903
a 3 6 36 123 745
a 3 8 14 127 455
a 3 0 94 129 1717
a 3 18 43 55 828
a 3 13 47 77 621
a 3 2 25 130 1200
a 3 19 18 116 621
a 4 5 100 2171 2068
a 4 8 20 16 331
a 4 12 34 126 1014
a 4 2 28 106 890
a 4 15 80 129 249
a 4 18 84 124 1179
a 4 14 17 79 1221
a 4 16 56 97 1986
a 4 10 19 45 1944
a 4 1 78 100 600
a 4 3 48 42 1303
a 4 7 52 36 1882
a 4 19 64 80 972
a 4 0 84 23 704
a 4 9 45 116 1820
a 4 17 82 65 724
a 5 6 100 2171 2068
a 5 12 64 67 683
a 5 10 90 141 1737
a 5 7 23 18 642
a 5 13 88 97 269
a 5 14 19 124 249
a 5 2 38 113 1407
a 5 4 51 39 662
a 5 17 87 73 1924
a 5 18 15 110 1489
a 5 9 22 136 1489
a 5 16 86 28 766
a 5 8 68 114 1551
a 5 0 67 96 1986
a 5 15 52 19 2048
a 5 3 55 57 993
a 6 7 100 2171 2068
a 6 2 77 43 1696
a 6 12 36 99 2006
a 6 18 32 50 1096
a 6 8 22 32 993
a 6 17 27 39 600
a 6 10 80 97 1841
a 6 1 78 63 972
a 6 0 78 93 1551
a 6 15 43 56 1655
a 6 4 71 104 910
a 6 9 54 103 1944
a 6 13 24 82 1034
a 6 5 57 77 414
a 6 16 96 72 724
a 6 14 44 106 1862
a 7 8 100 2171 2068
a 7 4 77 43 1510
a 7 6 61 114 1427
a 7 5 33 26 1489
a 7 9 18 104 1758
a 7 16 50 103 1862
a 7 15 19 96 1903
a 7 10 59 124 1489
a 7 17 35 76 1055
a 7 12 85 49 993
a 7 3 35 119 890
a 7 2 17 93 600
a 7 19 54 35 1737
a 7 0 84 49 1510
a 7 13 88 23 414
a 7 14 12 97 1448
a 7 11 56 129 1283
a 8 9 100 2171 2068
a 8 5 60 126 1427
a 8 3 99 46 1365
a 8 15 95 28 1200
a 8 16 45 53 352
a 8 7 96 136 1924
a 8 12 70 19 1345
a 8 0 13 90 393
a 8 1 80 129 1758
a 8 18 44 36 1386
a 8 2 76 120 869
a 8 11 15 94 1800
a 8 10 32 94 207
a 8 14 57 84 1055
a 8 19 53 35 497
a 8 4 12 50 1014
a 9 10 100 2171 2068
a 9 15 44 103 1758
a 9 11 14 94 1096
a 9 7 39 72 1779
a 9 17 15 123 1489
a 9 12 36 127 848
a 9 6 93 123 807
a 9 14 40 60 1386
a 9 18 45 124 393
a 9 4 45 62 1696
a 9 0 72 19 704
a 9 5 69 43 1903
a 9 1 37 65 559
a 9 2 85 28 1200
a 9 16 36 75 1014
a 10 11 100 2171 2068
a 10 19 38 113 1303
a 10 14 68 26 1510
a 10 6 54 127 1158
a 10 0 96 103 352
a 10 8 34 123 1841
a 10 17 24 97 952
a 10 12 12 56 455
a 10 15 48 25 1345
a 10 3 69 19 1469
a 10 13 32 50 373
a 10 18 76 53 1221
a 10 7 47 30 1283
a 10 2 62 42 931
a 11 12 100 2171 2068
a 11 14 83 109 269
a 11 19 63 116 311
a 11 17 50 102 1593
a 11 9 70 36 1655
a 11 16 68 65 1758
a 11 2 88 70 848
a 11 3 16 30 331
a 11 6 20 69 1345
a 11 8 19 133 1758
a 11 15 54 116 476
a 11 4 94 104 455
a 11 7 60 83 1407
a 11 1 40 60 228
a 11 10 52 43 1365
a 12 13 100 2171 2068
a 12 18 14 119 1737
a 12 15 78 129 1944
a 12 19 20 116 642
a 12 5 47 67 1386
a 12 14 91 52 476
a 12 8 93 84 869
a 12 7 28 63 1055
a 12 0 92 23 1944
a 12 6 45 57 1014
a 12 2 47 87 848
a 12 1 46 97 1551
a 12 10 68 59 1903
a 13 14 100 2171 2068
a 13 9 28 104 786
a 13 4 19 137 393
a 13 3 79 136 1655
a 13 19 45 16 1489
a 13 15 82 93 1179
a 13 2 34 59 373
a 13 5 41 43 1345
a 13 7 82 63 1531
a 13 1 36 22 2027
a 13 18 15 116 1779
a 13 17 96 69 331
a 13 11 56 66 1489
a 13 12 20 45 1820
a 13 6 73 106 786
a 14 15 100 2171 2068
a 14 16 33 89 600
a 14 13 95 25 1779
a 14 11 93 141 331
a 14 1 52 119 1882
a 14 3 64 35 1365
a 14 12 35 112 683
a 14 10 22 82 1572
a 14 2 33 45 1862
a 14 18 98 46 890
a 14 8 28 25 1241
a 14 5 79 63 269
a 14 4 35 110 1551
a 14 17 85 117 1841
a 14 19 99 57 1696
a 14 7 19 77 1779
a 14 0 51 50 1345
a 14 6 88 29 1158
a 14 9 44 72 249
a 15 16 100 2171 2068
a 15 4 41 69 1179
a 15 8 96 116 1200
a 15 5 82 50 1179
a 15 10 94 140 1158
a 15 18 74 35 1882
a 15 0 64 114 1096
a 15 6 11 28 1882
a 15 13 40 29 1117
a 15 14 59 121 517
a 15 17 94 84 1944
a 15 11 57 120 993
a 15 12 91 137 1489
a 15 2 91 134 642
a 15 3 38 76 1158
a 15 7 26 50 642
a 16 17 100 2171 2068
a 16 4 10 90 1179
a 16 13 93 89 1986
a 16 11 85 126 331
a 16 5 21 123 1407
a 16 3 34 56 1489
a 16 2 68 33 662
a 16 7 68 53 1179
a 16 14 28 90 1345
a 16 8 48 59 228
a 16 12 52 99 910
a 16 15 64 141 476
a 16 9 20 69 1179
a 16 18 84 97 1179
a 16 10 96 30 1448
a 16 1 80 66 1572
a 16 6 87 45 2048
a 17 18 100 2171 2068
a 17 3 91 104 1262
a 17 6 11 39 621
a 17 0 22 141 559
a 17 19 80 94 1882
a 17 2 21 136 621
a 17 8 58 50 1944
a 17 13 44 50 1655
a 17 11 84 36 455
a 17 15 83 110 1634
a 17 4 69 123 1841
a 17 9 36 46 683
a 18 19 100 2171 2068
a 18 11 51 136 724
a 18 0 51 55 993
a 18 15 46 77 1055
a 18 4 40 43 869
a 18 16 14 86 1283
a 18 17 53 96 1365
a 18 7 62 133 352
a 18 3 68 136 745
a 18 10 68 84 455
a 18 12 75 82 207
a 18 14 48 124 1221
a 18 9 74 140 497
a 19 0 100 2171 2068
a 19 18 65 113 1613
a 19 17 29 77 1469
a 19 10 21 93 1841
a 19 5 48 43 724
a 19 1 23 55 207
a 19 3 24 70 1407
a 19 8 16 39 1386
a 19 16 23 42 1427
a 19 9 84 53 1138
a 19 2 32 87 1489
a 19 6 60 79 1613
a 19 7 94 99 1283
a 19 13 76 63 662
a 19 15 56 100 993
a 19 14 24 56 2006
a 19 12 91 86 621
a 19 11 45 109 1386
