c fixed charge multi commodity flow
c
c problem vertices edges commodities
p fcmcf 20 314 40
c
c origin destination demand
k 16 18 71
k 19 16 32
k 18 12 78
k 15 19 40
k 13 4 53
k 13 14 80
k 1 18 57
k 8 0 72
k 8 3 57
k 9 12 73
k 9 7 36
k 12 15 22
k 6 10 93
k 14 16 95
k 17 1 27
k 1 2 37
k 18 3 33
k 8 16 94
k 1 8 19
k 2 10 59
k 12 1 17
k 19 0 91
k 17 3 53
k 13 15 73
k 4 9 55
k 5 15 71
k 18 2 92
k 14 15 32
k 4 16 46
k 14 3 69
k 6 13 27
k 3 18 36
k 5 10 37
k 2 17 13
k 19 5 71
k 19 6 15
k 6 3 48
k 0 3 71
k 6 14 96
k 14 19 30
c
c source target cost capacity fixed
a 0 1 100 2171 2068
a 0 18 79 889 869
a 0 16 21 797 1572
a 0 6 18 547 1076
a 0 17 65 422 1820
a 0 3 56 137 249
a 0 14 62 433 1862
a 0 19 27 695 1427
a 0 7 18 968 1303
a 0 2 52 911 435
a 0 10 69 240 952
a 0 9 72 900 1944
a 0 8 58 1128 1986
a 0 5 50 479 373
a 0 11 73 729 993
a 0 4 80 433 890
a 0 12 36 160 1551
a 0 13 57 456 1138
a 1 2 100 2171 2068
a 1 9 90 695 2048
a 1 5 38 900 1717
a 1 8 49 353 1820
a 1 6 24 946 1965
a 1 0 14 1059 1303
a 1 16 70 649 2006
a 1 14 69 832 373
a 1 10 63 581 2048
a 1 17 65 410 1158
a 1 18 97 422 600
a 1 19 45 251 807
a 1 11 62 1105 1779
a 1 3 23 854 1427
a 1 4 12 513 952
a 2 3 100 2171 2068
a 2 8 38 866 2048
a 2 13 22 706 931
a 2 17 73 285 1345
a 2 10 57 353 373
a 2 11 14 832 1407
a 2 12 29 274 207
a 2 15 91 661 1800
a 2 0 25 763 393
a 2 18 22 376 869
a 2 5 59 638 869
a 2 6 63 240 1779
a 2 19 44 718 1014
a 2 1 52 957 1531
a 2 7 69 775 2048
a 2 16 71 581 1882
a 2 14 14 262 1138
a 2 4 74 615 290
a 2 9 77 501 311
a 3 4 100 2171 2068
a 3 9 41 1105 2006
a 3 1 44 615 1655
a 3 17 26 832 1076
a 3 14 44 934 1365
a 3 10 20 1002 662
a 3 16 52 695 1903
a 3 6 36 980 745
a 3 8 14 1014 455
a 3 0 94 1025 1717
a 3 18 43 433 828
a 3 13 47 615 621
a 3 2 25 1037 1200
a 3 19 18 923 621
a 4 5 100 2171 2068
a 4 8 20 126 331
a 4 12 34 1002 1014
a 4 2 28 843 890
a 4 15 80 1025 249
a 4 18 84 991 1179
a 4 14 17 627 1221
a 4 16 56 775 1986
a 4 10 19 353 1944
a 4 1 78 797 600
a 4 3 48 331 1303
a 4 7 52 285 1882
a 4 19 64 638 972
a 4 0 84 183 704
a 4 9 45 923 1820
a 4 17 82 513 724
a 5 6 100 2171 2068
a 5 12 64 536 683
a 5 10 90 1128 1737
a 5 7 23 137 642
a 5 13 88 775 269
a 5 14 19 991 249
a 5 2 38 900 1407
a 5 4 51 308 662
a 5 17 87 581 1924
a 5 18 15 877 1489
a 5 9 22 1082 1489
a 5 16 86 217 766
a 5 8 68 911 1551
a 5 0 67 763 1986
a 5 15 52 149 2048
a 5 3 55 456 993
a 6 7 100 2171 2068
a 6 2 77 342 1696
a 6 12 36 786 2006
a 6 18 32 399 1096
a 6 8 22 251 993
a 6 17 27 308 600
a 6 10 80 775 1841
a 6 1 78 501 972
a 6 0 78 741 1551
a 6 15 43 445 1655
a 6 4 71 832 910
a 6 9 54 820 1944
a 6 13 24 649 1034
a 6 5 57 615 414
a 6 16 96 570 724
a 6 14 44 843 1862
a 7 8 100 2171 2068
a 7 4 77 342 1510
a 7 6 61 911 1427
a 7 5 33 205 1489
a 7 9 18 832 1758
a 7 16 50 820 1862
a 7 15 19 763 1903
a 7 10 59 991 1489
a 7 17 35 604 1055
a 7 12 85 388 993
a 7 3 35 946 890
a 7 2 17 741 600
a 7 19 54 274 1737
a 7 0 84 388 1510
a 7 13 88 183 414
a 7 14 12 775 1448
a 7 11 56 1025 1283
a 8 9 100 2171 2068
a 8 5 60 1002 1427
a 8 3 99 365 1365
a 8 15 95 217 1200
a 8 16 45 422 352
a 8 7 96 1082 1924
a 8 12 70 149 1345
a 8 0 13 718 393
a 8 1 80 1025 1758
a 8 18 44 285 1386
a 8 2 76 957 869
a 8 11 15 752 1800
a 8 10 32 752 207
a 8 14 57 672 1055
a 8 19 53 274 497
a 8 4 12 399 1014
a 9 10 100 2171 2068
a 9 15 44 820 1758
a 9 11 14 752 1096
a 9 7 39 570 1779
a 9 17 15 980 1489
a 9 12 36 1014 848
a 9 6 93 980 807
a 9 14 40 479 1386
a 9 18 45 991 393
a 9 4 45 490 1696
a 9 0 72 149 704
a 9 5 69 342 1903
a 9 1 37 513 559
a 9 2 85 217 1200
a 9 16 36 593 1014
a 10 11 100 2171 2068
a 10 19 38 900 1303
a 10 14 68 205 1510
a 10 6 54 1014 1158
a 10 0 96 820 352
a 10 8 34 980 1841
a 10 17 24 775 952
a 10 12 12 445 455
a 10 15 48 194 1345
a 10 3 69 149 1469
a 10 13 32 399 373
a 10 18 76 422 1221
a 10 7 47 240 1283
a 10 2 62 331 931
a 11 12 100 2171 2068
a 11 14 83 866 269
a 11 19 63 923 311
a 11 17 50 809 1593
a 11 9 70 285 1655
a 11 16 68 513 1758
a 11 2 88 558 848
a 11 3 16 240 331
a 11 6 20 547 1345
a 11 8 19 1059 1758
a 11 15 54 923 476
a 11 4 94 832 455
a 11 7 60 661 1407
a 11 1 40 479 228
a 11 10 52 342 1365
a 12 13 100 2171 2068
a 12 18 14 946 1737
a 12 15 78 1025 1944
a 12 19 20 923 642
a 12 5 47 536 1386
a 12 14 91 410 476
a 12 8 93 672 869
a 12 7 28 501 1055
a 12 0 92 183 1944
a 12 6 45 456 1014
a 12 2 47 695 848
a 12 1 46 775 1551
a 12 10 68 467 1903
a 13 14 100 2171 2068
a 13 9 28 832 786
a 13 4 19 1094 393
a 13 3 79 1082 1655
a 13 19 45 126 1489
a 13 15 82 741 1179
a 13 2 34 467 373
a 13 5 41 342 1345
a 13 7 82 501 1531
a 13 1 36 171 2027
a 13 18 15 923 1779
a 13 17 96 547 331
a 13 11 56 524 1489
a 13 12 20 353 1820
a 13 6 73 843 786
a 14 15 100 2171 2068
a 14 16 33 706 600
a 14 13 95 194 1779
a 14 11 93 1128 331
a 14 1 52 946 1882
a 14 3 64 274 1365
a 14 12 35 889 683
a 14 10 22 649 1572
a 14 2 33 353 1862
a 14 18 98 365 890
a 14 8 28 194 1241
a 14 5 79 501 269
a 14 4 35 877 1551
a 14 17 85 934 1841
a 14 19 99 456 1696
a 14 7 19 615 1779
a 14 0 51 399 1345
a 14 6 88 228 1158
a 14 9 44 570 249
a 15 16 100 2171 2068
a 15 4 41 547 1179
a 15 8 96 923 1200
a 15 5 82 399 1179
a 15 10 94 1116 1158
a 15 18 74 274 1882
a 15 0 64 911 1096
a 15 6 11 217 1882
a 15 13 40 228 1117
a 15 14 59 968 517
a 15 17 94 672 1944
a 15 11 57 957 993
a 15 12 91 1094 1489
a 15 2 91 1071 642
a 15 3 38 604 1158
a 15 7 26 399 642
a 16 17 100 2171 2068
a 16 4 10 718 1179
a 16 13 93 706 1986
a 16 11 85 1002 331
a 16 5 21 980 1407
a 16 3 34 445 1489
a 16 2 68 262 662
a 16 7 68 422 1179
a 16 14 28 718 1345
a 16 8 48 467 228
a 16 12 52 786 910
a 16 15 64 1128 476
a 16 9 20 547 1179
a 16 18 84 775 1179
a 16 10 96 240 1448
a 16 1 80 524 1572
a 16 6 87 353 2048
a 17 18 100 2171 2068
a 17 3 91 832 1262
a 17 6 11 308 621
a 17 0 22 1128 559
a 17 19 80 752 1882
a 17 2 21 1082 621
a 17 8 58 399 1944
a 17 13 44 399 1655
a 17 11 84 285 455
a 17 15 83 877 1634
a 17 4 69 980 1841
a 17 9 36 365 683
a 18 19 100 2171 2068
a 18 11 51 1082 724
a 18 0 51 433 993
a 18 15 46 615 1055
a 18 4 40 342 869
a 18 16 14 684 1283
a 18 17 53 763 1365
a 18 7 62 1059 352
a 18 3 68 1082 745
a 18 10 68 672 455
a 18 12 75 649 207
a 18 14 48 991 1221
a 18 9 74 1116 497
a 19 0 100 2171 2068
a 19 18 65 900 1613
a 19 17 29 615 1469
a 19 10 21 741 1841
a 19 5 48 342 724
a 19 1 23 433 207
a 19 3 24 558 1407
a 19 8 16 308 1386
a 19 16 23 331 1427
a 19 9 84 422 1138
a 19 2 32 695 1489
a 19 6 60 627 1613
a 19 7 94 786 1283
a 19 13 76 501 662
a 19 15 56 797 993
a 19 14 24 445 2006
a 19 12 91 684 621
a 19 11 45 866 1386
