c fixed charge multi commodity flow
c
c problem vertices edges commodities
p fcmcf 20 314 40
c
c origin destination demand
k 16 18 71
k 19 16 32
k 18 12 78
k 15 19 40
k 13 4 53
k 13 14 80
k 1 18 57
k 8 0 72
k 8 3 57
k 9 12 73
k 9 7 36
k 12 15 22
k 6 10 93
k 14 16 95
k 17 1 27
k 1 2 37
k 18 3 33
k 8 16 94
k 1 8 19
k 2 10 59
k 12 1 17
k 19 0 91
k 17 3 53
k 13 15 73
k 4 9 55
k 5 15 71
k 18 2 92
k 14 15 32
k 4 16 46
k 14 3 69
k 6 13 27
k 3 18 36
k 5 10 37
k 2 17 13
k 19 5 71
k 19 6 15
k 6 3 48
k 0 3 71
k 6 14 96
k 14 19 30
c
c source target cost capacity fixed
a 0 1 100 2171 10340
a 0 18 79 112 4343
a 0 16 21 100 7858
a 0 6 18 69 5377
a 0 17 65 53 9099
a 0 3 56 18 1241
a 0 14 62 55 9306
a 0 19 27 87 7135
a 0 7 18 121 6514
a 0 2 52 114 2172
a 0 10 69 30 4757
a 0 9 72 113 9719
a 0 8 58 141 9926
a 0 5 50 60 1862
a 0 11 73 92 4963
a 0 4 80 55 4446
a 0 12 36 20 7755
a 0 13 57 57 5687
a 1 2 100 2171 10340
a 1 9 90 87 10236
a 1 5 38 113 8582
a 1 8 49 45 9099
a 1 6 24 119 9823
a 1 0 14 133 6514
a 1 16 70 82 10030
a 1 14 69 104 1862
a 1 10 63 73 10236
a 1 17 65 52 5790
a 1 18 97 53 2999
a 1 19 45 32 4033
a 1 11 62 139 8892
a 1 3 23 107 7135
a 1 4 12 65 4757
a 2 3 100 2171 10340
a 2 8 38 109 10236
a 2 13 22 89 4653
a 2 17 73 36 6721
a 2 10 57 45 1862
a 2 11 14 104 7031
a 2 12 29 35 1034
a 2 15 91 83 8996
a 2 0 25 96 1965
a 2 18 22 47 4343
a 2 5 59 80 4343
a 2 6 63 30 8892
a 2 19 44 90 5067
a 2 1 52 120 7652
a 2 7 69 97 10236
a 2 16 71 73 9409
a 2 14 14 33 5687
a 2 4 74 77 1448
a 2 9 77 63 1551
a 3 4 100 2171 10340
a 3 9 41 139 10030
a 3 1 44 77 8272
a 3 17 26 104 5377
a 3 14 44 117 6824
a 3 10 20 126 3309
a 3 16 52 87 9513
a 3 6 36 123 3723
a 3 8 14 127 2275
a 3 0 94 129 8582
a 3 18 43 55 4136
a 3 13 47 77 3102
a 3 2 25 130 5997
a 3 19 18 116 3102
a 4 5 100 2171 10340
a 4 8 20 16 1655
a 4 12 34 126 5067
a 4 2 28 106 4446
a 4 15 80 129 1241
a 4 18 84 124 5894
a 4 14 17 79 6101
a 4 16 56 97 9926
a 4 10 19 45 9719
a 4 1 78 100 2999
a 4 3 48 42 6514
a 4 7 52 36 9409
a 4 19 64 80 4860
a 4 0 84 23 3516
a 4 9 45 116 9099
a 4 17 82 65 3619
a 5 6 100 2171 10340
a 5 12 64 67 3412
a 5 10 90 141 8685
a 5 7 23 18 3206
a 5 13 88 97 1345
a 5 14 19 124 1241
a 5 2 38 113 7031
a 5 4 51 39 3309
a 5 17 87 73 9616
a 5 18 15 110 7445
a 5 9 22 136 7445
a 5 16 86 28 3826
a 5 8 68 114 7755
a 5 0 67 96 9926
a 5 15 52 19 10236
a 5 3 55 57 4963
a 6 7 100 2171 10340
a 6 2 77 43 8479
a 6 12 36 99 10030
a 6 18 32 50 5480
a 6 8 22 32 4963
a 6 17 27 39 2999
a 6 10 80 97 9202
a 6 1 78 63 4860
a 6 0 78 93 7755
a 6 15 43 56 8272
a 6 4 71 104 4550
a 6 9 54 103 9719
a 6 13 24 82 5170
a 6 5 57 77 2068
a 6 16 96 72 3619
a 6 14 44 106 9306
a 7 8 100 2171 10340
a 7 4 77 43 7548
a 7 6 61 114 7135
a 7 5 33 26 7445
a 7 9 18 104 8789
a 7 16 50 103 9306
a 7 15 19 96 9513
a 7 10 59 124 7445
a 7 17 35 76 5274
a 7 12 85 49 4963
a 7 3 35 119 4446
a 7 2 17 93 2999
a 7 19 54 35 8685
a 7 0 84 49 7548
a 7 13 88 23 2068
a 7 14 12 97 7238
a 7 11 56 129 6411
a 8 9 100 2171 10340
a 8 5 60 126 7135
a 8 3 99 46 6824
a 8 15 95 28 5997
a 8 16 45 53 1758
a 8 7 96 136 9616
a 8 12 70 19 6721
a 8 0 13 90 1965
a 8 1 80 129 8789
a 8 18 44 36 6928
a 8 2 76 120 4343
a 8 11 15 94 8996
a 8 10 32 94 1034
a 8 14 57 84 5274
a 8 19 53 35 2482
a 8 4 12 50 5067
a 9 10 100 2171 10340
a 9 15 44 103 8789
a 9 11 14 94 5480
a 9 7 39 72 8892
a 9 17 15 123 7445
a 9 12 36 127 4240
a 9 6 93 123 4033
a 9 14 40 60 6928
a 9 18 45 124 1965
a 9 4 45 62 8479
a 9 0 72 19 3516
a 9 5 69 43 9513
a 9 1 37 65 2792
a 9 2 85 28 5997
a 9 16 36 75 5067
a 10 11 100 2171 10340
a 10 19 38 113 6514
a 10 14 68 26 7548
a 10 6 54 127 5790
a 10 0 96 103 1758
a 10 8 34 123 9202
a 10 17 24 97 4757
a 10 12 12 56 2275
a 10 15 48 25 6721
a 10 3 69 19 7341
a 10 13 32 50 1862
a 10 18 76 53 6101
a 10 7 47 30 6411
a 10 2 62 42 4653
a 11 12 100 2171 10340
a 11 14 83 109 1345
a 11 19 63 116 1551
a 11 17 50 102 7962
a 11 9 70 36 8272
a 11 16 68 65 8789
a 11 2 88 70 4240
a 11 3 16 30 1655
a 11 6 20 69 6721
a 11 8 19 133 8789
a 11 15 54 116 2379
a 11 4 94 104 2275
a 11 7 60 83 7031
a 11 1 40 60 1138
a 11 10 52 43 6824
a 12 13 100 2171 10340
a 12 18 14 119 8685
a 12 15 78 129 9719
a 12 19 20 116 3206
a 12 5 47 67 6928
a 12 14 91 52 2379
a 12 8 93 84 4343
a 12 7 28 63 5274
a 12 0 92 23 9719
a 12 6 45 57 5067
a 12 2 47 87 4240
a 12 1 46 97 7755
a 12 10 68 59 9513
a 13 14 100 2171 10340
a 13 9 28 104 3929
a 13 4 19 137 1965
a 13 3 79 136 8272
a 13 19 45 16 7445
a 13 15 82 93 5894
a 13 2 34 59 1862
a 13 5 41 43 6721
a 13 7 82 63 7652
a 13 1 36 22 10133
a 13 18 15 116 8892
a 13 17 96 69 1655
a 13 11 56 66 7445
a 13 12 20 45 9099
a 13 6 73 106 3929
a 14 15 100 2171 10340
a 14 16 33 89 2999
a 14 13 95 25 8892
a 14 11 93 141 1655
a 14 1 52 119 9409
a 14 3 64 35 6824
a 14 12 35 112 3412
a 14 10 22 82 7858
a 14 2 33 45 9306
a 14 18 98 46 4446
a 14 8 28 25 6204
a 14 5 79 63 1345
a 14 4 35 110 7755
a 14 17 85 117 9202
a 14 19 99 57 8479
a 14 7 19 77 8892
a 14 0 51 50 6721
a 14 6 88 29 5790
a 14 9 44 72 1241
a 15 16 100 2171 10340
a 15 4 41 69 5894
a 15 8 96 116 5997
a 15 5 82 50 5894
a 15 10 94 140 5790
a 15 18 74 35 9409
a 15 0 64 114 5480
a 15 6 11 28 9409
a 15 13 40 29 5584
a 15 14 59 121 2585
a 15 17 94 84 9719
a 15 11 57 120 4963
a 15 12 91 137 7445
a 15 2 91 134 3206
a 15 3 38 76 5790
a 15 7 26 50 3206
a 16 17 100 2171 10340
a 16 4 10 90 5894
a 16 13 93 89 9926
a 16 11 85 126 1655
a 16 5 21 123 7031
a 16 3 34 56 7445
a 16 2 68 33 3309
a 16 7 68 53 5894
a 16 14 28 90 6721
a 16 8 48 59 1138
a 16 12 52 99 4550
a 16 15 64 141 2379
a 16 9 20 69 5894
a 16 18 84 97 5894
a 16 10 96 30 7238
a 16 1 80 66 7858
a 16 6 87 45 10236
a 17 18 100 2171 10340
a 17 3 91 104 6307
a 17 6 11 39 3102
a 17 0 22 141 2792
a 17 19 80 94 9409
a 17 2 21 136 3102
a 17 8 58 50 9719
a 17 13 44 50 8272
a 17 11 84 36 2275
a 17 15 83 110 8169
a 17 4 69 123 9202
a 17 9 36 46 3412
a 18 19 100 2171 10340
a 18 11 51 136 3619
a 18 0 51 55 4963
a 18 15 46 77 5274
a 18 4 40 43 4343
a 18 16 14 86 6411
a 18 17 53 96 6824
a 18 7 62 133 1758
a 18 3 68 136 3723
a 18 10 68 84 2275
a 18 12 75 82 1034
a 18 14 48 124 6101
a 18 9 74 140 2482
a 19 0 100 2171 10340
a 19 18 65 113 8065
a 19 17 29 77 7341
a 19 10 21 93 9202
a 19 5 48 43 3619
a 19 1 23 55 1034
a 19 3 24 70 7031
a 19 8 16 39 6928
a 19 16 23 42 7135
a 19 9 84 53 5687
a 19 2 32 87 7445
a 19 6 60 79 8065
a 19 7 94 99 6411
a 19 13 76 63 3309
a 19 15 56 100 4963
a 19 14 24 56 10030
a 19 12 91 86 3102
a 19 11 45 109 6928
