c fixed charge multi commodity flow
c
c problem vertices edges commodities
p fcmcf 20 314 40
c
c origin destination demand
k 16 18 71
k 19 16 32
k 18 12 78
k 15 19 40
k 13 4 53
k 13 14 80
k 1 18 57
k 8 0 72
k 8 3 57
k 9 12 73
k 9 7 36
k 12 15 22
k 6 10 93
k 14 16 95
k 17 1 27
k 1 2 37
k 18 3 33
k 8 16 94
k 1 8 19
k 2 10 59
k 12 1 17
k 19 0 91
k 17 3 53
k 13 15 73
k 4 9 55
k 5 15 71
k 18 2 92
k 14 15 32
k 4 16 46
k 14 3 69
k 6 13 27
k 3 18 36
k 5 10 37
k 2 17 13
k 19 5 71
k 19 6 15
k 6 3 48
k 0 3 71
k 6 14 96
k 14 19 30
c
c source target cost capacity fixed
a 0 1 100 2171 20679
a 0 18 79 112 8685
a 0 16 21 100 15716
a 0 6 18 69 10753
a 0 17 65 53 18198
a 0 3 56 18 2482
a 0 14 62 55 18611
a 0 19 27 87 14269
a 0 7 18 121 13028
a 0 2 52 114 4343
a 0 10 69 30 9513
a 0 9 72 113 19438
a 0 8 58 141 19852
a 0 5 50 60 3723
a 0 11 73 92 9926
a 0 4 80 55 8892
a 0 12 36 20 15509
a 0 13 57 57 11374
a 1 2 100 2171 20679
a 1 9 90 87 20472
a 1 5 38 113 17164
a 1 8 49 45 18198
a 1 6 24 119 19645
a 1 0 14 133 13028
a 1 16 70 82 20059
a 1 14 69 104 3723
a 1 10 63 73 20472
a 1 17 65 52 11580
a 1 18 97 53 5997
a 1 19 45 32 8065
a 1 11 62 139 17784
a 1 3 23 107 14269
a 1 4 12 65 9513
a 2 3 100 2171 20679
a 2 8 38 109 20472
a 2 13 22 89 9306
a 2 17 73 36 13442
a 2 10 57 45 3723
a 2 11 14 104 14062
a 2 12 29 35 2068
a 2 15 91 83 17991
a 2 0 25 96 3929
a 2 18 22 47 8685
a 2 5 59 80 8685
a 2 6 63 30 17784
a 2 19 44 90 10133
a 2 1 52 120 15303
a 2 7 69 97 20472
a 2 16 71 73 18818
a 2 14 14 33 11374
a 2 4 74 77 2895
a 2 9 77 63 3102
a 3 4 100 2171 20679
a 3 9 41 139 20059
a 3 1 44 77 16543
a 3 17 26 104 10753
a 3 14 44 117 13648
a 3 10 20 126 6618
a 3 16 52 87 19025
a 3 6 36 123 7445
a 3 8 14 127 4550
a 3 0 94 129 17164
a 3 18 43 55 8272
a 3 13 47 77 6204
a 3 2 25 130 11994
a 3 19 18 116 6204
a 4 5 100 2171 20679
a 4 8 20 16 3309
a 4 12 34 126 10133
a 4 2 28 106 8892
a 4 15 80 129 2482
a 4 18 84 124 11787
a 4 14 17 79 12201
a 4 16 56 97 19852
a 4 10 19 45 19438
a 4 1 78 100 5997
a 4 3 48 42 13028
a 4 7 52 36 18818
a 4 19 64 80 9719
a 4 0 84 23 7031
a 4 9 45 116 18198
a 4 17 82 65 7238
a 5 6 100 2171 20679
a 5 12 64 67 6824
a 5 10 90 141 17370
a 5 7 23 18 6411
a 5 13 88 97 2689
a 5 14 19 124 2482
a 5 2 38 113 14062
a 5 4 51 39 6618
a 5 17 87 73 19232
a 5 18 15 110 14889
a 5 9 22 136 14889
a 5 16 86 28 7652
a 5 8 68 114 15509
a 5 0 67 96 19852
a 5 15 52 19 20472
a 5 3 55 57 9926
a 6 7 100 2171 20679
a 6 2 77 43 16957
a 6 12 36 99 20059
a 6 18 32 50 10960
a 6 8 22 32 9926
a 6 17 27 39 5997
a 6 10 80 97 18404
a 6 1 78 63 9719
a 6 0 78 93 15509
a 6 15 43 56 16543
a 6 4 71 104 9099
a 6 9 54 103 19438
a 6 13 24 82 10340
a 6 5 57 77 4136
a 6 16 96 72 7238
a 6 14 44 106 18611
a 7 8 100 2171 20679
a 7 4 77 43 15096
a 7 6 61 114 14269
a 7 5 33 26 14889
a 7 9 18 104 17577
a 7 16 50 103 18611
a 7 15 19 96 19025
a 7 10 59 124 14889
a 7 17 35 76 10547
a 7 12 85 49 9926
a 7 3 35 119 8892
a 7 2 17 93 5997
a 7 19 54 35 17370
a 7 0 84 49 15096
a 7 13 88 23 4136
a 7 14 12 97 14475
a 7 11 56 129 12821
a 8 9 100 2171 20679
a 8 5 60 126 14269
a 8 3 99 46 13648
a 8 15 95 28 11994
a 8 16 45 53 3516
a 8 7 96 136 19232
a 8 12 70 19 13442
a 8 0 13 90 3929
a 8 1 80 129 17577
a 8 18 44 36 13855
a 8 2 76 120 8685
a 8 11 15 94 17991
a 8 10 32 94 2068
a 8 14 57 84 10547
a 8 19 53 35 4963
a 8 4 12 50 10133
a 9 10 100 2171 20679
a 9 15 44 103 17577
a 9 11 14 94 10960
a 9 7 39 72 17784
a 9 17 15 123 14889
a 9 12 36 127 8479
a 9 6 93 123 8065
a 9 14 40 60 13855
a 9 18 45 124 3929
a 9 4 45 62 16957
a 9 0 72 19 7031
a 9 5 69 43 19025
a 9 1 37 65 5584
a 9 2 85 28 11994
a 9 16 36 75 10133
a 10 11 100 2171 20679
a 10 19 38 113 13028
a 10 14 68 26 15096
a 10 6 54 127 11580
a 10 0 96 103 3516
a 10 8 34 123 18404
a 10 17 24 97 9513
a 10 12 12 56 4550
a 10 15 48 25 13442
a 10 3 69 19 14682
a 10 13 32 50 3723
a 10 18 76 53 12201
a 10 7 47 30 12821
a 10 2 62 42 9306
a 11 12 100 2171 20679
a 11 14 83 109 2689
a 11 19 63 116 3102
a 11 17 50 102 15923
a 11 9 70 36 16543
a 11 16 68 65 17577
a 11 2 88 70 8479
a 11 3 16 30 3309
a 11 6 20 69 13442
a 11 8 19 133 17577
a 11 15 54 116 4757
a 11 4 94 104 4550
a 11 7 60 83 14062
a 11 1 40 60 2275
a 11 10 52 43 13648
a 12 13 100 2171 20679
a 12 18 14 119 17370
a 12 15 78 129 19438
a 12 19 20 116 6411
a 12 5 47 67 13855
a 12 14 91 52 4757
a 12 8 93 84 8685
a 12 7 28 63 10547
a 12 0 92 23 19438
a 12 6 45 57 10133
a 12 2 47 87 8479
a 12 1 46 97 15509
a 12 10 68 59 19025
a 13 14 100 2171 20679
a 13 9 28 104 7858
a 13 4 19 137 3929
a 13 3 79 136 16543
a 13 19 45 16 14889
a 13 15 82 93 11787
a 13 2 34 59 3723
a 13 5 41 43 13442
a 13 7 82 63 15303
a 13 1 36 22 20265
a 13 18 15 116 17784
a 13 17 96 69 3309
a 13 11 56 66 14889
a 13 12 20 45 18198
a 13 6 73 106 7858
a 14 15 100 2171 20679
a 14 16 33 89 5997
a 14 13 95 25 17784
a 14 11 93 141 3309
a 14 1 52 119 18818
a 14 3 64 35 13648
a 14 12 35 112 6824
a 14 10 22 82 15716
a 14 2 33 45 18611
a 14 18 98 46 8892
a 14 8 28 25 12408
a 14 5 79 63 2689
a 14 4 35 110 15509
a 14 17 85 117 18404
a 14 19 99 57 16957
a 14 7 19 77 17784
a 14 0 51 50 13442
a 14 6 88 29 11580
a 14 9 44 72 2482
a 15 16 100 2171 20679
a 15 4 41 69 11787
a 15 8 96 116 11994
a 15 5 82 50 11787
a 15 10 94 140 11580
a 15 18 74 35 18818
a 15 0 64 114 10960
a 15 6 11 28 18818
a 15 13 40 29 11167
a 15 14 59 121 5170
a 15 17 94 84 19438
a 15 11 57 120 9926
a 15 12 91 137 14889
a 15 2 91 134 6411
a 15 3 38 76 11580
a 15 7 26 50 6411
a 16 17 100 2171 20679
a 16 4 10 90 11787
a 16 13 93 89 19852
a 16 11 85 126 3309
a 16 5 21 123 14062
a 16 3 34 56 14889
a 16 2 68 33 6618
a 16 7 68 53 11787
a 16 14 28 90 13442
a 16 8 48 59 2275
a 16 12 52 99 9099
a 16 15 64 141 4757
a 16 9 20 69 11787
a 16 18 84 97 11787
a 16 10 96 30 14475
a 16 1 80 66 15716
a 16 6 87 45 20472
a 17 18 100 2171 20679
a 17 3 91 104 12614
a 17 6 11 39 6204
a 17 0 22 141 5584
a 17 19 80 94 18818
a 17 2 21 136 6204
a 17 8 58 50 19438
a 17 13 44 50 16543
a 17 11 84 36 4550
a 17 15 83 110 16337
a 17 4 69 123 18404
a 17 9 36 46 6824
a 18 19 100 2171 20679
a 18 11 51 136 7238
a 18 0 51 55 9926
a 18 15 46 77 10547
a 18 4 40 43 8685
a 18 16 14 86 12821
a 18 17 53 96 13648
a 18 7 62 133 3516
a 18 3 68 136 7445
a 18 10 68 84 4550
a 18 12 75 82 2068
a 18 14 48 124 12201
a 18 9 74 140 4963
a 19 0 100 2171 20679
a 19 18 65 113 16130
a 19 17 29 77 14682
a 19 10 21 93 18404
a 19 5 48 43 7238
a 19 1 23 55 2068
a 19 3 24 70 14062
a 19 8 16 39 13855
a 19 16 23 42 14269
a 19 9 84 53 11374
a 19 2 32 87 14889
a 19 6 60 79 16130
a 19 7 94 99 12821
a 19 13 76 63 6618
a 19 15 56 100 9926
a 19 14 24 56 20059
a 19 12 91 86 6204
a 19 11 45 109 13855
