c fixed charge multi commodity flow
c
c problem vertices edges commodities
p fcmcf 20 314 40
c
c origin destination demand
k 16 18 71
k 19 16 32
k 18 12 78
k 15 19 40
k 13 4 53
k 13 14 80
k 1 18 57
k 8 0 72
k 8 3 57
k 9 12 73
k 9 7 36
k 12 15 22
k 6 10 93
k 14 16 95
k 17 1 27
k 1 2 37
k 18 3 33
k 8 16 94
k 1 8 19
k 2 10 59
k 12 1 17
k 19 0 91
k 17 3 53
k 13 15 73
k 4 9 55
k 5 15 71
k 18 2 92
k 14 15 32
k 4 16 46
k 14 3 69
k 6 13 27
k 3 18 36
k 5 10 37
k 2 17 13
k 19 5 71
k 19 6 15
k 6 3 48
k 0 3 71
k 6 14 96
k 14 19 30
c
c source target cost capacity fixed
a 0 1 100 2171 10340
a 0 18 79 445 4343
a 0 16 21 399 7858
a 0 6 18 274 5377
a 0 17 65 211 9099
a 0 3 56 69 1241
a 0 14 62 217 9306
a 0 19 27 348 7135
a 0 7 18 484 6514
a 0 2 52 456 2172
a 0 10 69 120 4757
a 0 9 72 450 9719
a 0 8 58 564 9926
a 0 5 50 240 1862
a 0 11 73 365 4963
a 0 4 80 217 4446
a 0 12 36 80 7755
a 0 13 57 228 5687
a 1 2 100 2171 10340
a 1 9 90 348 10236
a 1 5 38 450 8582
a 1 8 49 177 9099
a 1 6 24 473 9823
a 1 0 14 530 6514
a 1 16 70 325 10030
a 1 14 69 416 1862
a 1 10 63 291 10236
a 1 17 65 205 5790
a 1 18 97 211 2999
a 1 19 45 126 4033
a 1 11 62 553 8892
a 1 3 23 427 7135
a 1 4 12 257 4757
a 2 3 100 2171 10340
a 2 8 38 433 10236
a 2 13 22 353 4653
a 2 17 73 143 6721
a 2 10 57 177 1862
a 2 11 14 416 7031
a 2 12 29 137 1034
a 2 15 91 331 8996
a 2 0 25 382 1965
a 2 18 22 188 4343
a 2 5 59 319 4343
a 2 6 63 120 8892
a 2 19 44 359 5067
a 2 1 52 479 7652
a 2 7 69 388 10236
a 2 16 71 291 9409
a 2 14 14 131 5687
a 2 4 74 308 1448
a 2 9 77 251 1551
a 3 4 100 2171 10340
a 3 9 41 553 10030
a 3 1 44 308 8272
a 3 17 26 416 5377
a 3 14 44 467 6824
a 3 10 20 501 3309
a 3 16 52 348 9513
a 3 6 36 490 3723
a 3 8 14 507 2275
a 3 0 94 513 8582
a 3 18 43 217 4136
a 3 13 47 308 3102
a 3 2 25 519 5997
a 3 19 18 462 3102
a 4 5 100 2171 10340
a 4 8 20 63 1655
a 4 12 34 501 5067
a 4 2 28 422 4446
a 4 15 80 513 1241
a 4 18 84 496 5894
a 4 14 17 314 6101
a 4 16 56 388 9926
a 4 10 19 177 9719
a 4 1 78 399 2999
a 4 3 48 166 6514
a 4 7 52 143 9409
a 4 19 64 319 4860
a 4 0 84 92 3516
a 4 9 45 462 9099
a 4 17 82 257 3619
a 5 6 100 2171 10340
a 5 12 64 268 3412
a 5 10 90 564 8685
a 5 7 23 69 3206
a 5 13 88 388 1345
a 5 14 19 496 1241
a 5 2 38 450 7031
a 5 4 51 154 3309
a 5 17 87 291 9616
a 5 18 15 439 7445
a 5 9 22 541 7445
a 5 16 86 109 3826
a 5 8 68 456 7755
a 5 0 67 382 9926
a 5 15 52 75 10236
a 5 3 55 228 4963
a 6 7 100 2171 10340
a 6 2 77 171 8479
a 6 12 36 393 10030
a 6 18 32 200 5480
a 6 8 22 126 4963
a 6 17 27 154 2999
a 6 10 80 388 9202
a 6 1 78 251 4860
a 6 0 78 371 7755
a 6 15 43 223 8272
a 6 4 71 416 4550
a 6 9 54 410 9719
a 6 13 24 325 5170
a 6 5 57 308 2068
a 6 16 96 285 3619
a 6 14 44 422 9306
a 7 8 100 2171 10340
a 7 4 77 171 7548
a 7 6 61 456 7135
a 7 5 33 103 7445
a 7 9 18 416 8789
a 7 16 50 410 9306
a 7 15 19 382 9513
a 7 10 59 496 7445
a 7 17 35 302 5274
a 7 12 85 194 4963
a 7 3 35 473 4446
a 7 2 17 371 2999
a 7 19 54 137 8685
a 7 0 84 194 7548
a 7 13 88 92 2068
a 7 14 12 388 7238
a 7 11 56 513 6411
a 8 9 100 2171 10340
a 8 5 60 501 7135
a 8 3 99 183 6824
a 8 15 95 109 5997
a 8 16 45 211 1758
a 8 7 96 541 9616
a 8 12 70 75 6721
a 8 0 13 359 1965
a 8 1 80 513 8789
a 8 18 44 143 6928
a 8 2 76 479 4343
a 8 11 15 376 8996
a 8 10 32 376 1034
a 8 14 57 336 5274
a 8 19 53 137 2482
a 8 4 12 200 5067
a 9 10 100 2171 10340
a 9 15 44 410 8789
a 9 11 14 376 5480
a 9 7 39 285 8892
a 9 17 15 490 7445
a 9 12 36 507 4240
a 9 6 93 490 4033
a 9 14 40 240 6928
a 9 18 45 496 1965
a 9 4 45 245 8479
a 9 0 72 75 3516
a 9 5 69 171 9513
a 9 1 37 257 2792
a 9 2 85 109 5997
a 9 16 36 297 5067
a 10 11 100 2171 10340
a 10 19 38 450 6514
a 10 14 68 103 7548
a 10 6 54 507 5790
a 10 0 96 410 1758
a 10 8 34 490 9202
a 10 17 24 388 4757
a 10 12 12 223 2275
a 10 15 48 97 6721
a 10 3 69 75 7341
a 10 13 32 200 1862
a 10 18 76 211 6101
a 10 7 47 120 6411
a 10 2 62 166 4653
a 11 12 100 2171 10340
a 11 14 83 433 1345
a 11 19 63 462 1551
a 11 17 50 405 7962
a 11 9 70 143 8272
a 11 16 68 257 8789
a 11 2 88 279 4240
a 11 3 16 120 1655
a 11 6 20 274 6721
a 11 8 19 530 8789
a 11 15 54 462 2379
a 11 4 94 416 2275
a 11 7 60 331 7031
a 11 1 40 240 1138
a 11 10 52 171 6824
a 12 13 100 2171 10340
a 12 18 14 473 8685
a 12 15 78 513 9719
a 12 19 20 462 3206
a 12 5 47 268 6928
a 12 14 91 205 2379
a 12 8 93 336 4343
a 12 7 28 251 5274
a 12 0 92 92 9719
a 12 6 45 228 5067
a 12 2 47 348 4240
a 12 1 46 388 7755
a 12 10 68 234 9513
a 13 14 100 2171 10340
a 13 9 28 416 3929
a 13 4 19 547 1965
a 13 3 79 541 8272
a 13 19 45 63 7445
a 13 15 82 371 5894
a 13 2 34 234 1862
a 13 5 41 171 6721
a 13 7 82 251 7652
a 13 1 36 86 10133
a 13 18 15 462 8892
a 13 17 96 274 1655
a 13 11 56 262 7445
a 13 12 20 177 9099
a 13 6 73 422 3929
a 14 15 100 2171 10340
a 14 16 33 353 2999
a 14 13 95 97 8892
a 14 11 93 564 1655
a 14 1 52 473 9409
a 14 3 64 137 6824
a 14 12 35 445 3412
a 14 10 22 325 7858
a 14 2 33 177 9306
a 14 18 98 183 4446
a 14 8 28 97 6204
a 14 5 79 251 1345
a 14 4 35 439 7755
a 14 17 85 467 9202
a 14 19 99 228 8479
a 14 7 19 308 8892
a 14 0 51 200 6721
a 14 6 88 114 5790
a 14 9 44 285 1241
a 15 16 100 2171 10340
a 15 4 41 274 5894
a 15 8 96 462 5997
a 15 5 82 200 5894
a 15 10 94 558 5790
a 15 18 74 137 9409
a 15 0 64 456 5480
a 15 6 11 109 9409
a 15 13 40 114 5584
a 15 14 59 484 2585
a 15 17 94 336 9719
a 15 11 57 479 4963
a 15 12 91 547 7445
a 15 2 91 536 3206
a 15 3 38 302 5790
a 15 7 26 200 3206
a 16 17 100 2171 10340
a 16 4 10 359 5894
a 16 13 93 353 9926
a 16 11 85 501 1655
a 16 5 21 490 7031
a 16 3 34 223 7445
a 16 2 68 131 3309
a 16 7 68 211 5894
a 16 14 28 359 6721
a 16 8 48 234 1138
a 16 12 52 393 4550
a 16 15 64 564 2379
a 16 9 20 274 5894
a 16 18 84 388 5894
a 16 10 96 120 7238
a 16 1 80 262 7858
a 16 6 87 177 10236
a 17 18 100 2171 10340
a 17 3 91 416 6307
a 17 6 11 154 3102
a 17 0 22 564 2792
a 17 19 80 376 9409
a 17 2 21 541 3102
a 17 8 58 200 9719
a 17 13 44 200 8272
a 17 11 84 143 2275
a 17 15 83 439 8169
a 17 4 69 490 9202
a 17 9 36 183 3412
a 18 19 100 2171 10340
a 18 11 51 541 3619
a 18 0 51 217 4963
a 18 15 46 308 5274
a 18 4 40 171 4343
a 18 16 14 342 6411
a 18 17 53 382 6824
a 18 7 62 530 1758
a 18 3 68 541 3723
a 18 10 68 336 2275
a 18 12 75 325 1034
a 18 14 48 496 6101
a 18 9 74 558 2482
a 19 0 100 2171 10340
a 19 18 65 450 8065
a 19 17 29 308 7341
a 19 10 21 371 9202
a 19 5 48 171 3619
a 19 1 23 217 1034
a 19 3 24 279 7031
a 19 8 16 154 6928
a 19 16 23 166 7135
a 19 9 84 211 5687
a 19 2 32 348 7445
a 19 6 60 314 8065
a 19 7 94 393 6411
a 19 13 76 251 3309
a 19 15 56 399 4963
a 19 14 24 223 10030
a 19 12 91 342 3102
a 19 11 45 433 6928
