c fixed charge multi commodity flow
c
c problem vertices edges commodities
p fcmcf 20 314 40
c
c origin destination demand
k 16 18 71
k 19 16 32
k 18 12 78
k 15 19 40
k 13 4 53
k 13 14 80
k 1 18 57
k 8 0 72
k 8 3 57
k 9 12 73
k 9 7 36
k 12 15 22
k 6 10 93
k 14 16 95
k 17 1 27
k 1 2 37
k 18 3 33
k 8 16 94
k 1 8 19
k 2 10 59
k 12 1 17
k 19 0 91
k 17 3 53
k 13 15 73
k 4 9 55
k 5 15 71
k 18 2 92
k 14 15 32
k 4 16 46
k 14 3 69
k 6 13 27
k 3 18 36
k 5 10 37
k 2 17 13
k 19 5 71
k 19 6 15
k 6 3 48
k 0 3 71
k 6 14 96
k 14 19 30
c
c source target cost capacity fixed
a 0 1 100 2171 10340
a 0 18 79 889 4343
a 0 16 21 797 7858
a 0 6 18 547 5377
a 0 17 65 422 9099
a 0 3 56 137 1241
a 0 14 62 433 9306
a 0 19 27 695 7135
a 0 7 18 968 6514
a 0 2 52 911 2172
a 0 10 69 240 4757
a 0 9 72 900 9719
a 0 8 58 1128 9926
a 0 5 50 479 1862
a 0 11 73 729 4963
a 0 4 80 433 4446
a 0 12 36 160 7755
a 0 13 57 456 5687
a 1 2 100 2171 10340
a 1 9 90 695 10236
a 1 5 38 900 8582
a 1 8 49 353 9099
a 1 6 24 946 9823
a 1 0 14 1059 6514
a 1 16 70 649 10030
a 1 14 69 832 1862
a 1 10 63 581 10236
a 1 17 65 410 5790
a 1 18 97 422 2999
a 1 19 45 251 4033
a 1 11 62 1105 8892
a 1 3 23 854 7135
a 1 4 12 513 4757
a 2 3 100 2171 10340
a 2 8 38 866 10236
a 2 13 22 706 4653
a 2 17 73 285 6721
a 2 10 57 353 1862
a 2 11 14 832 7031
a 2 12 29 274 1034
a 2 15 91 661 8996
a 2 0 25 763 1965
a 2 18 22 376 4343
a 2 5 59 638 4343
a 2 6 63 240 8892
a 2 19 44 718 5067
a 2 1 52 957 7652
a 2 7 69 775 10236
a 2 16 71 581 9409
a 2 14 14 262 5687
a 2 4 74 615 1448
a 2 9 77 501 1551
a 3 4 100 2171 10340
a 3 9 41 1105 10030
a 3 1 44 615 8272
a 3 17 26 832 5377
a 3 14 44 934 6824
a 3 10 20 1002 3309
a 3 16 52 695 9513
a 3 6 36 980 3723
a 3 8 14 1014 2275
a 3 0 94 1025 8582
a 3 18 43 433 4136
a 3 13 47 615 3102
a 3 2 25 1037 5997
a 3 19 18 923 3102
a 4 5 100 2171 10340
a 4 8 20 126 1655
a 4 12 34 1002 5067
a 4 2 28 843 4446
a 4 15 80 1025 1241
a 4 18 84 991 5894
a 4 14 17 627 6101
a 4 16 56 775 9926
a 4 10 19 353 9719
a 4 1 78 797 2999
a 4 3 48 331 6514
a 4 7 52 285 9409
a 4 19 64 638 4860
a 4 0 84 183 3516
a 4 9 45 923 9099
a 4 17 82 513 3619
a 5 6 100 2171 10340
a 5 12 64 536 3412
a 5 10 90 1128 8685
a 5 7 23 137 3206
a 5 13 88 775 1345
a 5 14 19 991 1241
a 5 2 38 900 7031
a 5 4 51 308 3309
a 5 17 87 581 9616
a 5 18 15 877 7445
a 5 9 22 1082 7445
a 5 16 86 217 3826
a 5 8 68 911 7755
a 5 0 67 763 9926
a 5 15 52 149 10236
a 5 3 55 456 4963
a 6 7 100 2171 10340
a 6 2 77 342 8479
a 6 12 36 786 10030
a 6 18 32 399 5480
a 6 8 22 251 4963
a 6 17 27 308 2999
a 6 10 80 775 9202
a 6 1 78 501 4860
a 6 0 78 741 7755
a 6 15 43 445 8272
a 6 4 71 832 4550
a 6 9 54 820 9719
a 6 13 24 649 5170
a 6 5 57 615 2068
a 6 16 96 570 3619
a 6 14 44 843 9306
a 7 8 100 2171 10340
a 7 4 77 342 7548
a 7 6 61 911 7135
a 7 5 33 205 7445
a 7 9 18 832 8789
a 7 16 50 820 9306
a 7 15 19 763 9513
a 7 10 59 991 7445
a 7 17 35 604 5274
a 7 12 85 388 4963
a 7 3 35 946 4446
a 7 2 17 741 2999
a 7 19 54 274 8685
a 7 0 84 388 7548
a 7 13 88 183 2068
a 7 14 12 775 7238
a 7 11 56 1025 6411
a 8 9 100 2171 10340
a 8 5 60 1002 7135
a 8 3 99 365 6824
a 8 15 95 217 5997
a 8 16 45 422 1758
a 8 7 96 1082 9616
a 8 12 70 149 6721
a 8 0 13 718 1965
a 8 1 80 1025 8789
a 8 18 44 285 6928
a 8 2 76 957 4343
a 8 11 15 752 8996
a 8 10 32 752 1034
a 8 14 57 672 5274
a 8 19 53 274 2482
a 8 4 12 399 5067
a 9 10 100 2171 10340
a 9 15 44 820 8789
a 9 11 14 752 5480
a 9 7 39 570 8892
a 9 17 15 980 7445
a 9 12 36 1014 4240
a 9 6 93 980 4033
a 9 14 40 479 6928
a 9 18 45 991 1965
a 9 4 45 490 8479
a 9 0 72 149 3516
a 9 5 69 342 9513
a 9 1 37 513 2792
a 9 2 85 217 5997
a 9 16 36 593 5067
a 10 11 100 2171 10340
a 10 19 38 900 6514
a 10 14 68 205 7548
a 10 6 54 1014 5790
a 10 0 96 820 1758
a 10 8 34 980 9202
a 10 17 24 775 4757
a 10 12 12 445 2275
a 10 15 48 194 6721
a 10 3 69 149 7341
a 10 13 32 399 1862
a 10 18 76 422 6101
a 10 7 47 240 6411
a 10 2 62 331 4653
a 11 12 100 2171 10340
a 11 14 83 866 1345
a 11 19 63 923 1551
a 11 17 50 809 7962
a 11 9 70 285 8272
a 11 16 68 513 8789
a 11 2 88 558 4240
a 11 3 16 240 1655
a 11 6 20 547 6721
a 11 8 19 1059 8789
a 11 15 54 923 2379
a 11 4 94 832 2275
a 11 7 60 661 7031
a 11 1 40 479 1138
a 11 10 52 342 6824
a 12 13 100 2171 10340
a 12 18 14 946 8685
a 12 15 78 1025 9719
a 12 19 20 923 3206
a 12 5 47 536 6928
a 12 14 91 410 2379
a 12 8 93 672 4343
a 12 7 28 501 5274
a 12 0 92 183 9719
a 12 6 45 456 5067
a 12 2 47 695 4240
a 12 1 46 775 7755
a 12 10 68 467 9513
a 13 14 100 2171 10340
a 13 9 28 832 3929
a 13 4 19 1094 1965
a 13 3 79 1082 8272
a 13 19 45 126 7445
a 13 15 82 741 5894
a 13 2 34 467 1862
a 13 5 41 342 6721
a 13 7 82 501 7652
a 13 1 36 171 10133
a 13 18 15 923 8892
a 13 17 96 547 1655
a 13 11 56 524 7445
a 13 12 20 353 9099
a 13 6 73 843 3929
a 14 15 100 2171 10340
a 14 16 33 706 2999
a 14 13 95 194 8892
a 14 11 93 1128 1655
a 14 1 52 946 9409
a 14 3 64 274 6824
a 14 12 35 889 3412
a 14 10 22 649 7858
a 14 2 33 353 9306
a 14 18 98 365 4446
a 14 8 28 194 6204
a 14 5 79 501 1345
a 14 4 35 877 7755
a 14 17 85 934 9202
a 14 19 99 456 8479
a 14 7 19 615 8892
a 14 0 51 399 6721
a 14 6 88 228 5790
a 14 9 44 570 1241
a 15 16 100 2171 10340
a 15 4 41 547 5894
a 15 8 96 923 5997
a 15 5 82 399 5894
a 15 10 94 1116 5790
a 15 18 74 274 9409
a 15 0 64 911 5480
a 15 6 11 217 9409
a 15 13 40 228 5584
a 15 14 59 968 2585
a 15 17 94 672 9719
a 15 11 57 957 4963
a 15 12 91 1094 7445
a 15 2 91 1071 3206
a 15 3 38 604 5790
a 15 7 26 399 3206
a 16 17 100 2171 10340
a 16 4 10 718 5894
a 16 13 93 706 9926
a 16 11 85 1002 1655
a 16 5 21 980 7031
a 16 3 34 445 7445
a 16 2 68 262 3309
a 16 7 68 422 5894
a 16 14 28 718 6721
a 16 8 48 467 1138
a 16 12 52 786 4550
a 16 15 64 1128 2379
a 16 9 20 547 5894
a 16 18 84 775 5894
a 16 10 96 240 7238
a 16 1 80 524 7858
a 16 6 87 353 10236
a 17 18 100 2171 10340
a 17 3 91 832 6307
a 17 6 11 308 3102
a 17 0 22 1128 2792
a 17 19 80 752 9409
a 17 2 21 1082 3102
a 17 8 58 399 9719
a 17 13 44 399 8272
a 17 11 84 285 2275
a 17 15 83 877 8169
a 17 4 69 980 9202
a 17 9 36 365 3412
a 18 19 100 2171 10340
a 18 11 51 1082 3619
a 18 0 51 433 4963
a 18 15 46 615 5274
a 18 4 40 342 4343
a 18 16 14 684 6411
a 18 17 53 763 6824
a 18 7 62 1059 1758
a 18 3 68 1082 3723
a 18 10 68 672 2275
a 18 12 75 649 1034
a 18 14 48 991 6101
a 18 9 74 1116 2482
a 19 0 100 2171 10340
a 19 18 65 900 8065
a 19 17 29 615 7341
a 19 10 21 741 9202
a 19 5 48 342 3619
a 19 1 23 433 1034
a 19 3 24 558 7031
a 19 8 16 308 6928
a 19 16 23 331 7135
a 19 9 84 422 5687
a 19 2 32 695 7445
a 19 6 60 627 8065
a 19 7 94 786 6411
a 19 13 76 501 3309
a 19 15 56 797 4963
a 19 14 24 445 10030
a 19 12 91 684 3102
a 19 11 45 866 6928
