c fixed charge multi commodity flow
c
c problem vertices edges commodities
p fcmcf 20 314 40
c
c origin destination demand
k 16 18 71
k 19 16 32
k 18 12 78
k 15 19 40
k 13 4 53
k 13 14 80
k 1 18 57
k 8 0 72
k 8 3 57
k 9 12 73
k 9 7 36
k 12 15 22
k 6 10 93
k 14 16 95
k 17 1 27
k 1 2 37
k 18 3 33
k 8 16 94
k 1 8 19
k 2 10 59
k 12 1 17
k 19 0 91
k 17 3 53
k 13 15 73
k 4 9 55
k 5 15 71
k 18 2 92
k 14 15 32
k 4 16 46
k 14 3 69
k 6 13 27
k 3 18 36
k 5 10 37
k 2 17 13
k 19 5 71
k 19 6 15
k 6 3 48
k 0 3 71
k 6 14 96
k 14 19 30
c
c source target cost capacity fixed
a 0 1 100 2171 20679
a 0 18 79 889 8685
a 0 16 21 797 15716
a 0 6 18 547 10753
a 0 17 65 422 18198
a 0 3 56 137 2482
a 0 14 62 433 18611
a 0 19 27 695 14269
a 0 7 18 968 13028
a 0 2 52 911 4343
a 0 10 69 240 9513
a 0 9 72 900 19438
a 0 8 58 1128 19852
a 0 5 50 479 3723
a 0 11 73 729 9926
a 0 4 80 433 8892
a 0 12 36 160 15509
a 0 13 57 456 11374
a 1 2 100 2171 20679
a 1 9 90 695 20472
a 1 5 38 900 17164
a 1 8 49 353 18198
a 1 6 24 946 19645
a 1 0 14 1059 13028
a 1 16 70 649 20059
a 1 14 69 832 3723
a 1 10 63 581 20472
a 1 17 65 410 11580
a 1 18 97 422 5997
a 1 19 45 251 8065
a 1 11 62 1105 17784
a 1 3 23 854 14269
a 1 4 12 513 9513
a 2 3 100 2171 20679
a 2 8 38 866 20472
a 2 13 22 706 9306
a 2 17 73 285 13442
a 2 10 57 353 3723
a 2 11 14 832 14062
a 2 12 29 274 2068
a 2 15 91 661 17991
a 2 0 25 763 3929
a 2 18 22 376 8685
a 2 5 59 638 8685
a 2 6 63 240 17784
a 2 19 44 718 10133
a 2 1 52 957 15303
a 2 7 69 775 20472
a 2 16 71 581 18818
a 2 14 14 262 11374
a 2 4 74 615 2895
a 2 9 77 501 3102
a 3 4 100 2171 20679
a 3 9 41 1105 20059
a 3 1 44 615 16543
a 3 17 26 832 10753
a 3 14 44 934 13648
a 3 10 20 1002 6618
a 3 16 52 695 19025
a 3 6 36 980 7445
a 3 8 14 1014 4550
a 3 0 94 1025 17164
a 3 18 43 433 8272
a 3 13 47 615 6204
a 3 2 25 1037 11994
a 3 19 18 923 6204
a 4 5 100 2171 20679
a 4 8 20 126 3309
a 4 12 34 1002 10133
a 4 2 28 843 8892
a 4 15 80 1025 2482
a 4 18 84 991 11787
a 4 14 17 627 12201
a 4 16 56 775 19852
a 4 10 19 353 19438
a 4 1 78 797 5997
a 4 3 48 331 13028
a 4 7 52 285 18818
a 4 19 64 638 9719
a 4 0 84 183 7031
a 4 9 45 923 18198
a 4 17 82 513 7238
a 5 6 100 2171 20679
a 5 12 64 536 6824
a 5 10 90 1128 17370
a 5 7 23 137 6411
a 5 13 88 775 2689
a 5 14 19 991 2482
a 5 2 38 900 14062
a 5 4 51 308 6618
a 5 17 87 581 19232
a 5 18 15 877 14889
a 5 9 22 1082 14889
a 5 16 86 217 7652
a 5 8 68 911 15509
a 5 0 67 763 19852
a 5 15 52 149 20472
a 5 3 55 456 9926
a 6 7 100 2171 20679
a 6 2 77 342 16957
a 6 12 36 786 20059
a 6 18 32 399 10960
a 6 8 22 251 9926
a 6 17 27 308 5997
a 6 10 80 775 18404
a 6 1 78 501 9719
a 6 0 78 741 15509
a 6 15 43 445 16543
a 6 4 71 832 9099
a 6 9 54 820 19438
a 6 13 24 649 10340
a 6 5 57 615 4136
a 6 16 96 570 7238
a 6 14 44 843 18611
a 7 8 100 2171 20679
a 7 4 77 342 15096
a 7 6 61 911 14269
a 7 5 33 205 14889
a 7 9 18 832 17577
a 7 16 50 820 18611
a 7 15 19 763 19025
a 7 10 59 991 14889
a 7 17 35 604 10547
a 7 12 85 388 9926
a 7 3 35 946 8892
a 7 2 17 741 5997
a 7 19 54 274 17370
a 7 0 84 388 15096
a 7 13 88 183 4136
a 7 14 12 775 14475
a 7 11 56 1025 12821
a 8 9 100 2171 20679
a 8 5 60 1002 14269
a 8 3 99 365 13648
a 8 15 95 217 11994
a 8 16 45 422 3516
a 8 7 96 1082 19232
a 8 12 70 149 13442
a 8 0 13 718 3929
a 8 1 80 1025 17577
a 8 18 44 285 13855
a 8 2 76 957 8685
a 8 11 15 752 17991
a 8 10 32 752 2068
a 8 14 57 672 10547
a 8 19 53 274 4963
a 8 4 12 399 10133
a 9 10 100 2171 20679
a 9 15 44 820 17577
a 9 11 14 752 10960
a 9 7 39 570 17784
a 9 17 15 980 14889
a 9 12 36 1014 8479
a 9 6 93 980 8065
a 9 14 40 479 13855
a 9 18 45 991 3929
a 9 4 45 490 16957
a 9 0 72 149 7031
a 9 5 69 342 19025
a 9 1 37 513 5584
a 9 2 85 217 11994
a 9 16 36 593 10133
a 10 11 100 2171 20679
a 10 19 38 900 13028
a 10 14 68 205 15096
a 10 6 54 1014 11580
a 10 0 96 820 3516
a 10 8 34 980 18404
a 10 17 24 775 9513
a 10 12 12 445 4550
a 10 15 48 194 13442
a 10 3 69 149 14682
a 10 13 32 399 3723
a 10 18 76 422 12201
a 10 7 47 240 12821
a 10 2 62 331 9306
a 11 12 100 2171 20679
a 11 14 83 866 2689
a 11 19 63 923 3102
a 11 17 50 809 15923
a 11 9 70 285 16543
a 11 16 68 513 17577
a 11 2 88 558 8479
a 11 3 16 240 3309
a 11 6 20 547 13442
a 11 8 19 1059 17577
a 11 15 54 923 4757
a 11 4 94 832 4550
a 11 7 60 661 14062
a 11 1 40 479 2275
a 11 10 52 342 13648
a 12 13 100 2171 20679
a 12 18 14 946 17370
a 12 15 78 1025 19438
a 12 19 20 923 6411
a 12 5 47 536 13855
a 12 14 91 410 4757
a 12 8 93 672 8685
a 12 7 28 501 10547
a 12 0 92 183 19438
a 12 6 45 456 10133
a 12 2 47 695 8479
a 12 1 46 775 15509
a 12 10 68 467 19025
a 13 14 100 2171 20679
a 13 9 28 832 7858
a 13 4 19 1094 3929
a 13 3 79 1082 16543
a 13 19 45 126 14889
a 13 15 82 741 11787
a 13 2 34 467 3723
a 13 5 41 342 13442
a 13 7 82 501 15303
a 13 1 36 171 20265
a 13 18 15 923 17784
a 13 17 96 547 3309
a 13 11 56 524 14889
a 13 12 20 353 18198
a 13 6 73 843 7858
a 14 15 100 2171 20679
a 14 16 33 706 5997
a 14 13 95 194 17784
a 14 11 93 1128 3309
a 14 1 52 946 18818
a 14 3 64 274 13648
a 14 12 35 889 6824
a 14 10 22 649 15716
a 14 2 33 353 18611
a 14 18 98 365 8892
a 14 8 28 194 12408
a 14 5 79 501 2689
a 14 4 35 877 15509
a 14 17 85 934 18404
a 14 19 99 456 16957
a 14 7 19 615 17784
a 14 0 51 399 13442
a 14 6 88 228 11580
a 14 9 44 570 2482
a 15 16 100 2171 20679
a 15 4 41 547 11787
a 15 8 96 923 11994
a 15 5 82 399 11787
a 15 10 94 1116 11580
a 15 18 74 274 18818
a 15 0 64 911 10960
a 15 6 11 217 18818
a 15 13 40 228 11167
a 15 14 59 968 5170
a 15 17 94 672 19438
a 15 11 57 957 9926
a 15 12 91 1094 14889
a 15 2 91 1071 6411
a 15 3 38 604 11580
a 15 7 26 399 6411
a 16 17 100 2171 20679
a 16 4 10 718 11787
a 16 13 93 706 19852
a 16 11 85 1002 3309
a 16 5 21 980 14062
a 16 3 34 445 14889
a 16 2 68 262 6618
a 16 7 68 422 11787
a 16 14 28 718 13442
a 16 8 48 467 2275
a 16 12 52 786 9099
a 16 15 64 1128 4757
a 16 9 20 547 11787
a 16 18 84 775 11787
a 16 10 96 240 14475
a 16 1 80 524 15716
a 16 6 87 353 20472
a 17 18 100 2171 20679
a 17 3 91 832 12614
a 17 6 11 308 6204
a 17 0 22 1128 5584
a 17 19 80 752 18818
a 17 2 21 1082 6204
a 17 8 58 399 19438
a 17 13 44 399 16543
a 17 11 84 285 4550
a 17 15 83 877 16337
a 17 4 69 980 18404
a 17 9 36 365 6824
a 18 19 100 2171 20679
a 18 11 51 1082 7238
a 18 0 51 433 9926
a 18 15 46 615 10547
a 18 4 40 342 8685
a 18 16 14 684 12821
a 18 17 53 763 13648
a 18 7 62 1059 3516
a 18 3 68 1082 7445
a 18 10 68 672 4550
a 18 12 75 649 2068
a 18 14 48 991 12201
a 18 9 74 1116 4963
a 19 0 100 2171 20679
a 19 18 65 900 16130
a 19 17 29 615 14682
a 19 10 21 741 18404
a 19 5 48 342 7238
a 19 1 23 433 2068
a 19 3 24 558 14062
a 19 8 16 308 13855
a 19 16 23 331 14269
a 19 9 84 422 11374
a 19 2 32 695 14889
a 19 6 60 627 16130
a 19 7 94 786 12821
a 19 13 76 501 6618
a 19 15 56 797 9926
a 19 14 24 445 20059
a 19 12 91 684 6204
a 19 11 45 866 13855
