c fixed charge multi commodity flow
c
c problem vertices edges commodities
p fcmcf 20 314 40
c
c origin destination demand
k 16 18 71
k 19 16 32
k 18 12 78
k 15 19 40
k 13 4 53
k 13 14 80
k 1 18 57
k 8 0 72
k 8 3 57
k 9 12 73
k 9 7 36
k 12 15 22
k 6 10 93
k 14 16 95
k 17 1 27
k 1 2 37
k 18 3 33
k 8 16 94
k 1 8 19
k 2 10 59
k 12 1 17
k 19 0 91
k 17 3 53
k 13 15 73
k 4 9 55
k 5 15 71
k 18 2 92
k 14 15 32
k 4 16 46
k 14 3 69
k 6 13 27
k 3 18 36
k 5 10 37
k 2 17 13
k 19 5 71
k 19 6 15
k 6 3 48
k 0 3 71
k 6 14 96
k 14 19 30
c
c source target cost capacity fixed
a 0 1 100 2171 2068
a 0 18 79 445 869
a 0 16 21 399 1572
a 0 6 18 274 1076
a 0 17 65 211 1820
a 0 3 56 69 249
a 0 14 62 217 1862
a 0 19 27 348 1427
a 0 7 18 484 1303
a 0 2 52 456 435
a 0 10 69 120 952
a 0 9 72 450 1944
a 0 8 58 564 1986
a 0 5 50 240 373
a 0 11 73 365 993
a 0 4 80 217 890
a 0 12 36 80 1551
a 0 13 57 228 1138
a 1 2 100 2171 2068
a 1 9 90 348 2048
a 1 5 38 450 1717
a 1 8 49 177 1820
a 1 6 24 473 1965
a 1 0 14 530 1303
a 1 16 70 325 2006
a 1 14 69 416 373
a 1 10 63 291 2048
a 1 17 65 205 1158
a 1 18 97 211 600
a 1 19 45 126 807
a 1 11 62 553 1779
a 1 3 23 427 1427
a 1 4 12 257 952
a 2 3 100 2171 2068
a 2 8 38 433 2048
a 2 13 22 353 931
a 2 17 73 143 1345
a 2 10 57 177 373
a 2 11 14 416 1407
a 2 12 29 137 207
a 2 15 91 331 1800
a 2 0 25 382 393
a 2 18 22 188 869
a 2 5 59 319 869
a 2 6 63 120 1779
a 2 19 44 359 1014
a 2 1 52 479 1531
a 2 7 69 388 2048
a 2 16 71 291 1882
a 2 14 14 131 1138
a 2 4 74 308 290
a 2 9 77 251 311
a 3 4 100 2171 2068
a 3 9 41 553 2006
a 3 1 44 308 1655
a 3 17 26 416 1076
a 3 14 44 467 1365
a 3 10 20 501 662
a 3 16 52 348 1903
a 3 6 36 490 745
a 3 8 14 507 455
a 3 0 94 513 1717
a 3 18 43 217 828
a 3 13 47 308 621
a 3 2 25 519 1200
a 3 19 18 462 621
a 4 5 100 2171 2068
a 4 8 20 63 331
a 4 12 34 501 1014
a 4 2 28 422 890
a 4 15 80 513 249
a 4 18 84 496 1179
a 4 14 17 314 1221
a 4 16 56 388 1986
a 4 10 19 177 1944
a 4 1 78 399 600
a 4 3 48 166 1303
a 4 7 52 143 1882
a 4 19 64 319 972
a 4 0 84 92 704
a 4 9 45 462 1820
a 4 17 82 257 724
a 5 6 100 2171 2068
a 5 12 64 268 683
a 5 10 90 564 1737
a 5 7 23 69 642
a 5 13 88 388 269
a 5 14 19 496 249
a 5 2 38 450 1407
a 5 4 51 154 662
a 5 17 87 291 1924
a 5 18 15 439 1489
a 5 9 22 541 1489
a 5 16 86 109 766
a 5 8 68 456 1551
a 5 0 67 382 1986
a 5 15 52 75 2048
a 5 3 55 228 993
a 6 7 100 2171 2068
a 6 2 77 171 1696
a 6 12 36 393 2006
a 6 18 32 200 1096
a 6 8 22 126 993
a 6 17 27 154 600
a 6 10 80 388 1841
a 6 1 78 251 972
a 6 0 78 371 1551
a 6 15 43 223 1655
a 6 4 71 416 910
a 6 9 54 410 1944
a 6 13 24 325 1034
a 6 5 57 308 414
a 6 16 96 285 724
a 6 14 44 422 1862
a 7 8 100 2171 2068
a 7 4 77 171 1510
a 7 6 61 456 1427
a 7 5 33 103 1489
a 7 9 18 416 1758
a 7 16 50 410 1862
a 7 15 19 382 1903
a 7 10 59 496 1489
a 7 17 35 302 1055
a 7 12 85 194 993
a 7 3 35 473 890
a 7 2 17 371 600
a 7 19 54 137 1737
a 7 0 84 194 1510
a 7 13 88 92 414
a 7 14 12 388 1448
a 7 11 56 513 1283
a 8 9 100 2171 2068
a 8 5 60 501 1427
a 8 3 99 183 1365
a 8 15 95 109 1200
a 8 16 45 211 352
a 8 7 96 541 1924
a 8 12 70 75 1345
a 8 0 13 359 393
a 8 1 80 513 1758
a 8 18 44 143 1386
a 8 2 76 479 869
a 8 11 15 376 1800
a 8 10 32 376 207
a 8 14 57 336 1055
a 8 19 53 137 497
a 8 4 12 200 1014
a 9 10 100 2171 2068
a 9 15 44 410 1758
a 9 11 14 376 1096
a 9 7 39 285 1779
a 9 17 15 490 1489
a 9 12 36 507 848
a 9 6 93 490 807
a 9 14 40 240 1386
a 9 18 45 496 393
a 9 4 45 245 1696
a 9 0 72 75 704
a 9 5 69 171 1903
a 9 1 37 257 559
a 9 2 85 109 1200
a 9 16 36 297 1014
a 10 11 100 2171 2068
a 10 19 38 450 1303
a 10 14 68 103 1510
a 10 6 54 507 1158
a 10 0 96 410 352
a 10 8 34 490 1841
a 10 17 24 388 952
a 10 12 12 223 455
a 10 15 48 97 1345
a 10 3 69 75 1469
a 10 13 32 200 373
a 10 18 76 211 1221
a 10 7 47 120 1283
a 10 2 62 166 931
a 11 12 100 2171 2068
a 11 14 83 433 269
a 11 19 63 462 311
a 11 17 50 405 1593
a 11 9 70 143 1655
a 11 16 68 257 1758
a 11 2 88 279 848
a 11 3 16 120 331
a 11 6 20 274 1345
a 11 8 19 530 1758
a 11 15 54 462 476
a 11 4 94 416 455
a 11 7 60 331 1407
a 11 1 40 240 228
a 11 10 52 171 1365
a 12 13 100 2171 2068
a 12 18 14 473 1737
a 12 15 78 513 1944
a 12 19 20 462 642
a 12 5 47 268 1386
a 12 14 91 205 476
a 12 8 93 336 869
a 12 7 28 251 1055
a 12 0 92 92 1944
a 12 6 45 228 1014
a 12 2 47 348 848
a 12 1 46 388 1551
a 12 10 68 234 1903
a 13 14 100 2171 2068
a 13 9 28 416 786
a 13 4 19 547 393
a 13 3 79 541 1655
a 13 19 45 63 1489
a 13 15 82 371 1179
a 13 2 34 234 373
a 13 5 41 171 1345
a 13 7 82 251 1531
a 13 1 36 86 2027
a 13 18 15 462 1779
a 13 17 96 274 331
a 13 11 56 262 1489
a 13 12 20 177 1820
a 13 6 73 422 786
a 14 15 100 2171 2068
a 14 16 33 353 600
a 14 13 95 97 1779
a 14 11 93 564 331
a 14 1 52 473 1882
a 14 3 64 137 1365
a 14 12 35 445 683
a 14 10 22 325 1572
a 14 2 33 177 1862
a 14 18 98 183 890
a 14 8 28 97 1241
a 14 5 79 251 269
a 14 4 35 439 1551
a 14 17 85 467 1841
a 14 19 99 228 1696
a 14 7 19 308 1779
a 14 0 51 200 1345
a 14 6 88 114 1158
a 14 9 44 285 249
a 15 16 100 2171 2068
a 15 4 41 274 1179
a 15 8 96 462 1200
a 15 5 82 200 1179
a 15 10 94 558 1158
a 15 18 74 137 1882
a 15 0 64 456 1096
a 15 6 11 109 1882
a 15 13 40 114 1117
a 15 14 59 484 517
a 15 17 94 336 1944
a 15 11 57 479 993
a 15 12 91 547 1489
a 15 2 91 536 642
a 15 3 38 302 1158
a 15 7 26 200 642
a 16 17 100 2171 2068
a 16 4 10 359 1179
a 16 13 93 353 1986
a 16 11 85 501 331
a 16 5 21 490 1407
a 16 3 34 223 1489
a 16 2 68 131 662
a 16 7 68 211 1179
a 16 14 28 359 1345
a 16 8 48 234 228
a 16 12 52 393 910
a 16 15 64 564 476
a 16 9 20 274 1179
a 16 18 84 388 1179
a 16 10 96 120 1448
a 16 1 80 262 1572
a 16 6 87 177 2048
a 17 18 100 2171 2068
a 17 3 91 416 1262
a 17 6 11 154 621
a 17 0 22 564 559
a 17 19 80 376 1882
a 17 2 21 541 621
a 17 8 58 200 1944
a 17 13 44 200 1655
a 17 11 84 143 455
a 17 15 83 439 1634
a 17 4 69 490 1841
a 17 9 36 183 683
a 18 19 100 2171 2068
a 18 11 51 541 724
a 18 0 51 217 993
a 18 15 46 308 1055
a 18 4 40 171 869
a 18 16 14 342 1283
a 18 17 53 382 1365
a 18 7 62 530 352
a 18 3 68 541 745
a 18 10 68 336 455
a 18 12 75 325 207
a 18 14 48 496 1221
a 18 9 74 558 497
a 19 0 100 2171 2068
a 19 18 65 450 1613
a 19 17 29 308 1469
a 19 10 21 371 1841
a 19 5 48 171 724
a 19 1 23 217 207
a 19 3 24 279 1407
a 19 8 16 154 1386
a 19 16 23 166 1427
a 19 9 84 211 1138
a 19 2 32 348 1489
a 19 6 60 314 1613
a 19 7 94 393 1283
a 19 13 76 251 662
a 19 15 56 399 993
a 19 14 24 223 2006
a 19 12 91 342 621
a 19 11 45 433 1386
