c fixed charge multi commodity flow
c
c problem vertices edges commodities
p fcmcf 20 318 100
c
c origin destination demand
k 13 7 71
k 3 13 32
k 10 13 78
k 0 12 40
k 3 17 53
k 2 9 80
k 0 11 57
k 6 11 72
k 10 18 57
k 7 17 73
k 6 9 36
k 4 6 22
k 12 18 93
k 14 0 95
k 10 5 27
k 16 18 37
k 9 15 33
k 16 19 94
k 16 10 19
k 13 5 59
k 8 12 17
k 6 19 91
k 15 19 53
k 11 8 73
k 12 13 55
k 14 10 71
k 18 6 92
k 13 15 32
k 1 3 46
k 7 11 69
k 2 3 27
k 8 1 36
k 18 4 37
k 13 2 13
k 16 7 71
k 12 15 15
k 1 19 48
k 15 13 71
k 5 4 96
k 18 2 30
k 12 5 63
k 1 2 75
k 15 1 13
k 4 18 76
k 4 7 83
k 15 11 24
k 0 2 26
k 7 18 10
k 11 3 27
k 10 2 72
k 5 10 18
k 0 16 71
k 7 8 47
k 9 17 15
k 14 17 92
k 16 12 17
k 10 11 58
k 16 3 24
k 18 16 69
k 13 12 12
k 3 7 98
k 1 4 58
k 16 13 63
k 13 18 56
k 12 0 48
k 13 3 86
k 19 12 31
k 17 10 78
k 3 18 20
k 0 5 78
k 8 11 34
k 4 3 92
k 2 16 40
k 0 17 20
k 17 0 43
k 3 2 33
k 14 4 77
k 18 15 69
k 17 14 24
k 7 5 51
k 5 11 63
k 15 3 85
k 1 11 55
k 19 14 51
k 11 13 24
k 19 16 44
k 18 13 74
k 16 11 71
k 14 1 13
k 10 17 32
k 0 18 57
k 19 8 40
k 19 11 30
k 13 9 77
k 12 16 63
k 9 7 85
k 15 9 52
k 13 17 10
k 3 6 35
k 12 7 12
c
c source target cost capacity fixed
a 0 1 100 5135 51862
a 0 3 23 43 12447
a 0 16 71 143 48232
a 0 12 60 59 43564
a 0 11 26 119 22819
a 0 15 14 66 42527
a 0 19 29 112 10373
a 0 4 53 62 9854
a 0 14 28 38 43564
a 0 9 46 74 5705
a 0 13 97 45 46157
a 0 2 82 165 42008
a 0 17 64 95 17633
a 0 18 86 66 46676
a 0 5 88 107 29043
a 0 10 54 107 18152
a 0 6 92 83 18671
a 1 2 100 5135 51862
a 1 18 90 84 17633
a 1 10 14 30 13484
a 1 3 40 148 46676
a 1 12 25 150 34229
a 1 6 62 126 46157
a 1 16 85 78 18671
a 1 19 49 126 12966
a 1 9 60 84 29561
a 1 17 56 69 45638
a 1 4 44 66 26450
a 1 8 10 158 23338
a 1 11 18 45 36822
a 1 15 89 146 37859
a 1 5 33 81 25413
a 1 13 47 48 35266
a 1 14 97 55 22301
a 1 7 22 110 43564
a 2 3 100 5135 51862
a 2 15 27 76 25931
a 2 17 55 71 46676
a 2 11 69 148 50306
a 2 8 42 100 7780
a 2 10 20 167 34229
a 2 12 96 122 17633
a 2 7 80 151 29561
a 2 14 26 93 25413
a 2 6 80 81 16596
a 2 0 65 127 5187
a 2 18 81 90 8817
a 2 4 73 168 44601
a 2 5 89 48 34748
a 2 1 71 122 7780
a 2 13 73 60 25413
a 3 4 100 5135 51862
a 3 18 54 167 21782
a 3 2 88 165 22819
a 3 11 96 120 50306
a 3 14 59 162 17115
a 3 9 98 102 25931
a 3 17 71 126 12966
a 3 0 16 28 48232
a 3 16 65 66 26450
a 3 10 22 122 39415
a 3 1 91 105 37341
a 3 8 21 60 31636
a 3 19 36 134 16078
a 3 7 25 168 21264
a 3 6 14 100 25931
a 3 12 38 83 22819
a 3 13 53 33 10891
a 4 5 100 5135 51862
a 4 7 77 36 45638
a 4 2 65 67 30599
a 4 11 29 127 9336
a 4 0 40 18 25413
a 4 10 68 52 48232
a 4 8 25 50 6742
a 4 12 57 108 49787
a 4 15 20 84 11410
a 4 14 64 38 37341
a 4 18 53 64 6224
a 4 1 56 141 13484
a 4 13 43 95 21264
a 4 19 48 155 29043
a 4 9 41 131 33710
a 4 17 13 150 38897
a 4 6 82 64 47194
a 5 6 100 5135 51862
a 5 2 14 167 16078
a 5 14 15 158 15559
a 5 17 35 62 39415
a 5 9 62 107 24894
a 5 10 81 151 5187
a 5 12 74 71 18671
a 5 19 37 110 49269
a 5 7 84 40 10891
a 5 0 16 141 9336
a 5 13 20 33 19708
a 5 11 43 156 8298
a 5 16 32 115 10891
a 5 15 18 115 40971
a 5 1 79 60 50306
a 6 7 100 5135 51862
a 6 4 62 59 23857
a 6 14 81 155 10891
a 6 11 29 127 27487
a 6 19 75 18 39415
a 6 8 91 78 26450
a 6 5 57 36 10373
a 6 12 65 132 6224
a 6 2 67 67 40971
a 6 17 95 62 5187
a 6 18 14 107 12447
a 6 15 60 33 37341
a 6 13 10 110 39415
a 6 3 44 54 6224
a 6 1 77 67 42527
a 6 9 71 67 17633
a 6 0 74 81 39934
a 7 8 100 5135 51862
a 7 18 74 79 50306
a 7 0 47 84 32673
a 7 4 66 42 40452
a 7 6 69 50 23857
a 7 11 25 78 20745
a 7 13 44 127 22301
a 7 12 20 120 21782
a 7 3 30 115 17115
a 7 9 52 108 15040
a 7 19 11 103 29043
a 7 15 72 21 42008
a 7 16 19 132 31636
a 7 10 17 107 8298
a 7 17 45 45 7261
a 7 5 88 66 45120
a 8 9 100 5135 51862
a 8 10 58 160 18152
a 8 15 16 96 31636
a 8 6 47 168 23338
a 8 16 70 42 31117
a 8 19 50 47 35785
a 8 5 93 156 18671
a 8 14 42 136 20745
a 8 11 73 107 13484
a 8 0 14 102 38897
a 8 13 20 122 20226
a 8 4 56 120 47194
a 8 1 35 151 27487
a 8 17 51 50 27487
a 8 7 91 95 29561
a 8 2 35 112 33710
a 9 10 100 5135 51862
a 9 13 37 162 43564
a 9 14 48 59 11410
a 9 19 80 38 51343
a 9 1 39 153 35266
a 9 12 42 90 18671
a 9 3 60 24 9854
a 9 7 62 132 11929
a 9 5 53 107 34229
a 9 6 75 107 23338
a 9 2 55 28 35785
a 9 15 91 139 35266
a 9 16 65 132 14003
a 9 17 31 95 44083
a 9 4 14 150 47194
a 10 11 100 5135 51862
a 10 12 91 131 41490
a 10 16 60 117 42008
a 10 7 24 108 12447
a 10 0 28 21 42527
a 10 2 52 43 27487
a 10 8 69 151 14003
a 10 1 91 150 22301
a 10 13 80 158 17633
a 10 14 10 102 49787
a 10 19 56 18 26968
a 10 4 99 96 40971
a 10 5 13 134 7780
a 11 12 100 5135 51862
a 11 8 37 50 30599
a 11 7 78 81 49269
a 11 3 23 126 44601
a 11 17 51 126 43564
a 11 10 52 52 34229
a 11 1 13 83 40452
a 11 14 85 52 33710
a 11 16 95 95 31117
a 11 2 27 132 16078
a 11 0 16 74 30080
a 11 19 96 148 48232
a 11 18 23 52 21782
a 11 6 44 119 40971
a 12 13 100 5135 51862
a 12 17 22 136 49787
a 12 1 86 100 11410
a 12 15 11 110 28006
a 12 18 81 168 17633
a 12 4 97 122 39934
a 12 11 75 21 36822
a 12 0 69 31 48232
a 12 8 38 156 5705
a 12 6 34 24 46157
a 12 5 98 153 17633
a 12 3 49 18 9336
a 12 9 45 54 12966
a 12 2 67 96 34229
a 12 16 87 83 48750
a 12 10 56 117 47194
a 13 14 100 5135 51862
a 13 4 97 151 19189
a 13 19 77 54 42008
a 13 2 26 98 20745
a 13 11 56 79 37341
a 13 1 64 96 24375
a 13 10 95 43 6224
a 13 3 69 88 37341
a 13 18 47 60 46676
a 13 5 27 66 19708
a 13 17 67 153 16596
a 13 16 57 81 28006
a 13 8 61 100 22819
a 13 0 22 18 50306
a 14 15 100 5135 51862
a 14 17 66 79 36822
a 14 12 28 40 47194
a 14 4 44 134 7780
a 14 7 98 84 39934
a 14 16 17 119 34748
a 14 13 29 141 37341
a 14 3 61 45 42008
a 14 19 80 136 8817
a 14 5 66 90 50306
a 14 9 58 76 43045
a 14 11 63 18 21782
a 14 0 58 158 10373
a 14 2 24 114 31117
a 14 10 46 23 9336
a 15 16 100 5135 51862
a 15 10 98 163 9854
a 15 14 82 91 47194
a 15 7 78 153 21782
a 15 11 10 69 9336
a 15 18 41 72 32155
a 15 2 56 60 8817
a 15 5 23 21 11929
a 15 13 81 168 12447
a 15 1 81 91 49787
a 15 3 20 83 50306
a 15 17 76 60 17115
a 15 0 23 150 21264
a 15 19 36 88 43564
a 15 6 38 59 28006
a 15 4 56 150 47194
a 15 9 89 84 26450
a 15 8 33 35 5187
a 16 17 100 5135 51862
a 16 14 62 50 43564
a 16 6 84 131 11929
a 16 15 51 107 12447
a 16 3 97 36 24375
a 16 12 53 71 14522
a 16 1 70 23 17115
a 16 13 73 38 9336
a 16 7 64 144 21264
a 16 19 12 91 45120
a 16 10 65 81 44601
a 16 2 66 112 10891
a 16 9 50 28 51343
a 16 8 50 117 49787
a 16 4 88 52 29043
a 16 0 93 48 19708
a 16 18 55 102 31117
a 16 11 84 64 32673
a 17 18 100 5135 51862
a 17 4 45 155 25413
a 17 6 72 48 20226
a 17 10 11 170 29561
a 17 11 50 114 48232
a 17 13 94 78 7261
a 17 7 83 78 49787
a 17 5 41 35 5187
a 17 2 41 54 24375
a 17 16 72 102 45638
a 17 12 43 122 9854
a 17 15 27 131 32673
a 17 3 98 19 5187
a 18 19 100 5135 51862
a 18 5 56 105 34229
a 18 1 70 158 32673
a 18 3 73 151 50306
a 18 15 59 162 46157
a 18 13 13 45 18671
a 18 9 82 90 38897
a 18 2 77 100 16596
a 18 12 92 91 32673
a 18 7 55 167 11929
a 18 6 49 129 39415
a 18 14 81 155 16596
a 18 10 79 48 22819
a 18 16 80 151 34229
a 18 11 43 55 24894
a 18 8 60 71 34748
a 19 0 100 5135 51862
a 19 7 49 131 48232
a 19 8 85 122 18671
a 19 2 76 107 45120
a 19 17 49 115 20745
a 19 13 73 47 23338
a 19 16 66 60 16596
a 19 15 54 136 19189
a 19 9 10 47 30599
a 19 18 26 134 15040
a 19 11 85 28 15040
a 19 12 35 47 30599
a 19 4 19 151 15559
a 19 5 87 144 46157
a 19 6 43 132 29043
a 19 14 57 96 39934
a 19 10 92 120 11929
