c fixed charge multi commodity flow
c
c problem vertices edges commodities
p fcmcf 20 318 100
c
c origin destination demand
k 13 7 71
k 3 13 32
k 10 13 78
k 0 12 40
k 3 17 53
k 2 9 80
k 0 11 57
k 6 11 72
k 10 18 57
k 7 17 73
k 6 9 36
k 4 6 22
k 12 18 93
k 14 0 95
k 10 5 27
k 16 18 37
k 9 15 33
k 16 19 94
k 16 10 19
k 13 5 59
k 8 12 17
k 6 19 91
k 15 19 53
k 11 8 73
k 12 13 55
k 14 10 71
k 18 6 92
k 13 15 32
k 1 3 46
k 7 11 69
k 2 3 27
k 8 1 36
k 18 4 37
k 13 2 13
k 16 7 71
k 12 15 15
k 1 19 48
k 15 13 71
k 5 4 96
k 18 2 30
k 12 5 63
k 1 2 75
k 15 1 13
k 4 18 76
k 4 7 83
k 15 11 24
k 0 2 26
k 7 18 10
k 11 3 27
k 10 2 72
k 5 10 18
k 0 16 71
k 7 8 47
k 9 17 15
k 14 17 92
k 16 12 17
k 10 11 58
k 16 3 24
k 18 16 69
k 13 12 12
k 3 7 98
k 1 4 58
k 16 13 63
k 13 18 56
k 12 0 48
k 13 3 86
k 19 12 31
k 17 10 78
k 3 18 20
k 0 5 78
k 8 11 34
k 4 3 92
k 2 16 40
k 0 17 20
k 17 0 43
k 3 2 33
k 14 4 77
k 18 15 69
k 17 14 24
k 7 5 51
k 5 11 63
k 15 3 85
k 1 11 55
k 19 14 51
k 11 13 24
k 19 16 44
k 18 13 74
k 16 11 71
k 14 1 13
k 10 17 32
k 0 18 57
k 19 8 40
k 19 11 30
k 13 9 77
k 12 16 63
k 9 7 85
k 15 9 52
k 13 17 10
k 3 6 35
k 12 7 12
c
c source target cost capacity fixed
a 0 1 100 5135 25931
a 0 3 23 43 6224
a 0 16 71 143 24116
a 0 12 60 59 21782
a 0 11 26 119 11410
a 0 15 14 66 21264
a 0 19 29 112 5187
a 0 4 53 62 4927
a 0 14 28 38 21782
a 0 9 46 74 2853
a 0 13 97 45 23079
a 0 2 82 165 21004
a 0 17 64 95 8817
a 0 18 86 66 23338
a 0 5 88 107 14522
a 0 10 54 107 9076
a 0 6 92 83 9336
a 1 2 100 5135 25931
a 1 18 90 84 8817
a 1 10 14 30 6742
a 1 3 40 148 23338
a 1 12 25 150 17115
a 1 6 62 126 23079
a 1 16 85 78 9336
a 1 19 49 126 6483
a 1 9 60 84 14781
a 1 17 56 69 22819
a 1 4 44 66 13225
a 1 8 10 158 11669
a 1 11 18 45 18411
a 1 15 89 146 18930
a 1 5 33 81 12707
a 1 13 47 48 17633
a 1 14 97 55 11151
a 1 7 22 110 21782
a 2 3 100 5135 25931
a 2 15 27 76 12966
a 2 17 55 71 23338
a 2 11 69 148 25153
a 2 8 42 100 3890
a 2 10 20 167 17115
a 2 12 96 122 8817
a 2 7 80 151 14781
a 2 14 26 93 12707
a 2 6 80 81 8298
a 2 0 65 127 2594
a 2 18 81 90 4409
a 2 4 73 168 22301
a 2 5 89 48 17374
a 2 1 71 122 3890
a 2 13 73 60 12707
a 3 4 100 5135 25931
a 3 18 54 167 10891
a 3 2 88 165 11410
a 3 11 96 120 25153
a 3 14 59 162 8558
a 3 9 98 102 12966
a 3 17 71 126 6483
a 3 0 16 28 24116
a 3 16 65 66 13225
a 3 10 22 122 19708
a 3 1 91 105 18671
a 3 8 21 60 15818
a 3 19 36 134 8039
a 3 7 25 168 10632
a 3 6 14 100 12966
a 3 12 38 83 11410
a 3 13 53 33 5446
a 4 5 100 5135 25931
a 4 7 77 36 22819
a 4 2 65 67 15300
a 4 11 29 127 4668
a 4 0 40 18 12707
a 4 10 68 52 24116
a 4 8 25 50 3371
a 4 12 57 108 24894
a 4 15 20 84 5705
a 4 14 64 38 18671
a 4 18 53 64 3112
a 4 1 56 141 6742
a 4 13 43 95 10632
a 4 19 48 155 14522
a 4 9 41 131 16855
a 4 17 13 150 19449
a 4 6 82 64 23597
a 5 6 100 5135 25931
a 5 2 14 167 8039
a 5 14 15 158 7780
a 5 17 35 62 19708
a 5 9 62 107 12447
a 5 10 81 151 2594
a 5 12 74 71 9336
a 5 19 37 110 24635
a 5 7 84 40 5446
a 5 0 16 141 4668
a 5 13 20 33 9854
a 5 11 43 156 4149
a 5 16 32 115 5446
a 5 15 18 115 20486
a 5 1 79 60 25153
a 6 7 100 5135 25931
a 6 4 62 59 11929
a 6 14 81 155 5446
a 6 11 29 127 13744
a 6 19 75 18 19708
a 6 8 91 78 13225
a 6 5 57 36 5187
a 6 12 65 132 3112
a 6 2 67 67 20486
a 6 17 95 62 2594
a 6 18 14 107 6224
a 6 15 60 33 18671
a 6 13 10 110 19708
a 6 3 44 54 3112
a 6 1 77 67 21264
a 6 9 71 67 8817
a 6 0 74 81 19967
a 7 8 100 5135 25931
a 7 18 74 79 25153
a 7 0 47 84 16337
a 7 4 66 42 20226
a 7 6 69 50 11929
a 7 11 25 78 10373
a 7 13 44 127 11151
a 7 12 20 120 10891
a 7 3 30 115 8558
a 7 9 52 108 7520
a 7 19 11 103 14522
a 7 15 72 21 21004
a 7 16 19 132 15818
a 7 10 17 107 4149
a 7 17 45 45 3631
a 7 5 88 66 22560
a 8 9 100 5135 25931
a 8 10 58 160 9076
a 8 15 16 96 15818
a 8 6 47 168 11669
a 8 16 70 42 15559
a 8 19 50 47 17893
a 8 5 93 156 9336
a 8 14 42 136 10373
a 8 11 73 107 6742
a 8 0 14 102 19449
a 8 13 20 122 10113
a 8 4 56 120 23597
a 8 1 35 151 13744
a 8 17 51 50 13744
a 8 7 91 95 14781
a 8 2 35 112 16855
a 9 10 100 5135 25931
a 9 13 37 162 21782
a 9 14 48 59 5705
a 9 19 80 38 25672
a 9 1 39 153 17633
a 9 12 42 90 9336
a 9 3 60 24 4927
a 9 7 62 132 5965
a 9 5 53 107 17115
a 9 6 75 107 11669
a 9 2 55 28 17893
a 9 15 91 139 17633
a 9 16 65 132 7002
a 9 17 31 95 22042
a 9 4 14 150 23597
a 10 11 100 5135 25931
a 10 12 91 131 20745
a 10 16 60 117 21004
a 10 7 24 108 6224
a 10 0 28 21 21264
a 10 2 52 43 13744
a 10 8 69 151 7002
a 10 1 91 150 11151
a 10 13 80 158 8817
a 10 14 10 102 24894
a 10 19 56 18 13484
a 10 4 99 96 20486
a 10 5 13 134 3890
a 11 12 100 5135 25931
a 11 8 37 50 15300
a 11 7 78 81 24635
a 11 3 23 126 22301
a 11 17 51 126 21782
a 11 10 52 52 17115
a 11 1 13 83 20226
a 11 14 85 52 16855
a 11 16 95 95 15559
a 11 2 27 132 8039
a 11 0 16 74 15040
a 11 19 96 148 24116
a 11 18 23 52 10891
a 11 6 44 119 20486
a 12 13 100 5135 25931
a 12 17 22 136 24894
a 12 1 86 100 5705
a 12 15 11 110 14003
a 12 18 81 168 8817
a 12 4 97 122 19967
a 12 11 75 21 18411
a 12 0 69 31 24116
a 12 8 38 156 2853
a 12 6 34 24 23079
a 12 5 98 153 8817
a 12 3 49 18 4668
a 12 9 45 54 6483
a 12 2 67 96 17115
a 12 16 87 83 24375
a 12 10 56 117 23597
a 13 14 100 5135 25931
a 13 4 97 151 9595
a 13 19 77 54 21004
a 13 2 26 98 10373
a 13 11 56 79 18671
a 13 1 64 96 12188
a 13 10 95 43 3112
a 13 3 69 88 18671
a 13 18 47 60 23338
a 13 5 27 66 9854
a 13 17 67 153 8298
a 13 16 57 81 14003
a 13 8 61 100 11410
a 13 0 22 18 25153
a 14 15 100 5135 25931
a 14 17 66 79 18411
a 14 12 28 40 23597
a 14 4 44 134 3890
a 14 7 98 84 19967
a 14 16 17 119 17374
a 14 13 29 141 18671
a 14 3 61 45 21004
a 14 19 80 136 4409
a 14 5 66 90 25153
a 14 9 58 76 21523
a 14 11 63 18 10891
a 14 0 58 158 5187
a 14 2 24 114 15559
a 14 10 46 23 4668
a 15 16 100 5135 25931
a 15 10 98 163 4927
a 15 14 82 91 23597
a 15 7 78 153 10891
a 15 11 10 69 4668
a 15 18 41 72 16078
a 15 2 56 60 4409
a 15 5 23 21 5965
a 15 13 81 168 6224
a 15 1 81 91 24894
a 15 3 20 83 25153
a 15 17 76 60 8558
a 15 0 23 150 10632
a 15 19 36 88 21782
a 15 6 38 59 14003
a 15 4 56 150 23597
a 15 9 89 84 13225
a 15 8 33 35 2594
a 16 17 100 5135 25931
a 16 14 62 50 21782
a 16 6 84 131 5965
a 16 15 51 107 6224
a 16 3 97 36 12188
a 16 12 53 71 7261
a 16 1 70 23 8558
a 16 13 73 38 4668
a 16 7 64 144 10632
a 16 19 12 91 22560
a 16 10 65 81 22301
a 16 2 66 112 5446
a 16 9 50 28 25672
a 16 8 50 117 24894
a 16 4 88 52 14522
a 16 0 93 48 9854
a 16 18 55 102 15559
a 16 11 84 64 16337
a 17 18 100 5135 25931
a 17 4 45 155 12707
a 17 6 72 48 10113
a 17 10 11 170 14781
a 17 11 50 114 24116
a 17 13 94 78 3631
a 17 7 83 78 24894
a 17 5 41 35 2594
a 17 2 41 54 12188
a 17 16 72 102 22819
a 17 12 43 122 4927
a 17 15 27 131 16337
a 17 3 98 19 2594
a 18 19 100 5135 25931
a 18 5 56 105 17115
a 18 1 70 158 16337
a 18 3 73 151 25153
a 18 15 59 162 23079
a 18 13 13 45 9336
a 18 9 82 90 19449
a 18 2 77 100 8298
a 18 12 92 91 16337
a 18 7 55 167 5965
a 18 6 49 129 19708
a 18 14 81 155 8298
a 18 10 79 48 11410
a 18 16 80 151 17115
a 18 11 43 55 12447
a 18 8 60 71 17374
a 19 0 100 5135 25931
a 19 7 49 131 24116
a 19 8 85 122 9336
a 19 2 76 107 22560
a 19 17 49 115 10373
a 19 13 73 47 11669
a 19 16 66 60 8298
a 19 15 54 136 9595
a 19 9 10 47 15300
a 19 18 26 134 7520
a 19 11 85 28 7520
a 19 12 35 47 15300
a 19 4 19 151 7780
a 19 5 87 144 23079
a 19 6 43 132 14522
a 19 14 57 96 19967
a 19 10 92 120 5965
