c fixed charge multi commodity flow
c
c problem vertices edges commodities
p fcmcf 20 318 100
c
c origin destination demand
k 13 7 71
k 3 13 32
k 10 13 78
k 0 12 40
k 3 17 53
k 2 9 80
k 0 11 57
k 6 11 72
k 10 18 57
k 7 17 73
k 6 9 36
k 4 6 22
k 12 18 93
k 14 0 95
k 10 5 27
k 16 18 37
k 9 15 33
k 16 19 94
k 16 10 19
k 13 5 59
k 8 12 17
k 6 19 91
k 15 19 53
k 11 8 73
k 12 13 55
k 14 10 71
k 18 6 92
k 13 15 32
k 1 3 46
k 7 11 69
k 2 3 27
k 8 1 36
k 18 4 37
k 13 2 13
k 16 7 71
k 12 15 15
k 1 19 48
k 15 13 71
k 5 4 96
k 18 2 30
k 12 5 63
k 1 2 75
k 15 1 13
k 4 18 76
k 4 7 83
k 15 11 24
k 0 2 26
k 7 18 10
k 11 3 27
k 10 2 72
k 5 10 18
k 0 16 71
k 7 8 47
k 9 17 15
k 14 17 92
k 16 12 17
k 10 11 58
k 16 3 24
k 18 16 69
k 13 12 12
k 3 7 98
k 1 4 58
k 16 13 63
k 13 18 56
k 12 0 48
k 13 3 86
k 19 12 31
k 17 10 78
k 3 18 20
k 0 5 78
k 8 11 34
k 4 3 92
k 2 16 40
k 0 17 20
k 17 0 43
k 3 2 33
k 14 4 77
k 18 15 69
k 17 14 24
k 7 5 51
k 5 11 63
k 15 3 85
k 1 11 55
k 19 14 51
k 11 13 24
k 19 16 44
k 18 13 74
k 16 11 71
k 14 1 13
k 10 17 32
k 0 18 57
k 19 8 40
k 19 11 30
k 13 9 77
k 12 16 63
k 9 7 85
k 15 9 52
k 13 17 10
k 3 6 35
k 12 7 12
c
c source target cost capacity fixed
a 0 1 100 5135 5187
a 0 3 23 343 1245
a 0 16 71 1138 4824
a 0 12 60 467 4357
a 0 11 26 946 2282
a 0 15 14 521 4253
a 0 19 29 892 1038
a 0 4 53 494 986
a 0 14 28 302 4357
a 0 9 46 590 571
a 0 13 97 357 4616
a 0 2 82 1317 4201
a 0 17 64 754 1764
a 0 18 86 521 4668
a 0 5 88 850 2905
a 0 10 54 850 1816
a 0 6 92 659 1868
a 1 2 100 5135 5187
a 1 18 90 672 1764
a 1 10 14 234 1349
a 1 3 40 1179 4668
a 1 12 25 1193 3423
a 1 6 62 1001 4616
a 1 16 85 617 1868
a 1 19 49 1001 1297
a 1 9 60 672 2957
a 1 17 56 549 4564
a 1 4 44 521 2645
a 1 8 10 1262 2334
a 1 11 18 357 3683
a 1 15 89 1166 3786
a 1 5 33 645 2542
a 1 13 47 384 3527
a 1 14 97 439 2231
a 1 7 22 878 4357
a 2 3 100 5135 5187
a 2 15 27 604 2594
a 2 17 55 563 4668
a 2 11 69 1179 5031
a 2 8 42 796 778
a 2 10 20 1330 3423
a 2 12 96 974 1764
a 2 7 80 1207 2957
a 2 14 26 741 2542
a 2 6 80 645 1660
a 2 0 65 1015 519
a 2 18 81 713 882
a 2 4 73 1344 4461
a 2 5 89 384 3475
a 2 1 71 974 778
a 2 13 73 480 2542
a 3 4 100 5135 5187
a 3 18 54 1330 2179
a 3 2 88 1317 2282
a 3 11 96 960 5031
a 3 14 59 1289 1712
a 3 9 98 809 2594
a 3 17 71 1001 1297
a 3 0 16 220 4824
a 3 16 65 521 2645
a 3 10 22 974 3942
a 3 1 91 837 3735
a 3 8 21 480 3164
a 3 19 36 1070 1608
a 3 7 25 1344 2127
a 3 6 14 796 2594
a 3 12 38 659 2282
a 3 13 53 261 1090
a 4 5 100 5135 5187
a 4 7 77 288 4564
a 4 2 65 535 3060
a 4 11 29 1015 934
a 4 0 40 138 2542
a 4 10 68 412 4824
a 4 8 25 398 675
a 4 12 57 864 4979
a 4 15 20 672 1141
a 4 14 64 302 3735
a 4 18 53 508 623
a 4 1 56 1125 1349
a 4 13 43 754 2127
a 4 19 48 1234 2905
a 4 9 41 1042 3371
a 4 17 13 1193 3890
a 4 6 82 508 4720
a 5 6 100 5135 5187
a 5 2 14 1330 1608
a 5 14 15 1262 1556
a 5 17 35 494 3942
a 5 9 62 850 2490
a 5 10 81 1207 519
a 5 12 74 563 1868
a 5 19 37 878 4927
a 5 7 84 316 1090
a 5 0 16 1125 934
a 5 13 20 261 1971
a 5 11 43 1248 830
a 5 16 32 919 1090
a 5 15 18 919 4098
a 5 1 79 480 5031
a 6 7 100 5135 5187
a 6 4 62 467 2386
a 6 14 81 1234 1090
a 6 11 29 1015 2749
a 6 19 75 138 3942
a 6 8 91 617 2645
a 6 5 57 288 1038
a 6 12 65 1056 623
a 6 2 67 535 4098
a 6 17 95 494 519
a 6 18 14 850 1245
a 6 15 60 261 3735
a 6 13 10 878 3942
a 6 3 44 425 623
a 6 1 77 535 4253
a 6 9 71 535 1764
a 6 0 74 645 3994
a 7 8 100 5135 5187
a 7 18 74 631 5031
a 7 0 47 672 3268
a 7 4 66 330 4046
a 7 6 69 398 2386
a 7 11 25 617 2075
a 7 13 44 1015 2231
a 7 12 20 960 2179
a 7 3 30 919 1712
a 7 9 52 864 1504
a 7 19 11 823 2905
a 7 15 72 165 4201
a 7 16 19 1056 3164
a 7 10 17 850 830
a 7 17 45 357 727
a 7 5 88 521 4512
a 8 9 100 5135 5187
a 8 10 58 1275 1816
a 8 15 16 768 3164
a 8 6 47 1344 2334
a 8 16 70 330 3112
a 8 19 50 371 3579
a 8 5 93 1248 1868
a 8 14 42 1083 2075
a 8 11 73 850 1349
a 8 0 14 809 3890
a 8 13 20 974 2023
a 8 4 56 960 4720
a 8 1 35 1207 2749
a 8 17 51 398 2749
a 8 7 91 754 2957
a 8 2 35 892 3371
a 9 10 100 5135 5187
a 9 13 37 1289 4357
a 9 14 48 467 1141
a 9 19 80 302 5135
a 9 1 39 1221 3527
a 9 12 42 713 1868
a 9 3 60 192 986
a 9 7 62 1056 1193
a 9 5 53 850 3423
a 9 6 75 850 2334
a 9 2 55 220 3579
a 9 15 91 1111 3527
a 9 16 65 1056 1401
a 9 17 31 754 4409
a 9 4 14 1193 4720
a 10 11 100 5135 5187
a 10 12 91 1042 4149
a 10 16 60 933 4201
a 10 7 24 864 1245
a 10 0 28 165 4253
a 10 2 52 343 2749
a 10 8 69 1207 1401
a 10 1 91 1193 2231
a 10 13 80 1262 1764
a 10 14 10 809 4979
a 10 19 56 138 2697
a 10 4 99 768 4098
a 10 5 13 1070 778
a 11 12 100 5135 5187
a 11 8 37 398 3060
a 11 7 78 645 4927
a 11 3 23 1001 4461
a 11 17 51 1001 4357
a 11 10 52 412 3423
a 11 1 13 659 4046
a 11 14 85 412 3371
a 11 16 95 754 3112
a 11 2 27 1056 1608
a 11 0 16 590 3008
a 11 19 96 1179 4824
a 11 18 23 412 2179
a 11 6 44 946 4098
a 12 13 100 5135 5187
a 12 17 22 1083 4979
a 12 1 86 796 1141
a 12 15 11 878 2801
a 12 18 81 1344 1764
a 12 4 97 974 3994
a 12 11 75 165 3683
a 12 0 69 247 4824
a 12 8 38 1248 571
a 12 6 34 192 4616
a 12 5 98 1221 1764
a 12 3 49 138 934
a 12 9 45 425 1297
a 12 2 67 768 3423
a 12 16 87 659 4875
a 12 10 56 933 4720
a 13 14 100 5135 5187
a 13 4 97 1207 1919
a 13 19 77 425 4201
a 13 2 26 782 2075
a 13 11 56 631 3735
a 13 1 64 768 2438
a 13 10 95 343 623
a 13 3 69 700 3735
a 13 18 47 480 4668
a 13 5 27 521 1971
a 13 17 67 1221 1660
a 13 16 57 645 2801
a 13 8 61 796 2282
a 13 0 22 138 5031
a 14 15 100 5135 5187
a 14 17 66 631 3683
a 14 12 28 316 4720
a 14 4 44 1070 778
a 14 7 98 672 3994
a 14 16 17 946 3475
a 14 13 29 1125 3735
a 14 3 61 357 4201
a 14 19 80 1083 882
a 14 5 66 713 5031
a 14 9 58 604 4305
a 14 11 63 138 2179
a 14 0 58 1262 1038
a 14 2 24 905 3112
a 14 10 46 179 934
a 15 16 100 5135 5187
a 15 10 98 1303 986
a 15 14 82 727 4720
a 15 7 78 1221 2179
a 15 11 10 549 934
a 15 18 41 576 3216
a 15 2 56 480 882
a 15 5 23 165 1193
a 15 13 81 1344 1245
a 15 1 81 727 4979
a 15 3 20 659 5031
a 15 17 76 480 1712
a 15 0 23 1193 2127
a 15 19 36 700 4357
a 15 6 38 467 2801
a 15 4 56 1193 4720
a 15 9 89 672 2645
a 15 8 33 275 519
a 16 17 100 5135 5187
a 16 14 62 398 4357
a 16 6 84 1042 1193
a 16 15 51 850 1245
a 16 3 97 288 2438
a 16 12 53 563 1453
a 16 1 70 179 1712
a 16 13 73 302 934
a 16 7 64 1152 2127
a 16 19 12 727 4512
a 16 10 65 645 4461
a 16 2 66 892 1090
a 16 9 50 220 5135
a 16 8 50 933 4979
a 16 4 88 412 2905
a 16 0 93 384 1971
a 16 18 55 809 3112
a 16 11 84 508 3268
a 17 18 100 5135 5187
a 17 4 45 1234 2542
a 17 6 72 384 2023
a 17 10 11 1358 2957
a 17 11 50 905 4824
a 17 13 94 617 727
a 17 7 83 617 4979
a 17 5 41 275 519
a 17 2 41 425 2438
a 17 16 72 809 4564
a 17 12 43 974 986
a 17 15 27 1042 3268
a 17 3 98 151 519
a 18 19 100 5135 5187
a 18 5 56 837 3423
a 18 1 70 1262 3268
a 18 3 73 1207 5031
a 18 15 59 1289 4616
a 18 13 13 357 1868
a 18 9 82 713 3890
a 18 2 77 796 1660
a 18 12 92 727 3268
a 18 7 55 1330 1193
a 18 6 49 1029 3942
a 18 14 81 1234 1660
a 18 10 79 384 2282
a 18 16 80 1207 3423
a 18 11 43 439 2490
a 18 8 60 563 3475
a 19 0 100 5135 5187
a 19 7 49 1042 4824
a 19 8 85 974 1868
a 19 2 76 850 4512
a 19 17 49 919 2075
a 19 13 73 371 2334
a 19 16 66 480 1660
a 19 15 54 1083 1919
a 19 9 10 371 3060
a 19 18 26 1070 1504
a 19 11 85 220 1504
a 19 12 35 371 3060
a 19 4 19 1207 1556
a 19 5 87 1152 4616
a 19 6 43 1056 2905
a 19 14 57 768 3994
a 19 10 92 960 1193
