c fixed charge multi commodity flow
c
c problem vertices edges commodities
p fcmcf 20 318 100
c
c origin destination demand
k 13 7 71
k 3 13 32
k 10 13 78
k 0 12 40
k 3 17 53
k 2 9 80
k 0 11 57
k 6 11 72
k 10 18 57
k 7 17 73
k 6 9 36
k 4 6 22
k 12 18 93
k 14 0 95
k 10 5 27
k 16 18 37
k 9 15 33
k 16 19 94
k 16 10 19
k 13 5 59
k 8 12 17
k 6 19 91
k 15 19 53
k 11 8 73
k 12 13 55
k 14 10 71
k 18 6 92
k 13 15 32
k 1 3 46
k 7 11 69
k 2 3 27
k 8 1 36
k 18 4 37
k 13 2 13
k 16 7 71
k 12 15 15
k 1 19 48
k 15 13 71
k 5 4 96
k 18 2 30
k 12 5 63
k 1 2 75
k 15 1 13
k 4 18 76
k 4 7 83
k 15 11 24
k 0 2 26
k 7 18 10
k 11 3 27
k 10 2 72
k 5 10 18
k 0 16 71
k 7 8 47
k 9 17 15
k 14 17 92
k 16 12 17
k 10 11 58
k 16 3 24
k 18 16 69
k 13 12 12
k 3 7 98
k 1 4 58
k 16 13 63
k 13 18 56
k 12 0 48
k 13 3 86
k 19 12 31
k 17 10 78
k 3 18 20
k 0 5 78
k 8 11 34
k 4 3 92
k 2 16 40
k 0 17 20
k 17 0 43
k 3 2 33
k 14 4 77
k 18 15 69
k 17 14 24
k 7 5 51
k 5 11 63
k 15 3 85
k 1 11 55
k 19 14 51
k 11 13 24
k 19 16 44
k 18 13 74
k 16 11 71
k 14 1 13
k 10 17 32
k 0 18 57
k 19 8 40
k 19 11 30
k 13 9 77
k 12 16 63
k 9 7 85
k 15 9 52
k 13 17 10
k 3 6 35
k 12 7 12
c
c source target cost capacity fixed
a 0 1 100 5135 5187
a 0 3 23 43 1245
a 0 16 71 143 4824
a 0 12 60 59 4357
a 0 11 26 119 2282
a 0 15 14 66 4253
a 0 19 29 112 1038
a 0 4 53 62 986
a 0 14 28 38 4357
a 0 9 46 74 571
a 0 13 97 45 4616
a 0 2 82 165 4201
a 0 17 64 95 1764
a 0 18 86 66 4668
a 0 5 88 107 2905
a 0 10 54 107 1816
a 0 6 92 83 1868
a 1 2 100 5135 5187
a 1 18 90 84 1764
a 1 10 14 30 1349
a 1 3 40 148 4668
a 1 12 25 150 3423
a 1 6 62 126 4616
a 1 16 85 78 1868
a 1 19 49 126 1297
a 1 9 60 84 2957
a 1 17 56 69 4564
a 1 4 44 66 2645
a 1 8 10 158 2334
a 1 11 18 45 3683
a 1 15 89 146 3786
a 1 5 33 81 2542
a 1 13 47 48 3527
a 1 14 97 55 2231
a 1 7 22 110 4357
a 2 3 100 5135 5187
a 2 15 27 76 2594
a 2 17 55 71 4668
a 2 11 69 148 5031
a 2 8 42 100 778
a 2 10 20 167 3423
a 2 12 96 122 1764
a 2 7 80 151 2957
a 2 14 26 93 2542
a 2 6 80 81 1660
a 2 0 65 127 519
a 2 18 81 90 882
a 2 4 73 168 4461
a 2 5 89 48 3475
a 2 1 71 122 778
a 2 13 73 60 2542
a 3 4 100 5135 5187
a 3 18 54 167 2179
a 3 2 88 165 2282
a 3 11 96 120 5031
a 3 14 59 162 1712
a 3 9 98 102 2594
a 3 17 71 126 1297
a 3 0 16 28 4824
a 3 16 65 66 2645
a 3 10 22 122 3942
a 3 1 91 105 3735
a 3 8 21 60 3164
a 3 19 36 134 1608
a 3 7 25 168 2127
a 3 6 14 100 2594
a 3 12 38 83 2282
a 3 13 53 33 1090
a 4 5 100 5135 5187
a 4 7 77 36 4564
a 4 2 65 67 3060
a 4 11 29 127 934
a 4 0 40 18 2542
a 4 10 68 52 4824
a 4 8 25 50 675
a 4 12 57 108 4979
a 4 15 20 84 1141
a 4 14 64 38 3735
a 4 18 53 64 623
a 4 1 56 141 1349
a 4 13 43 95 2127
a 4 19 48 155 2905
a 4 9 41 131 3371
a 4 17 13 150 3890
a 4 6 82 64 4720
a 5 6 100 5135 5187
a 5 2 14 167 1608
a 5 14 15 158 1556
a 5 17 35 62 3942
a 5 9 62 107 2490
a 5 10 81 151 519
a 5 12 74 71 1868
a 5 19 37 110 4927
a 5 7 84 40 1090
a 5 0 16 141 934
a 5 13 20 33 1971
a 5 11 43 156 830
a 5 16 32 115 1090
a 5 15 18 115 4098
a 5 1 79 60 5031
a 6 7 100 5135 5187
a 6 4 62 59 2386
a 6 14 81 155 1090
a 6 11 29 127 2749
a 6 19 75 18 3942
a 6 8 91 78 2645
a 6 5 57 36 1038
a 6 12 65 132 623
a 6 2 67 67 4098
a 6 17 95 62 519
a 6 18 14 107 1245
a 6 15 60 33 3735
a 6 13 10 110 3942
a 6 3 44 54 623
a 6 1 77 67 4253
a 6 9 71 67 1764
a 6 0 74 81 3994
a 7 8 100 5135 5187
a 7 18 74 79 5031
a 7 0 47 84 3268
a 7 4 66 42 4046
a 7 6 69 50 2386
a 7 11 25 78 2075
a 7 13 44 127 2231
a 7 12 20 120 2179
a 7 3 30 115 1712
a 7 9 52 108 1504
a 7 19 11 103 2905
a 7 15 72 21 4201
a 7 16 19 132 3164
a 7 10 17 107 830
a 7 17 45 45 727
a 7 5 88 66 4512
a 8 9 100 5135 5187
a 8 10 58 160 1816
a 8 15 16 96 3164
a 8 6 47 168 2334
a 8 16 70 42 3112
a 8 19 50 47 3579
a 8 5 93 156 1868
a 8 14 42 136 2075
a 8 11 73 107 1349
a 8 0 14 102 3890
a 8 13 20 122 2023
a 8 4 56 120 4720
a 8 1 35 151 2749
a 8 17 51 50 2749
a 8 7 91 95 2957
a 8 2 35 112 3371
a 9 10 100 5135 5187
a 9 13 37 162 4357
a 9 14 48 59 1141
a 9 19 80 38 5135
a 9 1 39 153 3527
a 9 12 42 90 1868
a 9 3 60 24 986
a 9 7 62 132 1193
a 9 5 53 107 3423
a 9 6 75 107 2334
a 9 2 55 28 3579
a 9 15 91 139 3527
a 9 16 65 132 1401
a 9 17 31 95 4409
a 9 4 14 150 4720
a 10 11 100 5135 5187
a 10 12 91 131 4149
a 10 16 60 117 4201
a 10 7 24 108 1245
a 10 0 28 21 4253
a 10 2 52 43 2749
a 10 8 69 151 1401
a 10 1 91 150 2231
a 10 13 80 158 1764
a 10 14 10 102 4979
a 10 19 56 18 2697
a 10 4 99 96 4098
a 10 5 13 134 778
a 11 12 100 5135 5187
a 11 8 37 50 3060
a 11 7 78 81 4927
a 11 3 23 126 4461
a 11 17 51 126 4357
a 11 10 52 52 3423
a 11 1 13 83 4046
a 11 14 85 52 3371
a 11 16 95 95 3112
a 11 2 27 132 1608
a 11 0 16 74 3008
a 11 19 96 148 4824
a 11 18 23 52 2179
a 11 6 44 119 4098
a 12 13 100 5135 5187
a 12 17 22 136 4979
a 12 1 86 100 1141
a 12 15 11 110 2801
a 12 18 81 168 1764
a 12 4 97 122 3994
a 12 11 75 21 3683
a 12 0 69 31 4824
a 12 8 38 156 571
a 12 6 34 24 4616
a 12 5 98 153 1764
a 12 3 49 18 934
a 12 9 45 54 1297
a 12 2 67 96 3423
a 12 16 87 83 4875
a 12 10 56 117 4720
a 13 14 100 5135 5187
a 13 4 97 151 1919
a 13 19 77 54 4201
a 13 2 26 98 2075
a 13 11 56 79 3735
a 13 1 64 96 2438
a 13 10 95 43 623
a 13 3 69 88 3735
a 13 18 47 60 4668
a 13 5 27 66 1971
a 13 17 67 153 1660
a 13 16 57 81 2801
a 13 8 61 100 2282
a 13 0 22 18 5031
a 14 15 100 5135 5187
a 14 17 66 79 3683
a 14 12 28 40 4720
a 14 4 44 134 778
a 14 7 98 84 3994
a 14 16 17 119 3475
a 14 13 29 141 3735
a 14 3 61 45 4201
a 14 19 80 136 882
a 14 5 66 90 5031
a 14 9 58 76 4305
a 14 11 63 18 2179
a 14 0 58 158 1038
a 14 2 24 114 3112
a 14 10 46 23 934
a 15 16 100 5135 5187
a 15 10 98 163 986
a 15 14 82 91 4720
a 15 7 78 153 2179
a 15 11 10 69 934
a 15 18 41 72 3216
a 15 2 56 60 882
a 15 5 23 21 1193
a 15 13 81 168 1245
a 15 1 81 91 4979
a 15 3 20 83 5031
a 15 17 76 60 1712
a 15 0 23 150 2127
a 15 19 36 88 4357
a 15 6 38 59 2801
a 15 4 56 150 4720
a 15 9 89 84 2645
a 15 8 33 35 519
a 16 17 100 5135 5187
a 16 14 62 50 4357
a 16 6 84 131 1193
a 16 15 51 107 1245
a 16 3 97 36 2438
a 16 12 53 71 1453
a 16 1 70 23 1712
a 16 13 73 38 934
a 16 7 64 144 2127
a 16 19 12 91 4512
a 16 10 65 81 4461
a 16 2 66 112 1090
a 16 9 50 28 5135
a 16 8 50 117 4979
a 16 4 88 52 2905
a 16 0 93 48 1971
a 16 18 55 102 3112
a 16 11 84 64 3268
a 17 18 100 5135 5187
a 17 4 45 155 2542
a 17 6 72 48 2023
a 17 10 11 170 2957
a 17 11 50 114 4824
a 17 13 94 78 727
a 17 7 83 78 4979
a 17 5 41 35 519
a 17 2 41 54 2438
a 17 16 72 102 4564
a 17 12 43 122 986
a 17 15 27 131 3268
a 17 3 98 19 519
a 18 19 100 5135 5187
a 18 5 56 105 3423
a 18 1 70 158 3268
a 18 3 73 151 5031
a 18 15 59 162 4616
a 18 13 13 45 1868
a 18 9 82 90 3890
a 18 2 77 100 1660
a 18 12 92 91 3268
a 18 7 55 167 1193
a 18 6 49 129 3942
a 18 14 81 155 1660
a 18 10 79 48 2282
a 18 16 80 151 3423
a 18 11 43 55 2490
a 18 8 60 71 3475
a 19 0 100 5135 5187
a 19 7 49 131 4824
a 19 8 85 122 1868
a 19 2 76 107 4512
a 19 17 49 115 2075
a 19 13 73 47 2334
a 19 16 66 60 1660
a 19 15 54 136 1919
a 19 9 10 47 3060
a 19 18 26 134 1504
a 19 11 85 28 1504
a 19 12 35 47 3060
a 19 4 19 151 1556
a 19 5 87 144 4616
a 19 6 43 132 2905
a 19 14 57 96 3994
a 19 10 92 120 1193
