c fixed charge multi commodity flow
c
c problem vertices edges commodities
p fcmcf 20 318 100
c
c origin destination demand
k 13 7 71
k 3 13 32
k 10 13 78
k 0 12 40
k 3 17 53
k 2 9 80
k 0 11 57
k 6 11 72
k 10 18 57
k 7 17 73
k 6 9 36
k 4 6 22
k 12 18 93
k 14 0 95
k 10 5 27
k 16 18 37
k 9 15 33
k 16 19 94
k 16 10 19
k 13 5 59
k 8 12 17
k 6 19 91
k 15 19 53
k 11 8 73
k 12 13 55
k 14 10 71
k 18 6 92
k 13 15 32
k 1 3 46
k 7 11 69
k 2 3 27
k 8 1 36
k 18 4 37
k 13 2 13
k 16 7 71
k 12 15 15
k 1 19 48
k 15 13 71
k 5 4 96
k 18 2 30
k 12 5 63
k 1 2 75
k 15 1 13
k 4 18 76
k 4 7 83
k 15 11 24
k 0 2 26
k 7 18 10
k 11 3 27
k 10 2 72
k 5 10 18
k 0 16 71
k 7 8 47
k 9 17 15
k 14 17 92
k 16 12 17
k 10 11 58
k 16 3 24
k 18 16 69
k 13 12 12
k 3 7 98
k 1 4 58
k 16 13 63
k 13 18 56
k 12 0 48
k 13 3 86
k 19 12 31
k 17 10 78
k 3 18 20
k 0 5 78
k 8 11 34
k 4 3 92
k 2 16 40
k 0 17 20
k 17 0 43
k 3 2 33
k 14 4 77
k 18 15 69
k 17 14 24
k 7 5 51
k 5 11 63
k 15 3 85
k 1 11 55
k 19 14 51
k 11 13 24
k 19 16 44
k 18 13 74
k 16 11 71
k 14 1 13
k 10 17 32
k 0 18 57
k 19 8 40
k 19 11 30
k 13 9 77
k 12 16 63
k 9 7 85
k 15 9 52
k 13 17 10
k 3 6 35
k 12 7 12
c
c source target cost capacity fixed
a 0 1 100 5135 51862
a 0 3 23 172 12447
a 0 16 71 569 48232
a 0 12 60 234 43564
a 0 11 26 473 22819
a 0 15 14 261 42527
a 0 19 29 446 10373
a 0 4 53 247 9854
a 0 14 28 151 43564
a 0 9 46 295 5705
a 0 13 97 179 46157
a 0 2 82 659 42008
a 0 17 64 377 17633
a 0 18 86 261 46676
a 0 5 88 425 29043
a 0 10 54 425 18152
a 0 6 92 330 18671
a 1 2 100 5135 51862
a 1 18 90 336 17633
a 1 10 14 117 13484
a 1 3 40 590 46676
a 1 12 25 597 34229
a 1 6 62 501 46157
a 1 16 85 309 18671
a 1 19 49 501 12966
a 1 9 60 336 29561
a 1 17 56 275 45638
a 1 4 44 261 26450
a 1 8 10 631 23338
a 1 11 18 179 36822
a 1 15 89 583 37859
a 1 5 33 323 25413
a 1 13 47 192 35266
a 1 14 97 220 22301
a 1 7 22 439 43564
a 2 3 100 5135 51862
a 2 15 27 302 25931
a 2 17 55 282 46676
a 2 11 69 590 50306
a 2 8 42 398 7780
a 2 10 20 665 34229
a 2 12 96 487 17633
a 2 7 80 604 29561
a 2 14 26 371 25413
a 2 6 80 323 16596
a 2 0 65 508 5187
a 2 18 81 357 8817
a 2 4 73 672 44601
a 2 5 89 192 34748
a 2 1 71 487 7780
a 2 13 73 240 25413
a 3 4 100 5135 51862
a 3 18 54 665 21782
a 3 2 88 659 22819
a 3 11 96 480 50306
a 3 14 59 645 17115
a 3 9 98 405 25931
a 3 17 71 501 12966
a 3 0 16 110 48232
a 3 16 65 261 26450
a 3 10 22 487 39415
a 3 1 91 419 37341
a 3 8 21 240 31636
a 3 19 36 535 16078
a 3 7 25 672 21264
a 3 6 14 398 25931
a 3 12 38 330 22819
a 3 13 53 131 10891
a 4 5 100 5135 51862
a 4 7 77 144 45638
a 4 2 65 268 30599
a 4 11 29 508 9336
a 4 0 40 69 25413
a 4 10 68 206 48232
a 4 8 25 199 6742
a 4 12 57 432 49787
a 4 15 20 336 11410
a 4 14 64 151 37341
a 4 18 53 254 6224
a 4 1 56 563 13484
a 4 13 43 377 21264
a 4 19 48 617 29043
a 4 9 41 521 33710
a 4 17 13 597 38897
a 4 6 82 254 47194
a 5 6 100 5135 51862
a 5 2 14 665 16078
a 5 14 15 631 15559
a 5 17 35 247 39415
a 5 9 62 425 24894
a 5 10 81 604 5187
a 5 12 74 282 18671
a 5 19 37 439 49269
a 5 7 84 158 10891
a 5 0 16 563 9336
a 5 13 20 131 19708
a 5 11 43 624 8298
a 5 16 32 460 10891
a 5 15 18 460 40971
a 5 1 79 240 50306
a 6 7 100 5135 51862
a 6 4 62 234 23857
a 6 14 81 617 10891
a 6 11 29 508 27487
a 6 19 75 69 39415
a 6 8 91 309 26450
a 6 5 57 144 10373
a 6 12 65 528 6224
a 6 2 67 268 40971
a 6 17 95 247 5187
a 6 18 14 425 12447
a 6 15 60 131 37341
a 6 13 10 439 39415
a 6 3 44 213 6224
a 6 1 77 268 42527
a 6 9 71 268 17633
a 6 0 74 323 39934
a 7 8 100 5135 51862
a 7 18 74 316 50306
a 7 0 47 336 32673
a 7 4 66 165 40452
a 7 6 69 199 23857
a 7 11 25 309 20745
a 7 13 44 508 22301
a 7 12 20 480 21782
a 7 3 30 460 17115
a 7 9 52 432 15040
a 7 19 11 412 29043
a 7 15 72 83 42008
a 7 16 19 528 31636
a 7 10 17 425 8298
a 7 17 45 179 7261
a 7 5 88 261 45120
a 8 9 100 5135 51862
a 8 10 58 638 18152
a 8 15 16 384 31636
a 8 6 47 672 23338
a 8 16 70 165 31117
a 8 19 50 186 35785
a 8 5 93 624 18671
a 8 14 42 542 20745
a 8 11 73 425 13484
a 8 0 14 405 38897
a 8 13 20 487 20226
a 8 4 56 480 47194
a 8 1 35 604 27487
a 8 17 51 199 27487
a 8 7 91 377 29561
a 8 2 35 446 33710
a 9 10 100 5135 51862
a 9 13 37 645 43564
a 9 14 48 234 11410
a 9 19 80 151 51343
a 9 1 39 611 35266
a 9 12 42 357 18671
a 9 3 60 96 9854
a 9 7 62 528 11929
a 9 5 53 425 34229
a 9 6 75 425 23338
a 9 2 55 110 35785
a 9 15 91 556 35266
a 9 16 65 528 14003
a 9 17 31 377 44083
a 9 4 14 597 47194
a 10 11 100 5135 51862
a 10 12 91 521 41490
a 10 16 60 467 42008
a 10 7 24 432 12447
a 10 0 28 83 42527
a 10 2 52 172 27487
a 10 8 69 604 14003
a 10 1 91 597 22301
a 10 13 80 631 17633
a 10 14 10 405 49787
a 10 19 56 69 26968
a 10 4 99 384 40971
a 10 5 13 535 7780
a 11 12 100 5135 51862
a 11 8 37 199 30599
a 11 7 78 323 49269
a 11 3 23 501 44601
a 11 17 51 501 43564
a 11 10 52 206 34229
a 11 1 13 330 40452
a 11 14 85 206 33710
a 11 16 95 377 31117
a 11 2 27 528 16078
a 11 0 16 295 30080
a 11 19 96 590 48232
a 11 18 23 206 21782
a 11 6 44 473 40971
a 12 13 100 5135 51862
a 12 17 22 542 49787
a 12 1 86 398 11410
a 12 15 11 439 28006
a 12 18 81 672 17633
a 12 4 97 487 39934
a 12 11 75 83 36822
a 12 0 69 124 48232
a 12 8 38 624 5705
a 12 6 34 96 46157
a 12 5 98 611 17633
a 12 3 49 69 9336
a 12 9 45 213 12966
a 12 2 67 384 34229
a 12 16 87 330 48750
a 12 10 56 467 47194
a 13 14 100 5135 51862
a 13 4 97 604 19189
a 13 19 77 213 42008
a 13 2 26 391 20745
a 13 11 56 316 37341
a 13 1 64 384 24375
a 13 10 95 172 6224
a 13 3 69 350 37341
a 13 18 47 240 46676
a 13 5 27 261 19708
a 13 17 67 611 16596
a 13 16 57 323 28006
a 13 8 61 398 22819
a 13 0 22 69 50306
a 14 15 100 5135 51862
a 14 17 66 316 36822
a 14 12 28 158 47194
a 14 4 44 535 7780
a 14 7 98 336 39934
a 14 16 17 473 34748
a 14 13 29 563 37341
a 14 3 61 179 42008
a 14 19 80 542 8817
a 14 5 66 357 50306
a 14 9 58 302 43045
a 14 11 63 69 21782
a 14 0 58 631 10373
a 14 2 24 453 31117
a 14 10 46 90 9336
a 15 16 100 5135 51862
a 15 10 98 652 9854
a 15 14 82 364 47194
a 15 7 78 611 21782
a 15 11 10 275 9336
a 15 18 41 288 32155
a 15 2 56 240 8817
a 15 5 23 83 11929
a 15 13 81 672 12447
a 15 1 81 364 49787
a 15 3 20 330 50306
a 15 17 76 240 17115
a 15 0 23 597 21264
a 15 19 36 350 43564
a 15 6 38 234 28006
a 15 4 56 597 47194
a 15 9 89 336 26450
a 15 8 33 138 5187
a 16 17 100 5135 51862
a 16 14 62 199 43564
a 16 6 84 521 11929
a 16 15 51 425 12447
a 16 3 97 144 24375
a 16 12 53 282 14522
a 16 1 70 90 17115
a 16 13 73 151 9336
a 16 7 64 576 21264
a 16 19 12 364 45120
a 16 10 65 323 44601
a 16 2 66 446 10891
a 16 9 50 110 51343
a 16 8 50 467 49787
a 16 4 88 206 29043
a 16 0 93 192 19708
a 16 18 55 405 31117
a 16 11 84 254 32673
a 17 18 100 5135 51862
a 17 4 45 617 25413
a 17 6 72 192 20226
a 17 10 11 679 29561
a 17 11 50 453 48232
a 17 13 94 309 7261
a 17 7 83 309 49787
a 17 5 41 138 5187
a 17 2 41 213 24375
a 17 16 72 405 45638
a 17 12 43 487 9854
a 17 15 27 521 32673
a 17 3 98 76 5187
a 18 19 100 5135 51862
a 18 5 56 419 34229
a 18 1 70 631 32673
a 18 3 73 604 50306
a 18 15 59 645 46157
a 18 13 13 179 18671
a 18 9 82 357 38897
a 18 2 77 398 16596
a 18 12 92 364 32673
a 18 7 55 665 11929
a 18 6 49 515 39415
a 18 14 81 617 16596
a 18 10 79 192 22819
a 18 16 80 604 34229
a 18 11 43 220 24894
a 18 8 60 282 34748
a 19 0 100 5135 51862
a 19 7 49 521 48232
a 19 8 85 487 18671
a 19 2 76 425 45120
a 19 17 49 460 20745
a 19 13 73 186 23338
a 19 16 66 240 16596
a 19 15 54 542 19189
a 19 9 10 186 30599
a 19 18 26 535 15040
a 19 11 85 110 15040
a 19 12 35 186 30599
a 19 4 19 604 15559
a 19 5 87 576 46157
a 19 6 43 528 29043
a 19 14 57 384 39934
a 19 10 92 480 11929
