c fixed charge multi commodity flow
c
c problem vertices edges commodities
p fcmcf 20 318 100
c
c origin destination demand
k 13 7 71
k 3 13 32
k 10 13 78
k 0 12 40
k 3 17 53
k 2 9 80
k 0 11 57
k 6 11 72
k 10 18 57
k 7 17 73
k 6 9 36
k 4 6 22
k 12 18 93
k 14 0 95
k 10 5 27
k 16 18 37
k 9 15 33
k 16 19 94
k 16 10 19
k 13 5 59
k 8 12 17
k 6 19 91
k 15 19 53
k 11 8 73
k 12 13 55
k 14 10 71
k 18 6 92
k 13 15 32
k 1 3 46
k 7 11 69
k 2 3 27
k 8 1 36
k 18 4 37
k 13 2 13
k 16 7 71
k 12 15 15
k 1 19 48
k 15 13 71
k 5 4 96
k 18 2 30
k 12 5 63
k 1 2 75
k 15 1 13
k 4 18 76
k 4 7 83
k 15 11 24
k 0 2 26
k 7 18 10
k 11 3 27
k 10 2 72
k 5 10 18
k 0 16 71
k 7 8 47
k 9 17 15
k 14 17 92
k 16 12 17
k 10 11 58
k 16 3 24
k 18 16 69
k 13 12 12
k 3 7 98
k 1 4 58
k 16 13 63
k 13 18 56
k 12 0 48
k 13 3 86
k 19 12 31
k 17 10 78
k 3 18 20
k 0 5 78
k 8 11 34
k 4 3 92
k 2 16 40
k 0 17 20
k 17 0 43
k 3 2 33
k 14 4 77
k 18 15 69
k 17 14 24
k 7 5 51
k 5 11 63
k 15 3 85
k 1 11 55
k 19 14 51
k 11 13 24
k 19 16 44
k 18 13 74
k 16 11 71
k 14 1 13
k 10 17 32
k 0 18 57
k 19 8 40
k 19 11 30
k 13 9 77
k 12 16 63
k 9 7 85
k 15 9 52
k 13 17 10
k 3 6 35
k 12 7 12
c
c source target cost capacity fixed
a 0 1 100 5135 25931
a 0 3 23 343 6224
a 0 16 71 1138 24116
a 0 12 60 467 21782
a 0 11 26 946 11410
a 0 15 14 521 21264
a 0 19 29 892 5187
a 0 4 53 494 4927
a 0 14 28 302 21782
a 0 9 46 590 2853
a 0 13 97 357 23079
a 0 2 82 1317 21004
a 0 17 64 754 8817
a 0 18 86 521 23338
a 0 5 88 850 14522
a 0 10 54 850 9076
a 0 6 92 659 9336
a 1 2 100 5135 25931
a 1 18 90 672 8817
a 1 10 14 234 6742
a 1 3 40 1179 23338
a 1 12 25 1193 17115
a 1 6 62 1001 23079
a 1 16 85 617 9336
a 1 19 49 1001 6483
a 1 9 60 672 14781
a 1 17 56 549 22819
a 1 4 44 521 13225
a 1 8 10 1262 11669
a 1 11 18 357 18411
a 1 15 89 1166 18930
a 1 5 33 645 12707
a 1 13 47 384 17633
a 1 14 97 439 11151
a 1 7 22 878 21782
a 2 3 100 5135 25931
a 2 15 27 604 12966
a 2 17 55 563 23338
a 2 11 69 1179 25153
a 2 8 42 796 3890
a 2 10 20 1330 17115
a 2 12 96 974 8817
a 2 7 80 1207 14781
a 2 14 26 741 12707
a 2 6 80 645 8298
a 2 0 65 1015 2594
a 2 18 81 713 4409
a 2 4 73 1344 22301
a 2 5 89 384 17374
a 2 1 71 974 3890
a 2 13 73 480 12707
a 3 4 100 5135 25931
a 3 18 54 1330 10891
a 3 2 88 1317 11410
a 3 11 96 960 25153
a 3 14 59 1289 8558
a 3 9 98 809 12966
a 3 17 71 1001 6483
a 3 0 16 220 24116
a 3 16 65 521 13225
a 3 10 22 974 19708
a 3 1 91 837 18671
a 3 8 21 480 15818
a 3 19 36 1070 8039
a 3 7 25 1344 10632
a 3 6 14 796 12966
a 3 12 38 659 11410
a 3 13 53 261 5446
a 4 5 100 5135 25931
a 4 7 77 288 22819
a 4 2 65 535 15300
a 4 11 29 1015 4668
a 4 0 40 138 12707
a 4 10 68 412 24116
a 4 8 25 398 3371
a 4 12 57 864 24894
a 4 15 20 672 5705
a 4 14 64 302 18671
a 4 18 53 508 3112
a 4 1 56 1125 6742
a 4 13 43 754 10632
a 4 19 48 1234 14522
a 4 9 41 1042 16855
a 4 17 13 1193 19449
a 4 6 82 508 23597
a 5 6 100 5135 25931
a 5 2 14 1330 8039
a 5 14 15 1262 7780
a 5 17 35 494 19708
a 5 9 62 850 12447
a 5 10 81 1207 2594
a 5 12 74 563 9336
a 5 19 37 878 24635
a 5 7 84 316 5446
a 5 0 16 1125 4668
a 5 13 20 261 9854
a 5 11 43 1248 4149
a 5 16 32 919 5446
a 5 15 18 919 20486
a 5 1 79 480 25153
a 6 7 100 5135 25931
a 6 4 62 467 11929
a 6 14 81 1234 5446
a 6 11 29 1015 13744
a 6 19 75 138 19708
a 6 8 91 617 13225
a 6 5 57 288 5187
a 6 12 65 1056 3112
a 6 2 67 535 20486
a 6 17 95 494 2594
a 6 18 14 850 6224
a 6 15 60 261 18671
a 6 13 10 878 19708
a 6 3 44 425 3112
a 6 1 77 535 21264
a 6 9 71 535 8817
a 6 0 74 645 19967
a 7 8 100 5135 25931
a 7 18 74 631 25153
a 7 0 47 672 16337
a 7 4 66 330 20226
a 7 6 69 398 11929
a 7 11 25 617 10373
a 7 13 44 1015 11151
a 7 12 20 960 10891
a 7 3 30 919 8558
a 7 9 52 864 7520
a 7 19 11 823 14522
a 7 15 72 165 21004
a 7 16 19 1056 15818
a 7 10 17 850 4149
a 7 17 45 357 3631
a 7 5 88 521 22560
a 8 9 100 5135 25931
a 8 10 58 1275 9076
a 8 15 16 768 15818
a 8 6 47 1344 11669
a 8 16 70 330 15559
a 8 19 50 371 17893
a 8 5 93 1248 9336
a 8 14 42 1083 10373
a 8 11 73 850 6742
a 8 0 14 809 19449
a 8 13 20 974 10113
a 8 4 56 960 23597
a 8 1 35 1207 13744
a 8 17 51 398 13744
a 8 7 91 754 14781
a 8 2 35 892 16855
a 9 10 100 5135 25931
a 9 13 37 1289 21782
a 9 14 48 467 5705
a 9 19 80 302 25672
a 9 1 39 1221 17633
a 9 12 42 713 9336
a 9 3 60 192 4927
a 9 7 62 1056 5965
a 9 5 53 850 17115
a 9 6 75 850 11669
a 9 2 55 220 17893
a 9 15 91 1111 17633
a 9 16 65 1056 7002
a 9 17 31 754 22042
a 9 4 14 1193 23597
a 10 11 100 5135 25931
a 10 12 91 1042 20745
a 10 16 60 933 21004
a 10 7 24 864 6224
a 10 0 28 165 21264
a 10 2 52 343 13744
a 10 8 69 1207 7002
a 10 1 91 1193 11151
a 10 13 80 1262 8817
a 10 14 10 809 24894
a 10 19 56 138 13484
a 10 4 99 768 20486
a 10 5 13 1070 3890
a 11 12 100 5135 25931
a 11 8 37 398 15300
a 11 7 78 645 24635
a 11 3 23 1001 22301
a 11 17 51 1001 21782
a 11 10 52 412 17115
a 11 1 13 659 20226
a 11 14 85 412 16855
a 11 16 95 754 15559
a 11 2 27 1056 8039
a 11 0 16 590 15040
a 11 19 96 1179 24116
a 11 18 23 412 10891
a 11 6 44 946 20486
a 12 13 100 5135 25931
a 12 17 22 1083 24894
a 12 1 86 796 5705
a 12 15 11 878 14003
a 12 18 81 1344 8817
a 12 4 97 974 19967
a 12 11 75 165 18411
a 12 0 69 247 24116
a 12 8 38 1248 2853
a 12 6 34 192 23079
a 12 5 98 1221 8817
a 12 3 49 138 4668
a 12 9 45 425 6483
a 12 2 67 768 17115
a 12 16 87 659 24375
a 12 10 56 933 23597
a 13 14 100 5135 25931
a 13 4 97 1207 9595
a 13 19 77 425 21004
a 13 2 26 782 10373
a 13 11 56 631 18671
a 13 1 64 768 12188
a 13 10 95 343 3112
a 13 3 69 700 18671
a 13 18 47 480 23338
a 13 5 27 521 9854
a 13 17 67 1221 8298
a 13 16 57 645 14003
a 13 8 61 796 11410
a 13 0 22 138 25153
a 14 15 100 5135 25931
a 14 17 66 631 18411
a 14 12 28 316 23597
a 14 4 44 1070 3890
a 14 7 98 672 19967
a 14 16 17 946 17374
a 14 13 29 1125 18671
a 14 3 61 357 21004
a 14 19 80 1083 4409
a 14 5 66 713 25153
a 14 9 58 604 21523
a 14 11 63 138 10891
a 14 0 58 1262 5187
a 14 2 24 905 15559
a 14 10 46 179 4668
a 15 16 100 5135 25931
a 15 10 98 1303 4927
a 15 14 82 727 23597
a 15 7 78 1221 10891
a 15 11 10 549 4668
a 15 18 41 576 16078
a 15 2 56 480 4409
a 15 5 23 165 5965
a 15 13 81 1344 6224
a 15 1 81 727 24894
a 15 3 20 659 25153
a 15 17 76 480 8558
a 15 0 23 1193 10632
a 15 19 36 700 21782
a 15 6 38 467 14003
a 15 4 56 1193 23597
a 15 9 89 672 13225
a 15 8 33 275 2594
a 16 17 100 5135 25931
a 16 14 62 398 21782
a 16 6 84 1042 5965
a 16 15 51 850 6224
a 16 3 97 288 12188
a 16 12 53 563 7261
a 16 1 70 179 8558
a 16 13 73 302 4668
a 16 7 64 1152 10632
a 16 19 12 727 22560
a 16 10 65 645 22301
a 16 2 66 892 5446
a 16 9 50 220 25672
a 16 8 50 933 24894
a 16 4 88 412 14522
a 16 0 93 384 9854
a 16 18 55 809 15559
a 16 11 84 508 16337
a 17 18 100 5135 25931
a 17 4 45 1234 12707
a 17 6 72 384 10113
a 17 10 11 1358 14781
a 17 11 50 905 24116
a 17 13 94 617 3631
a 17 7 83 617 24894
a 17 5 41 275 2594
a 17 2 41 425 12188
a 17 16 72 809 22819
a 17 12 43 974 4927
a 17 15 27 1042 16337
a 17 3 98 151 2594
a 18 19 100 5135 25931
a 18 5 56 837 17115
a 18 1 70 1262 16337
a 18 3 73 1207 25153
a 18 15 59 1289 23079
a 18 13 13 357 9336
a 18 9 82 713 19449
a 18 2 77 796 8298
a 18 12 92 727 16337
a 18 7 55 1330 5965
a 18 6 49 1029 19708
a 18 14 81 1234 8298
a 18 10 79 384 11410
a 18 16 80 1207 17115
a 18 11 43 439 12447
a 18 8 60 563 17374
a 19 0 100 5135 25931
a 19 7 49 1042 24116
a 19 8 85 974 9336
a 19 2 76 850 22560
a 19 17 49 919 10373
a 19 13 73 371 11669
a 19 16 66 480 8298
a 19 15 54 1083 9595
a 19 9 10 371 15300
a 19 18 26 1070 7520
a 19 11 85 220 7520
a 19 12 35 371 15300
a 19 4 19 1207 7780
a 19 5 87 1152 23079
a 19 6 43 1056 14522
a 19 14 57 768 19967
a 19 10 92 960 5965
