c fixed charge multi commodity flow
c
c problem vertices edges commodities
p fcmcf 20 318 100
c
c origin destination demand
k 13 7 71
k 3 13 32
k 10 13 78
k 0 12 40
k 3 17 53
k 2 9 80
k 0 11 57
k 6 11 72
k 10 18 57
k 7 17 73
k 6 9 36
k 4 6 22
k 12 18 93
k 14 0 95
k 10 5 27
k 16 18 37
k 9 15 33
k 16 19 94
k 16 10 19
k 13 5 59
k 8 12 17
k 6 19 91
k 15 19 53
k 11 8 73
k 12 13 55
k 14 10 71
k 18 6 92
k 13 15 32
k 1 3 46
k 7 11 69
k 2 3 27
k 8 1 36
k 18 4 37
k 13 2 13
k 16 7 71
k 12 15 15
k 1 19 48
k 15 13 71
k 5 4 96
k 18 2 30
k 12 5 63
k 1 2 75
k 15 1 13
k 4 18 76
k 4 7 83
k 15 11 24
k 0 2 26
k 7 18 10
k 11 3 27
k 10 2 72
k 5 10 18
k 0 16 71
k 7 8 47
k 9 17 15
k 14 17 92
k 16 12 17
k 10 11 58
k 16 3 24
k 18 16 69
k 13 12 12
k 3 7 98
k 1 4 58
k 16 13 63
k 13 18 56
k 12 0 48
k 13 3 86
k 19 12 31
k 17 10 78
k 3 18 20
k 0 5 78
k 8 11 34
k 4 3 92
k 2 16 40
k 0 17 20
k 17 0 43
k 3 2 33
k 14 4 77
k 18 15 69
k 17 14 24
k 7 5 51
k 5 11 63
k 15 3 85
k 1 11 55
k 19 14 51
k 11 13 24
k 19 16 44
k 18 13 74
k 16 11 71
k 14 1 13
k 10 17 32
k 0 18 57
k 19 8 40
k 19 11 30
k 13 9 77
k 12 16 63
k 9 7 85
k 15 9 52
k 13 17 10
k 3 6 35
k 12 7 12
c
c source target cost capacity fixed
a 0 1 100 5135 5187
a 0 3 23 172 1245
a 0 16 71 569 4824
a 0 12 60 234 4357
a 0 11 26 473 2282
a 0 15 14 261 4253
a 0 19 29 446 1038
a 0 4 53 247 986
a 0 14 28 151 4357
a 0 9 46 295 571
a 0 13 97 179 4616
a 0 2 82 659 4201
a 0 17 64 377 1764
a 0 18 86 261 4668
a 0 5 88 425 2905
a 0 10 54 425 1816
a 0 6 92 330 1868
a 1 2 100 5135 5187
a 1 18 90 336 1764
a 1 10 14 117 1349
a 1 3 40 590 4668
a 1 12 25 597 3423
a 1 6 62 501 4616
a 1 16 85 309 1868
a 1 19 49 501 1297
a 1 9 60 336 2957
a 1 17 56 275 4564
a 1 4 44 261 2645
a 1 8 10 631 2334
a 1 11 18 179 3683
a 1 15 89 583 3786
a 1 5 33 323 2542
a 1 13 47 192 3527
a 1 14 97 220 2231
a 1 7 22 439 4357
a 2 3 100 5135 5187
a 2 15 27 302 2594
a 2 17 55 282 4668
a 2 11 69 590 5031
a 2 8 42 398 778
a 2 10 20 665 3423
a 2 12 96 487 1764
a 2 7 80 604 2957
a 2 14 26 371 2542
a 2 6 80 323 1660
a 2 0 65 508 519
a 2 18 81 357 882
a 2 4 73 672 4461
a 2 5 89 192 3475
a 2 1 71 487 778
a 2 13 73 240 2542
a 3 4 100 5135 5187
a 3 18 54 665 2179
a 3 2 88 659 2282
a 3 11 96 480 5031
a 3 14 59 645 1712
a 3 9 98 405 2594
a 3 17 71 501 1297
a 3 0 16 110 4824
a 3 16 65 261 2645
a 3 10 22 487 3942
a 3 1 91 419 3735
a 3 8 21 240 3164
a 3 19 36 535 1608
a 3 7 25 672 2127
a 3 6 14 398 2594
a 3 12 38 330 2282
a 3 13 53 131 1090
a 4 5 100 5135 5187
a 4 7 77 144 4564
a 4 2 65 268 3060
a 4 11 29 508 934
a 4 0 40 69 2542
a 4 10 68 206 4824
a 4 8 25 199 675
a 4 12 57 432 4979
a 4 15 20 336 1141
a 4 14 64 151 3735
a 4 18 53 254 623
a 4 1 56 563 1349
a 4 13 43 377 2127
a 4 19 48 617 2905
a 4 9 41 521 3371
a 4 17 13 597 3890
a 4 6 82 254 4720
a 5 6 100 5135 5187
a 5 2 14 665 1608
a 5 14 15 631 1556
a 5 17 35 247 3942
a 5 9 62 425 2490
a 5 10 81 604 519
a 5 12 74 282 1868
a 5 19 37 439 4927
a 5 7 84 158 1090
a 5 0 16 563 934
a 5 13 20 131 1971
a 5 11 43 624 830
a 5 16 32 460 1090
a 5 15 18 460 4098
a 5 1 79 240 5031
a 6 7 100 5135 5187
a 6 4 62 234 2386
a 6 14 81 617 1090
a 6 11 29 508 2749
a 6 19 75 69 3942
a 6 8 91 309 2645
a 6 5 57 144 1038
a 6 12 65 528 623
a 6 2 67 268 4098
a 6 17 95 247 519
a 6 18 14 425 1245
a 6 15 60 131 3735
a 6 13 10 439 3942
a 6 3 44 213 623
a 6 1 77 268 4253
a 6 9 71 268 1764
a 6 0 74 323 3994
a 7 8 100 5135 5187
a 7 18 74 316 5031
a 7 0 47 336 3268
a 7 4 66 165 4046
a 7 6 69 199 2386
a 7 11 25 309 2075
a 7 13 44 508 2231
a 7 12 20 480 2179
a 7 3 30 460 1712
a 7 9 52 432 1504
a 7 19 11 412 2905
a 7 15 72 83 4201
a 7 16 19 528 3164
a 7 10 17 425 830
a 7 17 45 179 727
a 7 5 88 261 4512
a 8 9 100 5135 5187
a 8 10 58 638 1816
a 8 15 16 384 3164
a 8 6 47 672 2334
a 8 16 70 165 3112
a 8 19 50 186 3579
a 8 5 93 624 1868
a 8 14 42 542 2075
a 8 11 73 425 1349
a 8 0 14 405 3890
a 8 13 20 487 2023
a 8 4 56 480 4720
a 8 1 35 604 2749
a 8 17 51 199 2749
a 8 7 91 377 2957
a 8 2 35 446 3371
a 9 10 100 5135 5187
a 9 13 37 645 4357
a 9 14 48 234 1141
a 9 19 80 151 5135
a 9 1 39 611 3527
a 9 12 42 357 1868
a 9 3 60 96 986
a 9 7 62 528 1193
a 9 5 53 425 3423
a 9 6 75 425 2334
a 9 2 55 110 3579
a 9 15 91 556 3527
a 9 16 65 528 1401
a 9 17 31 377 4409
a 9 4 14 597 4720
a 10 11 100 5135 5187
a 10 12 91 521 4149
a 10 16 60 467 4201
a 10 7 24 432 1245
a 10 0 28 83 4253
a 10 2 52 172 2749
a 10 8 69 604 1401
a 10 1 91 597 2231
a 10 13 80 631 1764
a 10 14 10 405 4979
a 10 19 56 69 2697
a 10 4 99 384 4098
a 10 5 13 535 778
a 11 12 100 5135 5187
a 11 8 37 199 3060
a 11 7 78 323 4927
a 11 3 23 501 4461
a 11 17 51 501 4357
a 11 10 52 206 3423
a 11 1 13 330 4046
a 11 14 85 206 3371
a 11 16 95 377 3112
a 11 2 27 528 1608
a 11 0 16 295 3008
a 11 19 96 590 4824
a 11 18 23 206 2179
a 11 6 44 473 4098
a 12 13 100 5135 5187
a 12 17 22 542 4979
a 12 1 86 398 1141
a 12 15 11 439 2801
a 12 18 81 672 1764
a 12 4 97 487 3994
a 12 11 75 83 3683
a 12 0 69 124 4824
a 12 8 38 624 571
a 12 6 34 96 4616
a 12 5 98 611 1764
a 12 3 49 69 934
a 12 9 45 213 1297
a 12 2 67 384 3423
a 12 16 87 330 4875
a 12 10 56 467 4720
a 13 14 100 5135 5187
a 13 4 97 604 1919
a 13 19 77 213 4201
a 13 2 26 391 2075
a 13 11 56 316 3735
a 13 1 64 384 2438
a 13 10 95 172 623
a 13 3 69 350 3735
a 13 18 47 240 4668
a 13 5 27 261 1971
a 13 17 67 611 1660
a 13 16 57 323 2801
a 13 8 61 398 2282
a 13 0 22 69 5031
a 14 15 100 5135 5187
a 14 17 66 316 3683
a 14 12 28 158 4720
a 14 4 44 535 778
a 14 7 98 336 3994
a 14 16 17 473 3475
a 14 13 29 563 3735
a 14 3 61 179 4201
a 14 19 80 542 882
a 14 5 66 357 5031
a 14 9 58 302 4305
a 14 11 63 69 2179
a 14 0 58 631 1038
a 14 2 24 453 3112
a 14 10 46 90 934
a 15 16 100 5135 5187
a 15 10 98 652 986
a 15 14 82 364 4720
a 15 7 78 611 2179
a 15 11 10 275 934
a 15 18 41 288 3216
a 15 2 56 240 882
a 15 5 23 83 1193
a 15 13 81 672 1245
a 15 1 81 364 4979
a 15 3 20 330 5031
a 15 17 76 240 1712
a 15 0 23 597 2127
a 15 19 36 350 4357
a 15 6 38 234 2801
a 15 4 56 597 4720
a 15 9 89 336 2645
a 15 8 33 138 519
a 16 17 100 5135 5187
a 16 14 62 199 4357
a 16 6 84 521 1193
a 16 15 51 425 1245
a 16 3 97 144 2438
a 16 12 53 282 1453
a 16 1 70 90 1712
a 16 13 73 151 934
a 16 7 64 576 2127
a 16 19 12 364 4512
a 16 10 65 323 4461
a 16 2 66 446 1090
a 16 9 50 110 5135
a 16 8 50 467 4979
a 16 4 88 206 2905
a 16 0 93 192 1971
a 16 18 55 405 3112
a 16 11 84 254 3268
a 17 18 100 5135 5187
a 17 4 45 617 2542
a 17 6 72 192 2023
a 17 10 11 679 2957
a 17 11 50 453 4824
a 17 13 94 309 727
a 17 7 83 309 4979
a 17 5 41 138 519
a 17 2 41 213 2438
a 17 16 72 405 4564
a 17 12 43 487 986
a 17 15 27 521 3268
a 17 3 98 76 519
a 18 19 100 5135 5187
a 18 5 56 419 3423
a 18 1 70 631 3268
a 18 3 73 604 5031
a 18 15 59 645 4616
a 18 13 13 179 1868
a 18 9 82 357 3890
a 18 2 77 398 1660
a 18 12 92 364 3268
a 18 7 55 665 1193
a 18 6 49 515 3942
a 18 14 81 617 1660
a 18 10 79 192 2282
a 18 16 80 604 3423
a 18 11 43 220 2490
a 18 8 60 282 3475
a 19 0 100 5135 5187
a 19 7 49 521 4824
a 19 8 85 487 1868
a 19 2 76 425 4512
a 19 17 49 460 2075
a 19 13 73 186 2334
a 19 16 66 240 1660
a 19 15 54 542 1919
a 19 9 10 186 3060
a 19 18 26 535 1504
a 19 11 85 110 1504
a 19 12 35 186 3060
a 19 4 19 604 1556
a 19 5 87 576 4616
a 19 6 43 528 2905
a 19 14 57 384 3994
a 19 10 92 480 1193
