c fixed charge multi commodity flow
c
c problem vertices edges commodities
p fcmcf 20 318 100
c
c origin destination demand
k 13 7 71
k 3 13 32
k 10 13 78
k 0 12 40
k 3 17 53
k 2 9 80
k 0 11 57
k 6 11 72
k 10 18 57
k 7 17 73
k 6 9 36
k 4 6 22
k 12 18 93
k 14 0 95
k 10 5 27
k 16 18 37
k 9 15 33
k 16 19 94
k 16 10 19
k 13 5 59
k 8 12 17
k 6 19 91
k 15 19 53
k 11 8 73
k 12 13 55
k 14 10 71
k 18 6 92
k 13 15 32
k 1 3 46
k 7 11 69
k 2 3 27
k 8 1 36
k 18 4 37
k 13 2 13
k 16 7 71
k 12 15 15
k 1 19 48
k 15 13 71
k 5 4 96
k 18 2 30
k 12 5 63
k 1 2 75
k 15 1 13
k 4 18 76
k 4 7 83
k 15 11 24
k 0 2 26
k 7 18 10
k 11 3 27
k 10 2 72
k 5 10 18
k 0 16 71
k 7 8 47
k 9 17 15
k 14 17 92
k 16 12 17
k 10 11 58
k 16 3 24
k 18 16 69
k 13 12 12
k 3 7 98
k 1 4 58
k 16 13 63
k 13 18 56
k 12 0 48
k 13 3 86
k 19 12 31
k 17 10 78
k 3 18 20
k 0 5 78
k 8 11 34
k 4 3 92
k 2 16 40
k 0 17 20
k 17 0 43
k 3 2 33
k 14 4 77
k 18 15 69
k 17 14 24
k 7 5 51
k 5 11 63
k 15 3 85
k 1 11 55
k 19 14 51
k 11 13 24
k 19 16 44
k 18 13 74
k 16 11 71
k 14 1 13
k 10 17 32
k 0 18 57
k 19 8 40
k 19 11 30
k 13 9 77
k 12 16 63
k 9 7 85
k 15 9 52
k 13 17 10
k 3 6 35
k 12 7 12
c
c source target cost capacity fixed
a 0 1 100 5135 51862
a 0 3 23 343 12447
a 0 16 71 1138 48232
a 0 12 60 467 43564
a 0 11 26 946 22819
a 0 15 14 521 42527
a 0 19 29 892 10373
a 0 4 53 494 9854
a 0 14 28 302 43564
a 0 9 46 590 5705
a 0 13 97 357 46157
a 0 2 82 1317 42008
a 0 17 64 754 17633
a 0 18 86 521 46676
a 0 5 88 850 29043
a 0 10 54 850 18152
a 0 6 92 659 18671
a 1 2 100 5135 51862
a 1 18 90 672 17633
a 1 10 14 234 13484
a 1 3 40 1179 46676
a 1 12 25 1193 34229
a 1 6 62 1001 46157
a 1 16 85 617 18671
a 1 19 49 1001 12966
a 1 9 60 672 29561
a 1 17 56 549 45638
a 1 4 44 521 26450
a 1 8 10 1262 23338
a 1 11 18 357 36822
a 1 15 89 1166 37859
a 1 5 33 645 25413
a 1 13 47 384 35266
a 1 14 97 439 22301
a 1 7 22 878 43564
a 2 3 100 5135 51862
a 2 15 27 604 25931
a 2 17 55 563 46676
a 2 11 69 1179 50306
a 2 8 42 796 7780
a 2 10 20 1330 34229
a 2 12 96 974 17633
a 2 7 80 1207 29561
a 2 14 26 741 25413
a 2 6 80 645 16596
a 2 0 65 1015 5187
a 2 18 81 713 8817
a 2 4 73 1344 44601
a 2 5 89 384 34748
a 2 1 71 974 7780
a 2 13 73 480 25413
a 3 4 100 5135 51862
a 3 18 54 1330 21782
a 3 2 88 1317 22819
a 3 11 96 960 50306
a 3 14 59 1289 17115
a 3 9 98 809 25931
a 3 17 71 1001 12966
a 3 0 16 220 48232
a 3 16 65 521 26450
a 3 10 22 974 39415
a 3 1 91 837 37341
a 3 8 21 480 31636
a 3 19 36 1070 16078
a 3 7 25 1344 21264
a 3 6 14 796 25931
a 3 12 38 659 22819
a 3 13 53 261 10891
a 4 5 100 5135 51862
a 4 7 77 288 45638
a 4 2 65 535 30599
a 4 11 29 1015 9336
a 4 0 40 138 25413
a 4 10 68 412 48232
a 4 8 25 398 6742
a 4 12 57 864 49787
a 4 15 20 672 11410
a 4 14 64 302 37341
a 4 18 53 508 6224
a 4 1 56 1125 13484
a 4 13 43 754 21264
a 4 19 48 1234 29043
a 4 9 41 1042 33710
a 4 17 13 1193 38897
a 4 6 82 508 47194
a 5 6 100 5135 51862
a 5 2 14 1330 16078
a 5 14 15 1262 15559
a 5 17 35 494 39415
a 5 9 62 850 24894
a 5 10 81 1207 5187
a 5 12 74 563 18671
a 5 19 37 878 49269
a 5 7 84 316 10891
a 5 0 16 1125 9336
a 5 13 20 261 19708
a 5 11 43 1248 8298
a 5 16 32 919 10891
a 5 15 18 919 40971
a 5 1 79 480 50306
a 6 7 100 5135 51862
a 6 4 62 467 23857
a 6 14 81 1234 10891
a 6 11 29 1015 27487
a 6 19 75 138 39415
a 6 8 91 617 26450
a 6 5 57 288 10373
a 6 12 65 1056 6224
a 6 2 67 535 40971
a 6 17 95 494 5187
a 6 18 14 850 12447
a 6 15 60 261 37341
a 6 13 10 878 39415
a 6 3 44 425 6224
a 6 1 77 535 42527
a 6 9 71 535 17633
a 6 0 74 645 39934
a 7 8 100 5135 51862
a 7 18 74 631 50306
a 7 0 47 672 32673
a 7 4 66 330 40452
a 7 6 69 398 23857
a 7 11 25 617 20745
a 7 13 44 1015 22301
a 7 12 20 960 21782
a 7 3 30 919 17115
a 7 9 52 864 15040
a 7 19 11 823 29043
a 7 15 72 165 42008
a 7 16 19 1056 31636
a 7 10 17 850 8298
a 7 17 45 357 7261
a 7 5 88 521 45120
a 8 9 100 5135 51862
a 8 10 58 1275 18152
a 8 15 16 768 31636
a 8 6 47 1344 23338
a 8 16 70 330 31117
a 8 19 50 371 35785
a 8 5 93 1248 18671
a 8 14 42 1083 20745
a 8 11 73 850 13484
a 8 0 14 809 38897
a 8 13 20 974 20226
a 8 4 56 960 47194
a 8 1 35 1207 27487
a 8 17 51 398 27487
a 8 7 91 754 29561
a 8 2 35 892 33710
a 9 10 100 5135 51862
a 9 13 37 1289 43564
a 9 14 48 467 11410
a 9 19 80 302 51343
a 9 1 39 1221 35266
a 9 12 42 713 18671
a 9 3 60 192 9854
a 9 7 62 1056 11929
a 9 5 53 850 34229
a 9 6 75 850 23338
a 9 2 55 220 35785
a 9 15 91 1111 35266
a 9 16 65 1056 14003
a 9 17 31 754 44083
a 9 4 14 1193 47194
a 10 11 100 5135 51862
a 10 12 91 1042 41490
a 10 16 60 933 42008
a 10 7 24 864 12447
a 10 0 28 165 42527
a 10 2 52 343 27487
a 10 8 69 1207 14003
a 10 1 91 1193 22301
a 10 13 80 1262 17633
a 10 14 10 809 49787
a 10 19 56 138 26968
a 10 4 99 768 40971
a 10 5 13 1070 7780
a 11 12 100 5135 51862
a 11 8 37 398 30599
a 11 7 78 645 49269
a 11 3 23 1001 44601
a 11 17 51 1001 43564
a 11 10 52 412 34229
a 11 1 13 659 40452
a 11 14 85 412 33710
a 11 16 95 754 31117
a 11 2 27 1056 16078
a 11 0 16 590 30080
a 11 19 96 1179 48232
a 11 18 23 412 21782
a 11 6 44 946 40971
a 12 13 100 5135 51862
a 12 17 22 1083 49787
a 12 1 86 796 11410
a 12 15 11 878 28006
a 12 18 81 1344 17633
a 12 4 97 974 39934
a 12 11 75 165 36822
a 12 0 69 247 48232
a 12 8 38 1248 5705
a 12 6 34 192 46157
a 12 5 98 1221 17633
a 12 3 49 138 9336
a 12 9 45 425 12966
a 12 2 67 768 34229
a 12 16 87 659 48750
a 12 10 56 933 47194
a 13 14 100 5135 51862
a 13 4 97 1207 19189
a 13 19 77 425 42008
a 13 2 26 782 20745
a 13 11 56 631 37341
a 13 1 64 768 24375
a 13 10 95 343 6224
a 13 3 69 700 37341
a 13 18 47 480 46676
a 13 5 27 521 19708
a 13 17 67 1221 16596
a 13 16 57 645 28006
a 13 8 61 796 22819
a 13 0 22 138 50306
a 14 15 100 5135 51862
a 14 17 66 631 36822
a 14 12 28 316 47194
a 14 4 44 1070 7780
a 14 7 98 672 39934
a 14 16 17 946 34748
a 14 13 29 1125 37341
a 14 3 61 357 42008
a 14 19 80 1083 8817
a 14 5 66 713 50306
a 14 9 58 604 43045
a 14 11 63 138 21782
a 14 0 58 1262 10373
a 14 2 24 905 31117
a 14 10 46 179 9336
a 15 16 100 5135 51862
a 15 10 98 1303 9854
a 15 14 82 727 47194
a 15 7 78 1221 21782
a 15 11 10 549 9336
a 15 18 41 576 32155
a 15 2 56 480 8817
a 15 5 23 165 11929
a 15 13 81 1344 12447
a 15 1 81 727 49787
a 15 3 20 659 50306
a 15 17 76 480 17115
a 15 0 23 1193 21264
a 15 19 36 700 43564
a 15 6 38 467 28006
a 15 4 56 1193 47194
a 15 9 89 672 26450
a 15 8 33 275 5187
a 16 17 100 5135 51862
a 16 14 62 398 43564
a 16 6 84 1042 11929
a 16 15 51 850 12447
a 16 3 97 288 24375
a 16 12 53 563 14522
a 16 1 70 179 17115
a 16 13 73 302 9336
a 16 7 64 1152 21264
a 16 19 12 727 45120
a 16 10 65 645 44601
a 16 2 66 892 10891
a 16 9 50 220 51343
a 16 8 50 933 49787
a 16 4 88 412 29043
a 16 0 93 384 19708
a 16 18 55 809 31117
a 16 11 84 508 32673
a 17 18 100 5135 51862
a 17 4 45 1234 25413
a 17 6 72 384 20226
a 17 10 11 1358 29561
a 17 11 50 905 48232
a 17 13 94 617 7261
a 17 7 83 617 49787
a 17 5 41 275 5187
a 17 2 41 425 24375
a 17 16 72 809 45638
a 17 12 43 974 9854
a 17 15 27 1042 32673
a 17 3 98 151 5187
a 18 19 100 5135 51862
a 18 5 56 837 34229
a 18 1 70 1262 32673
a 18 3 73 1207 50306
a 18 15 59 1289 46157
a 18 13 13 357 18671
a 18 9 82 713 38897
a 18 2 77 796 16596
a 18 12 92 727 32673
a 18 7 55 1330 11929
a 18 6 49 1029 39415
a 18 14 81 1234 16596
a 18 10 79 384 22819
a 18 16 80 1207 34229
a 18 11 43 439 24894
a 18 8 60 563 34748
a 19 0 100 5135 51862
a 19 7 49 1042 48232
a 19 8 85 974 18671
a 19 2 76 850 45120
a 19 17 49 919 20745
a 19 13 73 371 23338
a 19 16 66 480 16596
a 19 15 54 1083 19189
a 19 9 10 371 30599
a 19 18 26 1070 15040
a 19 11 85 220 15040
a 19 12 35 371 30599
a 19 4 19 1207 15559
a 19 5 87 1152 46157
a 19 6 43 1056 29043
a 19 14 57 768 39934
a 19 10 92 960 11929
