c fixed charge multi commodity flow
c
c problem vertices edges commodities
p fcmcf 20 315 200
c
c origin destination demand
k 11 9 71
k 2 9 32
k 11 7 78
k 18 17 40
k 0 11 53
k 6 3 80
k 12 16 57
k 11 12 72
k 5 8 57
k 15 0 73
k 6 19 36
k 2 13 22
k 16 8 93
k 17 7 95
k 13 2 27
k 18 10 37
k 2 14 33
k 12 6 94
k 7 9 19
k 15 6 59
k 19 5 17
k 7 18 91
k 19 13 53
k 0 2 73
k 11 15 55
k 4 7 71
k 9 17 92
k 10 1 32
k 3 17 46
k 19 9 69
k 3 2 27
k 3 10 36
k 9 0 37
k 6 12 13
k 11 16 71
k 3 6 15
k 13 19 48
k 5 6 71
k 4 12 96
k 1 19 30
k 19 8 63
k 13 16 75
k 13 10 13
k 4 16 76
k 6 16 83
k 18 7 24
k 13 14 26
k 15 7 10
k 9 1 27
k 2 0 72
k 4 5 18
k 6 18 71
k 12 19 47
k 12 5 15
k 12 7 92
k 19 2 17
k 2 5 58
k 8 19 24
k 19 6 69
k 7 19 12
k 16 9 98
k 9 4 58
k 17 0 63
k 8 4 56
k 13 8 48
k 0 6 86
k 0 9 31
k 12 15 78
k 4 11 20
k 5 15 78
k 8 5 34
k 17 2 92
k 7 0 40
k 10 14 20
k 19 12 43
k 11 18 33
k 6 4 77
k 8 3 69
k 19 0 24
k 1 2 51
k 14 18 63
k 3 15 85
k 5 7 55
k 8 15 51
k 10 9 24
k 14 12 44
k 6 2 74
k 15 14 71
k 7 3 13
k 18 0 32
k 10 7 57
k 6 1 40
k 9 8 30
k 13 12 77
k 13 15 63
k 2 17 85
k 4 10 52
k 12 9 10
k 9 11 35
k 12 8 12
k 8 0 45
k 8 18 94
k 14 3 97
k 16 12 46
k 2 6 74
k 7 11 78
k 2 3 47
k 13 17 28
k 0 16 93
k 6 9 15
k 2 10 59
k 9 19 94
k 14 7 51
k 7 12 36
k 7 2 41
k 10 8 18
k 7 5 44
k 18 14 16
k 0 4 33
k 5 17 87
k 2 11 19
k 19 7 47
k 18 19 65
k 4 2 86
k 11 19 47
k 17 14 35
k 17 16 69
k 12 4 88
k 9 7 60
k 1 16 38
k 6 7 60
k 14 15 31
k 5 3 82
k 1 10 48
k 3 16 11
k 0 12 98
k 18 16 41
k 4 15 29
k 19 16 54
k 15 4 67
k 0 1 87
k 14 2 61
k 2 4 87
k 17 13 33
k 12 3 92
k 1 15 46
k 16 4 78
k 6 10 78
k 2 18 81
k 10 6 50
k 14 9 63
k 15 3 96
k 3 19 66
k 11 5 59
k 8 16 38
k 7 13 72
k 9 2 80
k 12 13 32
k 4 9 58
k 1 3 81
k 0 5 66
k 5 13 62
k 8 6 73
k 5 19 37
k 7 16 93
k 11 0 97
k 3 13 34
k 1 7 11
k 17 4 39
k 3 0 87
k 1 0 35
k 3 14 13
k 11 8 14
k 14 11 77
k 6 13 38
k 1 11 29
k 18 5 71
k 1 17 67
k 18 3 74
k 3 4 60
k 6 11 78
k 18 8 47
k 16 13 31
k 15 5 10
k 14 10 24
k 3 9 46
k 0 19 76
k 10 2 80
k 10 19 19
k 8 10 14
k 9 18 66
k 11 10 92
k 7 1 15
k 10 16 80
k 17 10 97
k 6 14 28
k 4 18 51
k 4 19 26
k 15 1 12
k 16 2 18
c
c source target cost capacity fixed
a 0 1 100 10631 53790
a 0 15 38 404 50563
a 0 10 33 668 39267
a 0 18 60 235 37653
a 0 16 11 499 38191
a 0 13 12 477 41419
a 0 6 84 374 9145
a 0 14 14 558 31199
a 0 19 75 653 25282
a 0 4 71 81 49487
a 0 12 55 484 17213
a 0 11 37 704 12910
a 0 5 21 660 29585
a 0 9 19 308 45184
a 0 17 44 492 46798
a 0 3 48 301 50563
a 0 7 24 470 38191
a 1 2 100 10631 53790
a 1 8 13 719 45184
a 1 10 59 660 20441
a 1 17 96 308 45722
a 1 16 45 580 52177
a 1 11 45 88 25282
a 1 15 18 360 21516
a 1 9 96 455 42495
a 1 7 70 176 30661
a 1 6 23 279 49487
a 1 5 29 367 38191
a 1 13 17 470 12372
a 1 12 73 521 34426
a 1 19 22 704 16675
a 1 4 36 374 26358
a 1 0 21 653 8607
a 1 14 67 301 23668
a 2 3 100 10631 53790
a 2 0 31 374 17751
a 2 6 59 492 20979
a 2 14 18 96 36040
a 2 11 56 594 25282
a 2 16 25 103 10758
a 2 19 23 580 15600
a 2 1 12 110 39805
a 2 4 17 389 23668
a 2 8 67 367 20441
a 2 9 72 514 22054
a 2 10 44 162 37116
a 2 12 72 455 7531
a 2 7 10 169 28509
a 2 5 93 272 11296
a 2 13 16 213 44646
a 2 17 34 440 15600
a 3 4 100 10631 53790
a 3 14 45 367 38729
a 3 13 39 660 21516
a 3 2 13 572 41419
a 3 18 42 565 26358
a 3 11 44 448 29585
a 3 17 72 140 37653
a 3 1 43 558 51639
a 3 9 57 543 36040
a 3 15 75 154 10758
a 3 0 89 191 24206
a 3 10 71 264 42495
a 3 6 48 176 11296
a 3 7 37 360 30661
a 3 19 27 338 28509
a 3 16 75 492 30123
a 4 5 100 10631 53790
a 4 0 33 558 47336
a 4 1 72 279 38191
a 4 7 10 587 20441
a 4 10 58 411 50563
a 4 6 79 455 45722
a 4 8 75 550 18289
a 4 14 26 587 35502
a 4 18 94 88 37653
a 4 17 58 103 25820
a 4 12 48 389 28509
a 4 2 41 110 32812
a 4 11 56 697 24206
a 4 9 83 565 40881
a 5 6 100 10631 53790
a 5 7 81 279 23668
a 5 17 42 235 32274
a 5 14 18 345 47874
a 5 16 79 191 51101
a 5 2 55 367 11834
a 5 12 31 719 16137
a 5 13 73 404 47874
a 5 3 66 235 9683
a 5 11 41 543 36040
a 5 8 13 572 13986
a 5 18 95 140 7531
a 5 10 15 360 52715
a 6 7 100 10631 53790
a 6 12 34 316 41957
a 6 15 47 726 15600
a 6 10 80 198 32274
a 6 11 98 81 20979
a 6 17 86 616 31199
a 6 4 29 213 53253
a 6 18 36 118 22054
a 6 2 88 140 49487
a 6 5 34 543 20979
a 6 16 24 338 5917
a 6 14 59 110 41957
a 6 3 28 624 6993
a 6 19 73 404 13448
a 7 8 100 10631 53790
a 7 14 56 352 40881
a 7 1 69 235 44646
a 7 19 58 580 17751
a 7 15 37 580 20979
a 7 3 19 228 46260
a 7 2 82 228 52177
a 7 10 64 279 12372
a 7 5 86 294 27433
a 7 9 97 697 5917
a 7 17 55 132 24206
a 7 11 53 118 31737
a 7 6 21 103 12910
a 7 0 55 624 19903
a 8 9 100 10631 53790
a 8 5 64 250 17213
a 8 15 62 594 48949
a 8 19 79 220 44108
a 8 18 26 462 38191
a 8 12 29 198 27971
a 8 7 88 594 5379
a 8 1 74 543 49487
a 8 3 91 118 27433
a 8 6 64 609 48949
a 8 4 88 118 10221
a 8 10 16 345 15600
a 8 2 80 235 29047
a 8 13 99 572 14524
a 8 11 72 704 15062
a 8 14 70 198 33888
a 8 17 63 565 38191
a 9 10 100 10631 53790
a 9 3 32 96 21516
a 9 0 35 440 36578
a 9 16 37 198 37653
a 9 15 25 433 43570
a 9 5 36 660 20441
a 9 12 10 74 29047
a 9 14 59 528 34426
a 9 18 88 396 15062
a 9 4 24 675 51101
a 9 11 38 374 40881
a 9 7 24 433 18827
a 9 2 58 88 30661
a 9 17 19 690 49487
a 9 19 25 499 44108
a 10 11 100 10631 53790
a 10 1 91 631 33888
a 10 8 70 653 10758
a 10 0 82 74 12372
a 10 7 14 396 27971
a 10 12 57 455 32274
a 10 14 61 382 6455
a 10 13 79 352 25820
a 10 6 76 404 22592
a 10 19 15 602 27971
a 10 5 78 653 47874
a 10 4 47 712 47336
a 10 9 70 565 36040
a 10 17 59 690 38191
a 10 16 88 712 27433
a 10 15 65 272 10221
a 10 2 79 206 26895
a 11 12 100 10631 53790
a 11 8 60 330 15062
a 11 14 19 433 28509
a 11 9 10 367 11834
a 11 15 41 411 49487
a 11 16 41 294 42495
a 11 6 35 536 12372
a 11 18 58 668 20979
a 11 19 16 506 38729
a 11 1 52 96 28509
a 11 13 88 448 28509
a 11 5 58 162 13448
a 11 17 66 228 17751
a 12 13 100 10631 53790
a 12 16 56 184 26358
a 12 8 18 140 27433
a 12 4 45 389 22054
a 12 19 29 712 12910
a 12 5 49 140 39267
a 12 15 87 176 15062
a 12 2 26 88 5379
a 12 11 72 514 24744
a 12 17 90 411 42495
a 12 1 65 264 51639
a 12 10 24 616 43032
a 12 6 45 411 47336
a 12 18 33 624 10221
a 12 9 30 616 18827
a 12 3 33 162 29047
a 12 14 66 448 31199
a 13 14 100 10631 53790
a 13 2 93 426 12910
a 13 19 49 528 37653
a 13 6 90 220 15600
a 13 1 81 213 44108
a 13 8 26 455 25282
a 13 16 83 580 29585
a 13 10 99 565 22592
a 13 17 63 646 31199
a 13 0 25 169 32812
a 13 3 55 565 13986
a 13 15 33 506 32812
a 13 4 77 638 28509
a 13 5 12 543 7531
a 13 18 10 499 52177
a 13 12 97 206 19903
a 13 9 53 389 15062
a 13 7 50 704 53253
a 14 15 100 10631 53790
a 14 2 64 176 8069
a 14 9 13 213 38191
a 14 10 97 228 35502
a 14 8 72 594 23130
a 14 19 72 704 20979
a 14 1 72 594 47874
a 14 16 10 184 37116
a 14 6 90 257 30123
a 14 18 72 374 14524
a 14 4 25 88 31199
a 14 5 86 411 52715
a 14 12 59 103 51639
a 14 7 20 81 5379
a 14 0 79 272 36040
a 14 11 59 338 11296
a 14 13 89 198 44108
a 15 16 100 10631 53790
a 15 14 39 587 36578
a 15 7 30 521 23668
a 15 18 42 147 27971
a 15 0 18 264 38191
a 15 8 64 294 14524
a 15 2 34 514 18289
a 15 9 43 653 48411
a 15 1 29 668 15600
a 15 5 79 184 9145
a 15 10 56 602 43570
a 15 19 55 653 22054
a 15 13 23 264 34964
a 16 17 100 10631 53790
a 16 8 84 697 22054
a 16 9 78 184 29585
a 16 2 33 587 25282
a 16 11 78 286 47874
a 16 14 72 213 25820
a 16 12 30 294 30123
a 16 6 40 308 8607
a 16 1 54 147 11296
a 16 15 80 506 37653
a 16 0 28 272 23130
a 16 5 79 110 18827
a 16 18 31 462 17213
a 16 4 61 668 32274
a 17 18 100 10631 53790
a 17 8 42 389 18827
a 17 13 86 690 36578
a 17 12 35 572 41419
a 17 15 26 316 37653
a 17 16 45 81 51639
a 17 6 75 455 38191
a 17 11 27 338 30123
a 17 2 41 228 25282
a 17 7 44 440 8607
a 17 19 46 88 9683
a 17 14 81 668 7531
a 17 0 21 242 24744
a 17 9 88 587 20979
a 17 3 39 506 52177
a 17 1 90 213 49487
a 17 5 18 294 34964
a 17 10 65 690 23668
a 17 4 34 272 42495
a 18 19 100 10631 53790
a 18 8 83 242 13448
a 18 11 96 103 19903
a 18 14 89 191 35502
a 18 3 94 580 27971
a 18 0 76 294 14524
a 18 16 55 154 42495
a 18 15 34 455 31737
a 18 2 71 184 8607
a 18 17 51 448 26358
a 18 5 54 580 18289
a 18 7 22 682 16675
a 18 4 64 228 43570
a 18 9 46 426 51101
a 18 13 33 565 13986
a 19 0 100 10631 53790
a 19 18 97 308 25820
a 19 11 48 338 39267
a 19 4 41 462 31737
a 19 3 73 308 22592
a 19 17 70 616 16137
a 19 12 37 250 11296
a 19 13 77 580 17751
a 19 10 98 184 30661
a 19 6 52 433 23668
a 19 7 79 374 7531
a 19 2 52 154 29047
a 19 5 58 492 13448
a 19 9 73 88 44646
a 19 8 86 514 8607
a 19 16 67 477 41419
a 19 15 19 272 33350
a 19 14 25 455 44646
