c multi commodity flow
c
c problem vertices edges commodities
p mcf 100 360 100
c
c origin destination demand
k 55 18 95
k 0 21 69
k 9 18 76
k 69 84 22
k 54 34 44
k 36 44 72
k 84 76 59
k 76 23 19
k 59 46 24
k 34 33 93
k 15 66 26
k 27 69 100
k 15 64 38
k 28 54 65
k 12 25 81
k 42 25 78
k 21 35 33
k 60 49 98
k 6 93 87
k 2 82 96
k 28 81 80
k 12 76 62
k 70 84 58
k 67 27 37
k 69 34 49
k 77 99 75
k 51 23 17
k 72 8 24
k 18 78 22
k 77 64 33
k 17 31 45
k 42 88 70
k 59 4 71
k 34 58 64
k 44 0 13
k 86 57 31
k 75 73 77
k 11 1 100
k 86 29 81
k 10 56 15
k 41 3 85
k 38 87 86
k 43 60 15
k 29 72 35
k 40 24 47
k 13 25 93
k 79 90 27
k 88 29 38
k 76 95 67
k 57 3 64
k 24 61 13
k 30 93 97
k 75 36 70
k 92 86 58
k 72 98 58
k 5 52 80
k 55 52 76
k 66 59 13
k 15 56 27
k 5 37 71
k 42 66 29
k 73 46 34
k 0 94 20
k 71 15 67
k 93 89 55
k 2 29 59
k 12 38 52
k 50 32 47
k 38 24 18
k 64 19 62
k 91 59 22
k 68 41 23
k 80 35 46
k 21 62 38
k 85 17 30
k 73 75 90
k 68 92 86
k 93 60 94
k 36 98 57
k 31 18 75
k 83 96 86
k 31 89 77
k 18 1 32
k 22 30 67
k 59 29 13
k 51 80 70
k 3 2 32
k 16 65 88
k 70 2 53
k 24 59 78
k 91 46 30
k 92 62 81
k 8 64 27
k 74 78 100
k 87 54 39
k 2 85 51
k 71 87 21
k 93 90 15
k 57 29 21
k 96 76 80
c
c source target cost capacity
a 0 1 91 193
a 0 10 97 340
a 1 0 95 159
a 1 2 82 195
a 1 11 92 207
a 2 1 85 409
a 2 3 95 472
a 2 12 97 346
a 3 2 93 232
a 3 4 83 199
a 3 13 85 249
a 4 3 99 198
a 4 5 87 167
a 4 14 80 184
a 5 4 85 539
a 5 6 98 368
a 5 15 88 311
a 6 5 93 499
a 6 7 84 481
a 6 16 85 280
a 7 6 81 406
a 7 8 96 214
a 7 17 96 340
a 8 7 88 338
a 8 9 87 251
a 8 18 98 442
a 9 8 84 266
a 9 19 97 475
a 10 0 100 325
a 10 11 83 339
a 10 20 99 273
a 11 1 94 470
a 11 10 88 209
a 11 12 86 454
a 11 21 96 360
a 12 2 83 357
a 12 11 98 433
a 12 13 85 507
a 12 22 93 289
a 13 3 86 324
a 13 12 93 357
a 13 14 94 438
a 13 23 82 321
a 14 4 96 439
a 14 13 91 495
a 14 15 88 207
a 14 24 92 434
a 15 5 98 376
a 15 14 83 306
a 15 16 82 389
a 15 25 88 529
a 16 6 94 313
a 16 15 96 239
a 16 17 94 251
a 16 26 80 338
a 17 7 94 338
a 17 16 86 284
a 17 18 100 546
a 17 27 100 348
a 18 8 94 353
a 18 17 82 199
a 18 19 89 508
a 18 28 98 453
a 19 9 88 226
a 19 18 100 462
a 19 29 89 301
a 20 10 81 441
a 20 21 92 153
a 20 30 98 327
a 21 11 92 384
a 21 20 92 241
a 21 22 92 188
a 21 31 96 431
a 22 12 94 260
a 22 21 99 431
a 22 23 97 526
a 22 32 97 335
a 23 13 92 460
a 23 22 89 518
a 23 24 95 266
a 23 33 82 428
a 24 14 84 246
a 24 23 89 319
a 24 25 99 250
a 24 34 96 202
a 25 15 81 469
a 25 24 94 336
a 25 26 94 519
a 25 35 95 312
a 26 16 80 462
a 26 25 81 447
a 26 27 95 359
a 26 36 94 427
a 27 17 95 431
a 27 26 81 428
a 27 28 88 295
a 27 37 81 293
a 28 18 94 194
a 28 27 80 411
a 28 29 98 395
a 28 38 94 423
a 29 19 80 540
a 29 28 86 394
a 29 39 95 251
a 30 20 82 206
a 30 31 98 472
a 30 40 85 523
a 31 21 81 197
a 31 30 95 278
a 31 32 86 189
a 31 41 91 440
a 32 22 93 321
a 32 31 87 539
a 32 33 96 276
a 32 42 99 230
a 33 23 99 449
a 33 32 89 249
a 33 34 98 159
a 33 43 93 468
a 34 24 87 438
a 34 33 91 407
a 34 35 83 294
a 34 44 85 277
a 35 25 96 375
a 35 34 97 418
a 35 36 96 349
a 35 45 82 517
a 36 26 82 405
a 36 35 84 483
a 36 37 94 233
a 36 46 86 217
a 37 27 100 187
a 37 36 93 492
a 37 38 93 260
a 37 47 96 548
a 38 28 87 513
a 38 37 94 471
a 38 39 87 472
a 38 48 83 478
a 39 29 83 275
a 39 38 96 155
a 39 49 96 226
a 40 30 89 385
a 40 41 83 515
a 40 50 91 335
a 41 31 92 471
a 41 40 92 178
a 41 42 85 355
a 41 51 94 368
a 42 32 94 201
a 42 41 95 205
a 42 43 84 540
a 42 52 83 473
a 43 33 84 333
a 43 42 94 287
a 43 44 89 168
a 43 53 85 424
a 44 34 92 486
a 44 43 85 375
a 44 45 98 372
a 44 54 92 446
a 45 35 99 306
a 45 44 97 543
a 45 46 89 517
a 45 55 84 344
a 46 36 80 416
a 46 45 80 243
a 46 47 97 263
a 46 56 98 251
a 47 37 86 244
a 47 46 94 515
a 47 48 85 271
a 47 57 91 235
a 48 38 84 192
a 48 47 88 278
a 48 49 84 506
a 48 58 81 154
a 49 39 82 214
a 49 48 83 414
a 49 59 86 503
a 50 40 91 188
a 50 51 100 262
a 50 60 83 353
a 51 41 95 156
a 51 50 85 258
a 51 52 80 256
a 51 61 91 465
a 52 42 84 192
a 52 51 86 329
a 52 53 94 256
a 52 62 85 193
a 53 43 85 500
a 53 52 82 237
a 53 54 84 486
a 53 63 97 413
a 54 44 94 263
a 54 53 95 223
a 54 55 81 270
a 54 64 85 356
a 55 45 85 475
a 55 54 100 410
a 55 56 91 359
a 55 65 82 390
a 56 46 80 385
a 56 55 85 423
a 56 57 96 493
a 56 66 83 178
a 57 47 84 443
a 57 56 88 166
a 57 58 88 272
a 57 67 91 331
a 58 48 94 514
a 58 57 86 173
a 58 59 92 396
a 58 68 92 259
a 59 49 93 306
a 59 58 83 541
a 59 69 99 328
a 60 50 86 336
a 60 61 84 392
a 60 70 88 460
a 61 51 86 262
a 61 60 88 301
a 61 62 85 379
a 61 71 94 548
a 62 52 98 236
a 62 61 88 384
a 62 63 94 190
a 62 72 81 414
a 63 53 93 269
a 63 62 98 301
a 63 64 100 213
a 63 73 93 449
a 64 54 87 376
a 64 63 91 198
a 64 65 95 302
a 64 74 100 262
a 65 55 91 324
a 65 64 84 286
a 65 66 97 160
a 65 75 85 382
a 66 56 89 402
a 66 65 93 457
a 66 67 95 294
a 66 76 84 426
a 67 57 82 245
a 67 66 97 205
a 67 68 89 495
a 67 77 88 344
a 68 58 91 202
a 68 67 100 163
a 68 69 86 196
a 68 78 98 377
a 69 59 96 291
a 69 68 88 367
a 69 79 92 489
a 70 60 98 308
a 70 71 94 406
a 70 80 89 155
a 71 61 93 548
a 71 70 82 438
a 71 72 85 450
a 71 81 82 429
a 72 62 98 228
a 72 71 85 505
a 72 73 97 442
a 72 82 96 369
a 73 63 85 398
a 73 72 84 532
a 73 74 85 469
a 73 83 84 536
a 74 64 87 379
a 74 73 81 251
a 74 75 99 546
a 74 84 93 456
a 75 65 86 441
a 75 74 94 286
a 75 76 82 238
a 75 85 85 212
a 76 66 88 319
a 76 75 81 523
a 76 77 81 519
a 76 86 82 546
a 77 67 96 523
a 77 76 98 480
a 77 78 82 519
a 77 87 91 195
a 78 68 92 196
a 78 77 96 282
a 78 79 94 433
a 78 88 86 159
a 79 69 93 279
a 79 78 85 254
a 79 89 88 435
a 80 70 88 429
a 80 81 88 156
a 80 90 88 155
a 81 71 94 491
a 81 80 98 473
a 81 82 87 532
a 81 91 91 452
a 82 72 84 498
a 82 81 81 203
a 82 83 94 311
a 82 92 94 258
a 83 73 97 436
a 83 82 88 333
a 83 84 81 237
a 83 93 100 331
a 84 74 93 393
a 84 83 83 437
a 84 85 83 259
a 84 94 93 173
a 85 75 96 506
a 85 84 97 422
a 85 86 87 178
a 85 95 99 406
a 86 76 82 312
a 86 85 81 528
a 86 87 84 153
a 86 96 94 276
a 87 77 80 341
a 87 86 87 369
a 87 88 82 209
a 87 97 81 257
a 88 78 88 235
a 88 87 93 529
a 88 89 98 525
a 88 98 91 412
a 89 79 97 245
a 89 88 89 415
a 89 99 92 455
a 90 80 93 478
a 90 91 95 367
a 91 81 88 297
a 91 90 93 453
a 91 92 89 324
a 92 82 86 391
a 92 91 91 428
a 92 93 96 454
a 93 83 96 376
a 93 92 80 313
a 93 94 81 377
a 94 84 98 484
a 94 93 100 225
a 94 95 100 379
a 95 85 97 267
a 95 94 80 253
a 95 96 88 229
a 96 86 82 219
a 96 95 80 245
a 96 97 89 301
a 97 87 93 330
a 97 96 85 343
a 97 98 81 294
a 98 88 99 252
a 98 97 100 483
a 98 99 96 249
a 99 89 80 292
a 99 98 97 346
