c multi commodity flow
c
c problem vertices edges commodities
p mcf 225 840 100
c
c origin destination demand
k 74 83 16
k 154 0 87
k 194 19 88
k 86 114 40
k 75 162 42
k 71 149 45
k 99 15 38
k 188 30 33
k 72 31 40
k 79 131 26
k 6 32 18
k 164 70 68
k 63 154 31
k 58 165 47
k 174 125 96
k 147 126 97
k 170 65 29
k 5 221 80
k 21 164 95
k 218 124 23
k 79 44 21
k 8 66 98
k 189 217 79
k 17 93 19
k 57 67 26
k 55 74 46
k 33 136 57
k 29 146 12
k 58 83 72
k 84 162 24
k 151 126 75
k 142 220 81
k 104 4 76
k 91 201 32
k 142 140 49
k 126 81 18
k 220 193 13
k 172 54 85
k 116 58 76
k 164 215 79
k 190 6 42
k 183 103 59
k 115 72 19
k 76 72 73
k 90 39 53
k 146 190 62
k 166 157 50
k 79 215 69
k 78 174 68
k 40 45 19
k 118 2 14
k 136 3 55
k 127 21 66
k 45 168 73
k 114 104 53
k 4 81 36
k 41 178 45
k 141 47 61
k 183 137 90
k 191 204 47
k 217 100 55
k 107 116 95
k 35 23 87
k 81 77 58
k 118 16 21
k 191 46 68
k 16 22 27
k 197 39 42
k 92 199 85
k 109 2 24
k 16 120 92
k 117 64 98
k 128 69 21
k 24 158 20
k 22 188 67
k 154 180 95
k 61 133 75
k 36 157 75
k 199 70 77
k 107 129 61
k 218 223 76
k 33 108 78
k 157 179 64
k 46 9 96
k 30 184 67
k 41 76 96
k 18 173 96
k 44 167 99
k 149 93 20
k 213 110 27
k 219 137 19
k 204 64 81
k 174 67 88
k 155 16 42
k 218 9 77
k 160 6 15
k 12 117 38
k 88 21 52
k 218 127 21
k 66 61 69
c
c source target cost capacity
a 0 1 91 193
a 0 15 97 340
a 1 0 95 159
a 1 2 82 195
a 1 16 92 207
a 2 1 85 409
a 2 3 95 472
a 2 17 97 346
a 3 2 93 232
a 3 4 83 199
a 3 18 85 249
a 4 3 99 198
a 4 5 87 167
a 4 19 80 184
a 5 4 85 539
a 5 6 98 368
a 5 20 88 311
a 6 5 93 499
a 6 7 84 481
a 6 21 85 280
a 7 6 81 406
a 7 8 96 214
a 7 22 96 340
a 8 7 88 338
a 8 9 87 251
a 8 23 98 442
a 9 8 84 266
a 9 10 97 475
a 9 24 100 325
a 10 9 83 339
a 10 11 99 273
a 10 25 94 470
a 11 10 88 209
a 11 12 86 454
a 11 26 96 360
a 12 11 83 357
a 12 13 98 433
a 12 27 85 507
a 13 12 93 289
a 13 14 86 324
a 13 28 93 357
a 14 13 94 438
a 14 29 82 321
a 15 0 96 439
a 15 16 91 495
a 15 30 88 207
a 16 1 92 434
a 16 15 98 376
a 16 17 83 306
a 16 31 82 389
a 17 2 88 529
a 17 16 94 313
a 17 18 96 239
a 17 32 94 251
a 18 3 80 338
a 18 17 94 338
a 18 19 86 284
a 18 33 100 546
a 19 4 100 348
a 19 18 94 353
a 19 20 82 199
a 19 34 89 508
a 20 5 98 453
a 20 19 88 226
a 20 21 100 462
a 20 35 89 301
a 21 6 81 441
a 21 20 92 153
a 21 22 98 327
a 21 36 92 384
a 22 7 92 241
a 22 21 92 188
a 22 23 96 431
a 22 37 94 260
a 23 8 99 431
a 23 22 97 526
a 23 24 97 335
a 23 38 92 460
a 24 9 89 518
a 24 23 95 266
a 24 25 82 428
a 24 39 84 246
a 25 10 89 319
a 25 24 99 250
a 25 26 96 202
a 25 40 81 469
a 26 11 94 336
a 26 25 94 519
a 26 27 95 312
a 26 41 80 462
a 27 12 81 447
a 27 26 95 359
a 27 28 94 427
a 27 42 95 431
a 28 13 81 428
a 28 27 88 295
a 28 29 81 293
a 28 43 94 194
a 29 14 80 411
a 29 28 98 395
a 29 44 94 423
a 30 15 80 540
a 30 31 86 394
a 30 45 95 251
a 31 16 82 206
a 31 30 98 472
a 31 32 85 523
a 31 46 81 197
a 32 17 95 278
a 32 31 86 189
a 32 33 91 440
a 32 47 93 321
a 33 18 87 539
a 33 32 96 276
a 33 34 99 230
a 33 48 99 449
a 34 19 89 249
a 34 33 98 159
a 34 35 93 468
a 34 49 87 438
a 35 20 91 407
a 35 34 83 294
a 35 36 85 277
a 35 50 96 375
a 36 21 97 418
a 36 35 96 349
a 36 37 82 517
a 36 51 82 405
a 37 22 84 483
a 37 36 94 233
a 37 38 86 217
a 37 52 100 187
a 38 23 93 492
a 38 37 93 260
a 38 39 96 548
a 38 53 87 513
a 39 24 94 471
a 39 38 87 472
a 39 40 83 478
a 39 54 83 275
a 40 25 96 155
a 40 39 96 226
a 40 41 89 385
a 40 55 83 515
a 41 26 91 335
a 41 40 92 471
a 41 42 92 178
a 41 56 85 355
a 42 27 94 368
a 42 41 94 201
a 42 43 95 205
a 42 57 84 540
a 43 28 83 473
a 43 42 84 333
a 43 44 94 287
a 43 58 89 168
a 44 29 85 424
a 44 43 92 486
a 44 59 85 375
a 45 30 98 372
a 45 46 92 446
a 45 60 99 306
a 46 31 97 543
a 46 45 89 517
a 46 47 84 344
a 46 61 80 416
a 47 32 80 243
a 47 46 97 263
a 47 48 98 251
a 47 62 86 244
a 48 33 94 515
a 48 47 85 271
a 48 49 91 235
a 48 63 84 192
a 49 34 88 278
a 49 48 84 506
a 49 50 81 154
a 49 64 82 214
a 50 35 83 414
a 50 49 86 503
a 50 51 91 188
a 50 65 100 262
a 51 36 83 353
a 51 50 95 156
a 51 52 85 258
a 51 66 80 256
a 52 37 91 465
a 52 51 84 192
a 52 53 86 329
a 52 67 94 256
a 53 38 85 193
a 53 52 85 500
a 53 54 82 237
a 53 68 84 486
a 54 39 97 413
a 54 53 94 263
a 54 55 95 223
a 54 69 81 270
a 55 40 85 356
a 55 54 85 475
a 55 56 100 410
a 55 70 91 359
a 56 41 82 390
a 56 55 80 385
a 56 57 85 423
a 56 71 96 493
a 57 42 83 178
a 57 56 84 443
a 57 58 88 166
a 57 72 88 272
a 58 43 91 331
a 58 57 94 514
a 58 59 86 173
a 58 73 92 396
a 59 44 92 259
a 59 58 93 306
a 59 74 83 541
a 60 45 99 328
a 60 61 86 336
a 60 75 84 392
a 61 46 88 460
a 61 60 86 262
a 61 62 88 301
a 61 76 85 379
a 62 47 94 548
a 62 61 98 236
a 62 63 88 384
a 62 77 94 190
a 63 48 81 414
a 63 62 93 269
a 63 64 98 301
a 63 78 100 213
a 64 49 93 449
a 64 63 87 376
a 64 65 91 198
a 64 79 95 302
a 65 50 100 262
a 65 64 91 324
a 65 66 84 286
a 65 80 97 160
a 66 51 85 382
a 66 65 89 402
a 66 67 93 457
a 66 81 95 294
a 67 52 84 426
a 67 66 82 245
a 67 68 97 205
a 67 82 89 495
a 68 53 88 344
a 68 67 91 202
a 68 69 100 163
a 68 83 86 196
a 69 54 98 377
a 69 68 96 291
a 69 70 88 367
a 69 84 92 489
a 70 55 98 308
a 70 69 94 406
a 70 71 89 155
a 70 85 93 548
a 71 56 82 438
a 71 70 85 450
a 71 72 82 429
a 71 86 98 228
a 72 57 85 505
a 72 71 97 442
a 72 73 96 369
a 72 87 85 398
a 73 58 84 532
a 73 72 85 469
a 73 74 84 536
a 73 88 87 379
a 74 59 81 251
a 74 73 99 546
a 74 89 93 456
a 75 60 86 441
a 75 76 94 286
a 75 90 82 238
a 76 61 85 212
a 76 75 88 319
a 76 77 81 523
a 76 91 81 519
a 77 62 82 546
a 77 76 96 523
a 77 78 98 480
a 77 92 82 519
a 78 63 91 195
a 78 77 92 196
a 78 79 96 282
a 78 93 94 433
a 79 64 86 159
a 79 78 93 279
a 79 80 85 254
a 79 94 88 435
a 80 65 88 429
a 80 79 88 156
a 80 81 88 155
a 80 95 94 491
a 81 66 98 473
a 81 80 87 532
a 81 82 91 452
a 81 96 84 498
a 82 67 81 203
a 82 81 94 311
a 82 83 94 258
a 82 97 97 436
a 83 68 88 333
a 83 82 81 237
a 83 84 100 331
a 83 98 93 393
a 84 69 83 437
a 84 83 83 259
a 84 85 93 173
a 84 99 96 506
a 85 70 97 422
a 85 84 87 178
a 85 86 99 406
a 85 100 82 312
a 86 71 81 528
a 86 85 84 153
a 86 87 94 276
a 86 101 80 341
a 87 72 87 369
a 87 86 82 209
a 87 88 81 257
a 87 102 88 235
a 88 73 93 529
a 88 87 98 525
a 88 89 91 412
a 88 103 97 245
a 89 74 89 415
a 89 88 92 455
a 89 104 93 478
a 90 75 95 367
a 90 91 88 297
a 90 105 93 453
a 91 76 89 324
a 91 90 86 391
a 91 92 91 428
a 91 106 96 454
a 92 77 96 376
a 92 91 80 313
a 92 93 81 377
a 92 107 98 484
a 93 78 100 225
a 93 92 100 379
a 93 94 97 267
a 93 108 80 253
a 94 79 88 229
a 94 93 82 219
a 94 95 80 245
a 94 109 89 301
a 95 80 93 330
a 95 94 85 343
a 95 96 81 294
a 95 110 99 252
a 96 81 100 483
a 96 95 96 249
a 96 97 80 292
a 96 111 97 346
a 97 82 96 527
a 97 96 91 413
a 97 98 91 440
a 97 112 83 202
a 98 83 96 301
a 98 97 94 422
a 98 99 81 366
a 98 113 98 189
a 99 84 96 211
a 99 98 94 516
a 99 100 88 219
a 99 114 87 549
a 100 85 88 274
a 100 99 87 391
a 100 101 92 464
a 100 115 95 451
a 101 86 93 250
a 101 100 97 540
a 101 102 89 492
a 101 116 89 528
a 102 87 87 461
a 102 101 88 380
a 102 103 82 364
a 102 117 97 269
a 103 88 97 323
a 103 102 82 439
a 103 104 96 180
a 103 118 98 211
a 104 89 88 200
a 104 103 84 461
a 104 119 97 220
a 105 90 94 320
a 105 106 81 389
a 105 120 89 290
a 106 91 84 329
a 106 105 91 498
a 106 107 96 454
a 106 121 82 195
a 107 92 89 498
a 107 106 87 193
a 107 108 96 315
a 107 122 89 304
a 108 93 81 323
a 108 107 97 269
a 108 109 98 314
a 108 123 93 206
a 109 94 87 468
a 109 108 100 504
a 109 110 93 455
a 109 124 80 380
a 110 95 89 249
a 110 109 97 272
a 110 111 80 452
a 110 125 86 520
a 111 96 81 439
a 111 110 80 172
a 111 112 84 373
a 111 126 84 415
a 112 97 96 213
a 112 111 96 174
a 112 113 86 320
a 112 127 97 446
a 113 98 95 152
a 113 112 100 436
a 113 114 88 523
a 113 128 99 162
a 114 99 87 201
a 114 113 94 354
a 114 115 94 304
a 114 129 93 407
a 115 100 88 515
a 115 114 96 423
a 115 116 95 474
a 115 130 94 237
a 116 101 97 491
a 116 115 92 446
a 116 117 82 424
a 116 131 80 525
a 117 102 83 297
a 117 116 80 276
a 117 118 88 484
a 117 132 80 277
a 118 103 81 225
a 118 117 91 240
a 118 119 86 387
a 118 133 93 355
a 119 104 81 163
a 119 118 91 216
a 119 134 83 433
a 120 105 91 247
a 120 121 84 515
a 120 135 95 520
a 121 106 83 186
a 121 120 97 163
a 121 122 89 465
a 121 136 80 368
a 122 107 94 493
a 122 121 85 500
a 122 123 88 511
a 122 137 89 269
a 123 108 88 456
a 123 122 98 164
a 123 124 96 379
a 123 138 80 528
a 124 109 95 358
a 124 123 80 184
a 124 125 80 416
a 124 139 83 202
a 125 110 89 169
a 125 124 97 502
a 125 126 92 397
a 125 140 80 284
a 126 111 98 220
a 126 125 85 396
a 126 127 89 245
a 126 141 95 273
a 127 112 81 491
a 127 126 99 384
a 127 128 85 166
a 127 142 93 290
a 128 113 98 295
a 128 127 94 497
a 128 129 91 344
a 128 143 96 313
a 129 114 86 384
a 129 128 95 361
a 129 130 96 473
a 129 144 95 280
a 130 115 88 500
a 130 129 86 363
a 130 131 89 455
a 130 145 93 228
a 131 116 97 353
a 131 130 95 162
a 131 132 81 187
a 131 146 89 241
a 132 117 98 279
a 132 131 86 199
a 132 133 85 524
a 132 147 95 545
a 133 118 83 350
a 133 132 80 480
a 133 134 94 151
a 133 148 85 337
a 134 119 82 182
a 134 133 82 290
a 134 149 88 471
a 135 120 91 503
a 135 136 96 227
a 135 150 94 297
a 136 121 85 415
a 136 135 83 374
a 136 137 95 387
a 136 151 87 314
a 137 122 83 499
a 137 136 82 505
a 137 138 95 335
a 137 152 91 175
a 138 123 80 427
a 138 137 82 422
a 138 139 87 181
a 138 153 99 198
a 139 124 89 363
a 139 138 91 507
a 139 140 81 277
a 139 154 96 284
a 140 125 84 177
a 140 139 91 186
a 140 141 87 384
a 140 155 97 527
a 141 126 99 383
a 141 140 87 370
a 141 142 92 209
a 141 156 96 387
a 142 127 95 279
a 142 141 82 328
a 142 143 84 327
a 142 157 88 499
a 143 128 97 203
a 143 142 91 547
a 143 144 95 293
a 143 158 93 170
a 144 129 100 214
a 144 143 98 533
a 144 145 91 176
a 144 159 94 235
a 145 130 87 512
a 145 144 92 334
a 145 146 89 297
a 145 160 89 329
a 146 131 84 318
a 146 145 81 332
a 146 147 87 213
a 146 161 88 238
a 147 132 95 505
a 147 146 97 467
a 147 148 87 545
a 147 162 98 399
a 148 133 95 322
a 148 147 82 273
a 148 149 99 258
a 148 163 83 398
a 149 134 100 295
a 149 148 85 461
a 149 164 94 223
a 150 135 95 540
a 150 151 91 439
a 150 165 95 239
a 151 136 99 449
a 151 150 97 151
a 151 152 86 280
a 151 166 96 310
a 152 137 92 227
a 152 151 91 467
a 152 153 83 206
a 152 167 93 521
a 153 138 98 166
a 153 152 83 186
a 153 154 96 257
a 153 168 82 530
a 154 139 83 166
a 154 153 80 333
a 154 155 96 271
a 154 169 88 436
a 155 140 87 310
a 155 154 81 506
a 155 156 94 286
a 155 170 87 156
a 156 141 95 313
a 156 155 97 365
a 156 157 88 331
a 156 171 88 498
a 157 142 87 525
a 157 156 91 431
a 157 158 97 500
a 157 172 97 289
a 158 143 95 506
a 158 157 81 445
a 158 159 83 426
a 158 173 83 539
a 159 144 83 182
a 159 158 98 161
a 159 160 89 276
a 159 174 97 384
a 160 145 95 402
a 160 159 98 438
a 160 161 81 371
a 160 175 97 179
a 161 146 98 299
a 161 160 87 278
a 161 162 83 343
a 161 176 84 505
a 162 147 100 276
a 162 161 85 486
a 162 163 94 550
a 162 177 95 446
a 163 148 96 421
a 163 162 96 410
a 163 164 92 250
a 163 178 98 312
a 164 149 85 373
a 164 163 86 428
a 164 179 99 456
a 165 150 99 547
a 165 166 81 444
a 165 180 80 233
a 166 151 80 378
a 166 165 93 412
a 166 167 99 411
a 166 181 93 392
a 167 152 100 173
a 167 166 91 185
a 167 168 88 195
a 167 182 98 433
a 168 153 97 504
a 168 167 94 451
a 168 169 98 431
a 168 183 85 524
a 169 154 83 426
a 169 168 83 236
a 169 170 80 354
a 169 184 98 412
a 170 155 95 517
a 170 169 95 362
a 170 171 86 199
a 170 185 82 272
a 171 156 93 358
a 171 170 89 164
a 171 172 92 336
a 171 186 95 347
a 172 157 86 479
a 172 171 87 357
a 172 173 82 357
a 172 187 100 418
a 173 158 87 280
a 173 172 89 191
a 173 174 100 313
a 173 188 96 395
a 174 159 89 443
a 174 173 84 475
a 174 175 96 528
a 174 189 88 261
a 175 160 97 152
a 175 174 83 221
a 175 176 93 194
a 175 190 81 256
a 176 161 89 414
a 176 175 83 477
a 176 177 85 362
a 176 191 94 350
a 177 162 95 225
a 177 176 98 308
a 177 178 89 347
a 177 192 96 274
a 178 163 92 463
a 178 177 87 490
a 178 179 87 342
a 178 193 80 366
a 179 164 88 234
a 179 178 81 277
a 179 194 99 480
a 180 165 95 500
a 180 181 96 192
a 180 195 81 403
a 181 166 91 333
a 181 180 89 157
a 181 182 82 328
a 181 196 92 492
a 182 167 81 268
a 182 181 95 500
a 182 183 100 350
a 182 197 91 413
a 183 168 96 284
a 183 182 85 319
a 183 184 82 168
a 183 198 81 180
a 184 169 97 524
a 184 183 81 308
a 184 185 85 193
a 184 199 83 319
a 185 170 85 283
a 185 184 92 329
a 185 186 85 162
a 185 200 83 499
a 186 171 97 531
a 186 185 97 539
a 186 187 91 202
a 186 201 81 367
a 187 172 84 352
a 187 186 84 227
a 187 188 86 453
a 187 202 91 360
a 188 173 95 317
a 188 187 92 443
a 188 189 88 545
a 188 203 85 450
a 189 174 95 405
a 189 188 92 252
a 189 190 91 461
a 189 204 87 195
a 190 175 84 281
a 190 189 88 316
a 190 191 91 488
a 190 205 80 446
a 191 176 97 345
a 191 190 87 421
a 191 192 100 169
a 191 206 80 479
a 192 177 92 168
a 192 191 92 255
a 192 193 80 368
a 192 207 87 517
a 193 178 87 318
a 193 192 95 464
a 193 194 87 366
a 193 208 96 199
a 194 179 94 200
a 194 193 80 469
a 194 209 95 496
a 195 180 92 158
a 195 196 85 314
a 195 210 87 505
a 196 181 99 231
a 196 195 95 477
a 196 197 86 348
a 196 211 91 333
a 197 182 91 231
a 197 196 80 384
a 197 198 87 318
a 197 212 92 498
a 198 183 80 277
a 198 197 99 537
a 198 199 81 162
a 198 213 80 198
a 199 184 83 386
a 199 198 82 282
a 199 200 95 212
a 199 214 98 408
a 200 185 84 237
a 200 199 92 426
a 200 201 89 345
a 200 215 91 350
a 201 186 81 199
a 201 200 94 304
a 201 202 88 229
a 201 216 94 342
a 202 187 86 303
a 202 201 92 488
a 202 203 93 481
a 202 217 100 314
a 203 188 97 440
a 203 202 80 313
a 203 204 84 347
a 203 218 100 234
a 204 189 93 518
a 204 203 92 378
a 204 205 91 511
a 204 219 89 517
a 205 190 80 282
a 205 204 85 378
a 205 206 85 251
a 205 220 91 278
a 206 191 94 312
a 206 205 82 439
a 206 207 97 360
a 206 221 95 290
a 207 192 94 310
a 207 206 83 316
a 207 208 95 226
a 207 222 83 510
a 208 193 84 192
a 208 207 85 215
a 208 209 98 512
a 208 223 94 232
a 209 194 84 488
a 209 208 100 396
a 209 224 93 214
a 210 195 99 340
a 210 211 84 380
a 211 196 83 531
a 211 210 83 341
a 211 212 80 512
a 212 197 87 270
a 212 211 80 373
a 212 213 98 211
a 213 198 82 438
a 213 212 82 405
a 213 214 100 301
a 214 199 83 181
a 214 213 92 330
a 214 215 100 468
a 215 200 84 494
a 215 214 80 423
a 215 216 93 161
a 216 201 88 441
a 216 215 95 511
a 216 217 93 358
a 217 202 96 524
a 217 216 96 463
a 217 218 80 434
a 218 203 91 365
a 218 217 95 544
a 218 219 93 392
a 219 204 94 529
a 219 218 87 364
a 219 220 100 530
a 220 205 95 372
a 220 219 99 198
a 220 221 82 511
a 221 206 96 423
a 221 220 94 338
a 221 222 82 381
a 222 207 94 184
a 222 221 81 486
a 222 223 80 156
a 223 208 100 165
a 223 222 93 502
a 223 224 89 527
a 224 209 92 318
a 224 223 99 172
