c multi commodity flow
c
c problem vertices edges commodities
p mcf 625 2400 4000
c
c origin destination demand
k 140 114 71
k 268 96 76
k 318 605 56
k 437 580 58
k 282 366 64
k 396 469 48
k 427 523 38
k 264 364 50
k 199 100 45
k 77 612 16
k 564 272 96
k 555 173 18
k 336 48 72
k 23 579 47
k 222 247 29
k 601 251 98
k 425 589 67
k 389 101 23
k 517 107 75
k 404 490 16
k 399 528 47
k 324 601 91
k 169 250 53
k 603 619 52
k 267 323 71
k 179 594 67
k 571 327 40
k 559 326 79
k 74 478 56
k 406 300 93
k 292 352 44
k 308 585 54
k 120 509 84
k 197 319 47
k 273 278 46
k 560 272 63
k 47 453 93
k 494 170 21
k 52 505 25
k 201 584 49
k 100 345 14
k 72 320 67
k 43 419 92
k 458 98 11
k 43 240 68
k 558 358 89
k 187 551 85
k 218 491 100
k 296 583 20
k 339 70 80
k 8 479 70
k 388 120 49
k 133 513 99
k 109 456 29
k 406 527 46
k 534 489 50
k 15 144 11
k 1 182 62
k 314 38 30
k 79 307 97
k 406 36 33
k 419 143 69
k 451 266 54
k 404 286 81
k 379 154 76
k 281 367 77
k 424 275 26
k 151 246 98
k 250 277 68
k 412 74 96
k 137 170 37
k 52 448 87
k 286 400 57
k 157 116 67
k 532 15 87
k 219 585 68
k 362 586 75
k 601 486 68
k 248 35 94
k 603 214 25
k 102 86 44
k 572 245 76
k 75 451 36
k 33 342 35
k 3 153 22
k 75 56 53
k 556 290 24
k 190 542 82
k 592 384 14
k 448 304 21
k 241 406 70
k 546 75 59
k 99 522 77
k 279 608 85
k 559 37 54
k 609 523 13
k 205 32 39
k 110 586 71
k 450 275 22
k 529 278 69
k 340 527 21
k 593 179 85
k 461 14 68
k 138 269 90
k 99 227 76
k 265 6 32
k 81 258 91
k 606 18 34
k 250 522 50
k 82 77 53
k 514 478 47
k 40 293 63
k 19 72 63
k 279 453 71
k 423 393 83
k 336 181 45
k 504 281 78
k 422 290 64
k 586 257 87
k 353 496 84
k 38 58 54
k 118 136 70
k 619 506 33
k 219 75 21
k 93 580 59
k 611 136 73
k 596 107 96
k 604 12 93
k 37 481 15
k 345 285 64
k 85 92 49
k 494 516 35
k 609 308 83
k 370 389 64
k 555 358 55
k 450 415 97
k 32 396 25
k 156 214 22
k 550 607 14
k 492 280 84
k 130 396 49
k 323 26 20
k 215 360 57
k 235 408 66
k 124 245 59
k 344 110 77
k 192 190 38
k 402 283 37
k 472 151 87
k 238 75 49
k 210 350 96
k 220 122 13
k 49 38 67
k 556 321 20
k 524 181 42
k 462 497 12
k 292 393 38
k 303 197 53
k 291 119 81
k 364 26 48
k 217 572 100
k 223 238 46
k 373 304 15
k 79 228 30
k 312 270 36
k 461 508 21
k 315 97 53
k 20 67 72
k 481 204 94
k 38 551 46
k 105 31 21
k 609 497 11
k 14 230 43
k 278 504 34
k 202 485 86
k 58 302 83
k 400 290 63
k 230 98 59
k 455 487 73
k 564 415 32
k 207 557 59
k 622 104 80
k 135 313 33
k 534 506 25
k 347 549 44
k 8 465 81
k 342 30 33
k 121 32 35
k 192 441 82
k 255 290 42
k 368 164 35
k 158 21 71
k 363 604 85
k 56 184 47
k 542 374 86
k 545 305 63
k 169 103 26
k 471 243 27
k 13 450 62
k 48 335 91
k 494 182 75
k 570 420 67
k 100 138 81
k 414 168 30
k 130 334 15
k 290 335 64
k 447 232 39
k 548 396 93
k 103 496 73
k 472 264 24
k 469 191 77
k 511 89 26
k 225 88 100
k 311 347 51
k 195 339 92
k 455 288 26
k 554 550 29
k 294 392 58
k 515 167 12
k 520 237 70
k 126 245 87
k 252 438 55
k 46 156 11
k 546 139 18
k 624 233 82
k 602 77 50
k 503 527 52
k 10 134 28
k 491 419 30
k 143 455 63
k 288 584 18
k 154 516 72
k 271 213 82
k 356 62 90
k 69 172 62
k 600 413 63
k 294 63 45
k 213 118 80
k 43 53 31
k 540 548 97
k 269 510 49
k 180 42 21
k 174 220 13
k 540 440 81
k 6 125 58
k 124 588 75
k 238 60 17
k 144 199 43
k 129 556 30
k 382 295 42
k 374 464 89
k 410 20 45
k 244 216 92
k 16 167 77
k 580 507 94
k 156 422 60
k 478 572 23
k 492 225 83
k 290 320 24
k 365 553 46
k 160 605 15
k 38 279 28
k 420 249 95
k 193 539 34
k 40 330 91
k 428 230 30
k 522 586 42
k 586 538 56
k 206 38 62
k 236 329 43
k 115 407 18
k 90 586 94
k 585 162 59
k 289 193 65
k 6 299 79
k 282 494 78
k 311 107 46
k 476 14 80
k 329 344 69
k 460 585 65
k 27 390 94
k 504 242 92
k 485 616 28
k 286 12 89
k 286 208 84
k 30 69 13
k 216 565 61
k 619 335 90
k 113 373 96
k 118 361 35
k 123 179 56
k 4 469 32
k 136 623 47
k 202 119 64
k 220 537 96
k 177 55 83
k 611 619 22
k 12 236 36
k 483 400 40
k 531 484 70
k 612 519 40
k 8 516 43
k 100 194 29
k 558 19 57
k 599 427 66
k 414 585 99
k 613 46 38
k 189 350 95
k 609 520 17
k 100 322 25
k 190 185 71
k 515 617 77
k 304 208 61
k 486 109 63
k 405 616 76
k 291 107 71
k 619 389 23
k 86 558 51
k 386 216 42
k 457 51 45
k 319 540 64
k 168 547 32
k 52 272 93
k 377 76 61
k 451 35 55
k 600 292 49
k 622 201 97
k 438 378 90
k 144 219 71
k 575 273 17
k 99 370 96
k 576 312 17
k 603 139 37
k 596 287 45
k 183 536 91
k 558 522 37
k 269 420 42
k 375 44 13
k 589 105 57
k 232 483 64
k 91 49 26
k 51 541 50
k 152 461 37
k 152 563 12
k 624 554 18
k 14 163 59
k 54 550 18
k 186 469 92
k 532 490 53
k 507 342 31
k 446 360 75
k 258 65 43
k 83 312 69
k 19 347 30
k 167 352 32
k 204 53 21
k 458 570 80
k 530 442 43
k 209 229 26
k 393 378 88
k 594 378 91
k 490 447 31
k 5 103 53
k 93 96 49
k 502 328 88
k 472 461 88
k 314 568 61
k 242 311 59
k 286 569 84
k 504 159 72
k 537 375 29
k 93 192 88
k 53 85 15
k 273 277 47
k 473 69 48
k 20 149 98
k 558 394 21
k 571 220 84
k 609 310 39
k 585 316 81
k 407 336 86
k 315 397 54
k 335 99 19
k 139 297 42
k 285 157 17
k 5 85 16
k 31 502 96
k 458 198 41
k 25 319 11
k 320 68 47
k 192 358 35
k 158 144 36
k 250 114 79
k 477 214 14
k 398 176 79
k 405 186 78
k 18 256 14
k 46 618 32
k 44 84 93
k 167 294 63
k 319 169 75
k 103 221 43
k 524 542 57
k 511 468 53
k 503 382 98
k 528 282 57
k 146 426 57
k 210 31 84
k 592 123 96
k 590 375 41
k 232 568 14
k 268 525 35
k 309 533 59
k 247 514 92
k 544 493 80
k 264 12 88
k 292 466 35
k 549 224 62
k 5 177 64
k 380 74 24
k 48 276 81
k 586 32 79
k 218 199 67
k 126 204 31
k 17 593 18
k 601 562 50
k 250 236 64
k 125 240 22
k 415 206 96
k 592 347 52
k 207 524 70
k 487 548 39
k 470 67 58
k 286 20 41
k 161 600 71
k 251 592 95
k 105 47 86
k 406 278 74
k 99 585 90
k 167 610 56
k 177 428 95
k 517 5 11
k 578 571 28
k 181 157 60
k 205 420 56
k 237 78 73
k 376 240 93
k 150 94 25
k 314 45 79
k 332 506 58
k 199 533 18
k 132 554 69
k 80 165 37
k 515 160 18
k 617 122 54
k 45 207 56
k 391 149 82
k 437 505 37
k 153 379 17
k 34 599 88
k 362 446 36
k 83 74 93
k 445 341 44
k 87 266 42
k 429 157 82
k 428 500 90
k 55 367 33
k 245 529 99
k 548 45 22
k 568 198 46
k 66 362 71
k 566 161 72
k 229 416 60
k 308 262 74
k 552 15 16
k 315 209 15
k 587 566 31
k 44 559 55
k 438 49 54
k 547 551 29
k 146 496 25
k 48 574 69
k 468 51 71
k 167 71 26
k 199 313 38
k 368 495 59
k 531 13 91
k 268 176 68
k 208 536 89
k 323 207 53
k 445 526 71
k 581 411 52
k 301 595 41
k 63 442 57
k 459 0 51
k 330 266 11
k 99 623 27
k 43 4 28
k 559 109 25
k 469 302 62
k 298 70 91
k 251 191 50
k 467 333 90
k 188 450 78
k 2 110 40
k 57 326 34
k 51 294 35
k 327 483 44
k 601 268 82
k 502 520 48
k 149 139 39
k 309 509 71
k 427 589 25
k 529 600 69
k 412 158 94
k 607 239 37
k 385 407 28
k 232 43 74
k 406 516 81
k 504 501 87
k 393 47 50
k 109 363 83
k 585 421 26
k 7 136 70
k 581 256 13
k 29 433 64
k 10 103 23
k 62 487 41
k 227 69 50
k 30 531 54
k 522 543 72
k 564 619 87
k 226 422 85
k 391 622 28
k 529 586 40
k 297 494 82
k 219 453 93
k 619 528 55
k 595 126 82
k 168 217 44
k 544 56 92
k 392 613 15
k 236 243 18
k 146 92 99
k 133 10 61
k 241 32 29
k 3 233 83
k 616 232 80
k 521 110 93
k 18 524 72
k 124 538 92
k 443 71 21
k 210 398 72
k 406 319 16
k 405 257 77
k 597 289 48
k 200 260 85
k 551 493 99
k 165 137 60
k 607 611 19
k 521 515 46
k 174 229 92
k 414 334 48
k 468 370 30
k 477 130 26
k 499 193 53
k 163 98 75
k 257 304 68
k 563 180 17
k 486 479 25
k 326 556 96
k 81 582 21
k 618 440 86
k 197 455 51
k 233 230 37
k 124 420 33
k 333 614 33
k 290 95 96
k 210 104 61
k 277 533 65
k 392 319 14
k 85 126 11
k 252 373 89
k 380 21 20
k 392 468 91
k 86 573 12
k 105 53 86
k 553 196 92
k 560 170 83
k 146 36 97
k 176 352 65
k 147 69 79
k 282 525 100
k 398 275 63
k 451 472 38
k 410 379 33
k 477 82 82
k 532 325 59
k 588 481 60
k 44 261 83
k 310 193 66
k 162 315 13
k 255 576 47
k 604 306 91
k 301 36 53
k 223 503 22
k 359 106 40
k 288 482 38
k 432 174 29
k 41 43 57
k 497 48 86
k 590 432 100
k 312 35 74
k 617 374 74
k 162 451 21
k 590 604 29
k 6 58 50
k 35 275 47
k 258 275 40
k 248 490 57
k 464 155 69
k 283 562 36
k 603 510 19
k 591 537 60
k 273 207 35
k 137 500 66
k 595 519 69
k 285 279 83
k 175 518 22
k 275 149 25
k 583 358 29
k 234 495 62
k 199 438 53
k 286 76 82
k 517 253 24
k 65 53 27
k 221 564 36
k 600 178 18
k 266 12 44
k 41 266 76
k 52 507 57
k 246 281 53
k 75 164 64
k 349 528 46
k 494 114 70
k 371 510 32
k 537 90 94
k 79 574 60
k 214 510 83
k 22 353 93
k 559 589 43
k 343 613 88
k 494 362 67
k 380 37 27
k 192 508 67
k 585 213 41
k 9 39 91
k 490 47 52
k 385 560 18
k 410 142 95
k 264 343 44
k 364 562 30
k 254 555 91
k 529 423 66
k 328 98 63
k 102 340 41
k 545 454 52
k 600 209 15
k 367 489 52
k 229 293 13
k 130 491 51
k 596 213 89
k 493 228 68
k 379 82 85
k 231 274 73
k 143 152 73
k 613 366 46
k 618 277 59
k 302 602 85
k 334 353 94
k 388 139 75
k 487 296 89
k 67 482 84
k 296 374 54
k 394 214 46
k 383 438 82
k 563 527 22
k 477 265 58
k 311 606 70
k 222 358 49
k 449 496 81
k 585 448 50
k 234 243 56
k 23 423 52
k 410 290 20
k 373 211 29
k 290 472 18
k 463 171 95
k 62 282 55
k 576 173 35
k 295 91 40
k 546 326 38
k 177 297 89
k 342 592 24
k 262 450 35
k 441 68 78
k 256 623 32
k 314 240 76
k 355 93 22
k 376 401 57
k 531 622 100
k 209 232 84
k 487 597 62
k 533 326 44
k 285 182 49
k 65 10 63
k 27 588 46
k 305 380 90
k 330 221 100
k 244 520 59
k 317 208 99
k 0 291 66
k 278 608 84
k 601 519 77
k 461 523 68
k 242 274 95
k 328 441 24
k 169 416 91
k 333 133 38
k 252 236 68
k 67 324 100
k 279 230 100
k 29 358 76
k 267 162 89
k 257 321 80
k 567 434 17
k 327 15 60
k 549 325 84
k 129 99 37
k 176 383 89
k 246 516 51
k 342 214 45
k 502 573 78
k 480 614 98
k 35 452 78
k 491 445 56
k 262 429 19
k 386 581 23
k 49 377 63
k 583 319 41
k 272 604 61
k 541 605 40
k 92 80 26
k 561 262 76
k 365 82 56
k 620 243 45
k 314 324 29
k 194 581 51
k 372 464 65
k 410 601 64
k 106 75 87
k 81 145 67
k 208 189 42
k 101 284 38
k 475 582 55
k 80 164 68
k 592 210 94
k 507 19 76
k 77 457 62
k 100 442 96
k 59 143 63
k 506 28 11
k 386 608 85
k 379 130 48
k 451 449 38
k 536 156 94
k 194 61 24
k 574 374 30
k 298 279 22
k 77 615 18
k 535 269 41
k 411 255 17
k 171 298 79
k 437 206 21
k 227 183 23
k 589 280 95
k 10 114 99
k 162 506 65
k 0 328 75
k 434 460 80
k 25 265 43
k 8 390 47
k 409 22 92
k 388 350 64
k 190 251 80
k 416 608 100
k 253 348 58
k 187 595 55
k 524 61 50
k 319 315 48
k 54 168 15
k 193 220 63
k 313 458 71
k 188 246 78
k 465 261 84
k 488 467 90
k 358 68 33
k 61 73 45
k 154 388 32
k 194 46 92
k 129 171 70
k 440 258 18
k 526 619 20
k 373 90 95
k 181 247 91
k 550 319 35
k 588 461 45
k 468 566 91
k 447 164 31
k 600 64 45
k 566 263 80
k 408 178 66
k 392 199 70
k 39 89 73
k 72 302 32
k 185 269 71
k 404 391 42
k 328 599 63
k 75 157 87
k 300 372 35
k 391 418 80
k 451 470 69
k 79 18 36
k 497 303 63
k 593 258 97
k 588 605 49
k 388 286 16
k 182 196 99
k 577 322 56
k 279 388 38
k 256 504 19
k 464 236 52
k 174 57 73
k 257 31 57
k 527 203 50
k 561 254 81
k 200 596 62
k 536 123 51
k 323 213 11
k 407 307 75
k 470 451 16
k 164 545 46
k 150 146 18
k 320 533 75
k 449 444 20
k 2 63 99
k 324 600 30
k 184 157 53
k 48 6 100
k 170 25 40
k 240 181 59
k 269 187 85
k 277 401 77
k 395 317 26
k 497 234 24
k 509 296 39
k 33 146 74
k 549 417 16
k 275 535 40
k 360 63 95
k 582 52 39
k 208 557 87
k 121 81 44
k 443 57 29
k 285 26 17
k 164 198 54
k 8 587 99
k 580 455 48
k 497 65 81
k 345 103 55
k 354 593 73
k 438 156 11
k 180 84 27
k 189 196 15
k 229 290 51
k 514 347 77
k 168 380 66
k 311 112 17
k 424 582 83
k 295 486 16
k 252 502 51
k 257 272 25
k 14 257 84
k 80 11 94
k 14 203 52
k 561 373 94
k 308 398 25
k 172 22 64
k 326 233 11
k 147 617 50
k 461 530 51
k 183 92 90
k 219 423 37
k 409 97 48
k 520 27 42
k 267 89 97
k 373 303 51
k 153 146 83
k 530 506 54
k 173 302 66
k 465 322 86
k 223 183 51
k 257 237 76
k 418 355 81
k 361 180 17
k 116 137 52
k 620 50 78
k 219 222 40
k 518 457 55
k 423 91 95
k 157 518 61
k 252 67 100
k 334 299 40
k 258 601 81
k 127 518 96
k 480 344 41
k 426 467 51
k 401 587 19
k 289 73 45
k 506 144 74
k 99 145 81
k 62 9 14
k 245 84 43
k 198 211 96
k 327 550 46
k 486 457 63
k 251 601 88
k 520 500 12
k 408 1 45
k 196 256 12
k 119 237 81
k 469 556 21
k 489 360 47
k 79 339 65
k 134 258 100
k 28 110 64
k 609 121 21
k 615 609 53
k 105 323 98
k 51 35 19
k 337 329 40
k 88 543 83
k 461 33 68
k 239 426 36
k 290 451 18
k 450 16 62
k 273 136 40
k 479 335 82
k 213 411 58
k 286 344 16
k 493 51 54
k 479 286 47
k 538 268 85
k 331 269 15
k 391 555 19
k 464 250 32
k 246 621 92
k 337 18 28
k 517 170 44
k 361 423 20
k 419 242 30
k 248 31 43
k 138 352 82
k 232 7 69
k 79 244 53
k 120 612 53
k 615 504 96
k 23 93 49
k 574 49 57
k 462 349 69
k 180 427 27
k 138 193 66
k 87 95 21
k 601 192 19
k 300 610 80
k 265 180 48
k 180 277 99
k 462 394 70
k 364 456 48
k 473 287 11
k 318 326 88
k 255 336 51
k 251 481 78
k 132 291 94
k 387 500 80
k 345 320 47
k 4 467 80
k 554 564 84
k 307 25 53
k 151 349 35
k 545 206 92
k 23 457 51
k 491 413 25
k 242 597 85
k 292 465 60
k 239 472 90
k 364 491 46
k 217 472 80
k 358 175 70
k 357 564 77
k 593 243 38
k 290 339 35
k 58 594 61
k 118 376 50
k 597 306 23
k 423 321 53
k 417 585 39
k 162 33 41
k 119 479 27
k 532 233 88
k 523 611 83
k 371 405 66
k 181 327 99
k 14 64 17
k 48 243 12
k 584 216 96
k 323 252 17
k 101 80 76
k 278 513 65
k 174 162 75
k 591 473 16
k 411 573 18
k 91 286 21
k 186 164 78
k 145 36 36
k 91 324 19
k 501 481 25
k 156 545 53
k 343 191 88
k 536 74 49
k 422 328 82
k 184 126 52
k 435 495 45
k 87 59 40
k 415 102 44
k 394 172 20
k 572 86 16
k 183 397 81
k 206 151 27
k 211 282 54
k 282 23 69
k 251 276 78
k 465 31 22
k 217 173 35
k 237 353 78
k 188 336 99
k 269 70 80
k 273 331 70
k 458 320 14
k 203 464 45
k 120 430 93
k 420 456 95
k 298 377 11
k 18 499 21
k 65 592 31
k 108 573 23
k 211 19 54
k 315 453 64
k 275 601 86
k 406 596 14
k 14 133 93
k 285 258 65
k 520 124 65
k 356 95 100
k 553 105 54
k 444 608 59
k 267 396 98
k 253 317 17
k 334 259 90
k 178 570 23
k 216 105 93
k 518 186 76
k 277 512 28
k 442 387 62
k 119 311 25
k 192 224 63
k 44 170 44
k 443 147 52
k 577 52 14
k 591 497 70
k 336 388 87
k 607 257 51
k 531 246 20
k 21 260 52
k 250 473 98
k 41 619 15
k 27 37 15
k 119 427 34
k 325 159 55
k 165 98 50
k 588 68 89
k 303 274 26
k 368 307 95
k 217 45 71
k 265 583 94
k 302 126 28
k 209 389 27
k 59 333 41
k 94 88 83
k 369 201 84
k 579 223 95
k 374 423 84
k 269 601 67
k 389 471 49
k 397 559 55
k 32 177 41
k 255 215 78
k 615 472 21
k 154 614 46
k 117 423 98
k 537 260 52
k 250 165 18
k 186 275 54
k 3 491 74
k 223 283 70
k 347 164 31
k 390 70 99
k 592 233 83
k 64 16 11
k 373 558 28
k 185 388 92
k 121 616 54
k 129 292 72
k 546 381 49
k 271 524 68
k 125 392 33
k 425 201 30
k 521 90 47
k 598 298 92
k 113 450 90
k 594 584 49
k 305 365 79
k 497 448 93
k 404 225 44
k 93 523 13
k 201 202 49
k 365 167 16
k 430 254 77
k 606 52 85
k 66 105 48
k 243 474 76
k 86 274 32
k 244 119 37
k 291 251 53
k 295 563 82
k 184 68 72
k 0 530 28
k 402 37 22
k 406 178 44
k 201 577 57
k 168 27 21
k 224 139 57
k 170 150 23
k 18 613 37
k 301 477 77
k 95 369 41
k 206 421 19
k 97 437 21
k 419 582 54
k 90 72 49
k 474 169 93
k 514 48 14
k 177 458 53
k 382 6 37
k 275 607 87
k 195 301 58
k 567 610 49
k 159 534 11
k 593 96 32
k 523 345 30
k 497 420 51
k 386 91 100
k 355 235 64
k 274 119 25
k 316 286 43
k 324 10 90
k 383 96 53
k 425 138 65
k 256 20 44
k 578 274 16
k 359 379 88
k 190 443 60
k 231 174 97
k 100 433 32
k 93 276 54
k 299 314 24
k 225 119 68
k 547 219 46
k 404 86 74
k 514 5 41
k 193 186 45
k 409 374 59
k 524 476 39
k 526 461 47
k 593 451 72
k 436 94 80
k 471 196 19
k 591 411 33
k 597 331 75
k 290 338 95
k 297 621 30
k 433 549 92
k 91 338 77
k 428 50 41
k 282 210 63
k 268 435 92
k 27 147 17
k 413 163 83
k 230 355 14
k 606 345 49
k 347 580 100
k 152 549 89
k 54 82 54
k 300 557 51
k 47 543 80
k 254 415 90
k 451 483 15
k 135 318 17
k 482 259 15
k 512 439 16
k 218 53 32
k 174 228 23
k 221 577 20
k 291 244 94
k 49 20 50
k 177 58 61
k 538 438 47
k 340 139 69
k 374 455 45
k 388 256 75
k 571 289 11
k 278 28 48
k 86 423 67
k 368 570 73
k 127 547 37
k 532 389 94
k 509 517 72
k 320 284 74
k 394 147 53
k 455 548 95
k 80 507 79
k 577 568 70
k 436 227 53
k 393 385 92
k 455 21 92
k 575 190 30
k 529 246 90
k 1 500 90
k 341 487 100
k 353 474 99
k 190 481 100
k 56 490 17
k 419 0 47
k 174 306 84
k 461 273 74
k 608 617 25
k 302 442 29
k 228 592 82
k 12 560 94
k 386 460 88
k 66 220 23
k 210 363 54
k 534 169 53
k 240 376 22
k 423 71 27
k 113 186 32
k 371 25 97
k 537 610 28
k 592 152 22
k 123 605 65
k 484 276 29
k 209 356 24
k 421 549 20
k 291 39 40
k 376 368 11
k 61 354 37
k 135 314 97
k 273 181 31
k 379 71 59
k 62 474 74
k 409 152 66
k 351 408 94
k 454 281 81
k 129 579 66
k 570 503 95
k 344 47 22
k 97 189 72
k 587 504 49
k 71 461 96
k 232 47 20
k 339 351 65
k 119 48 77
k 623 460 93
k 612 367 59
k 572 566 66
k 576 271 57
k 76 94 38
k 98 110 30
k 558 7 34
k 5 492 75
k 128 222 36
k 240 285 85
k 118 459 18
k 543 55 60
k 193 75 67
k 97 613 57
k 596 137 75
k 34 533 52
k 132 413 76
k 390 244 35
k 611 194 92
k 275 551 13
k 445 325 64
k 2 60 91
k 186 109 13
k 111 140 90
k 101 571 50
k 390 176 71
k 141 347 70
k 52 569 91
k 0 459 98
k 25 315 46
k 209 343 74
k 361 313 77
k 363 527 72
k 72 423 92
k 280 203 70
k 548 590 92
k 42 503 50
k 297 446 78
k 80 425 50
k 355 515 56
k 417 463 76
k 151 388 37
k 464 529 48
k 142 308 85
k 7 277 68
k 280 189 70
k 369 280 27
k 146 78 100
k 588 254 26
k 34 553 93
k 103 12 47
k 285 155 65
k 298 583 76
k 595 512 12
k 28 624 69
k 585 467 94
k 179 612 66
k 547 350 74
k 299 364 31
k 159 563 38
k 237 556 31
k 394 50 100
k 104 229 24
k 448 289 46
k 227 411 80
k 331 21 53
k 181 107 23
k 13 208 12
k 2 572 38
k 285 511 98
k 191 599 82
k 354 526 19
k 242 165 88
k 289 209 87
k 343 152 97
k 37 113 59
k 296 72 46
k 178 453 50
k 106 575 23
k 352 7 59
k 182 448 50
k 456 535 100
k 268 550 44
k 416 487 15
k 377 305 27
k 172 534 65
k 560 232 20
k 563 486 20
k 165 220 67
k 535 282 37
k 361 285 62
k 56 297 62
k 74 124 11
k 119 263 15
k 308 325 42
k 484 89 100
k 410 87 66
k 362 571 85
k 471 124 39
k 223 202 39
k 159 452 64
k 363 588 27
k 408 409 100
k 98 104 95
k 166 471 69
k 286 508 83
k 512 378 38
k 616 94 96
k 455 542 31
k 515 491 57
k 590 624 75
k 276 148 99
k 1 338 40
k 226 456 85
k 81 471 99
k 349 621 72
k 53 414 27
k 38 49 94
k 238 287 31
k 600 431 99
k 572 217 36
k 523 527 11
k 175 292 75
k 120 577 38
k 264 83 72
k 618 617 77
k 227 146 19
k 237 505 12
k 384 140 38
k 213 570 12
k 151 234 37
k 537 143 98
k 306 587 19
k 338 238 67
k 620 185 12
k 603 136 75
k 27 7 73
k 224 384 97
k 534 519 90
k 372 617 13
k 98 565 62
k 275 543 57
k 474 481 42
k 460 389 50
k 405 498 24
k 243 173 27
k 448 449 34
k 369 2 59
k 165 251 18
k 384 130 32
k 386 97 25
k 298 592 40
k 566 155 96
k 505 605 88
k 272 77 56
k 86 82 86
k 528 391 79
k 318 52 23
k 263 281 56
k 396 518 26
k 150 507 52
k 381 608 60
k 158 556 13
k 290 598 91
k 451 463 71
k 160 174 59
k 462 83 27
k 52 319 39
k 193 503 25
k 9 401 62
k 33 24 100
k 279 546 53
k 301 559 96
k 455 127 14
k 34 21 86
k 488 50 31
k 407 232 90
k 602 381 40
k 461 45 17
k 116 322 43
k 515 73 36
k 287 503 78
k 198 39 49
k 172 70 23
k 462 192 64
k 298 248 42
k 617 96 68
k 291 361 33
k 173 54 83
k 285 536 43
k 563 518 15
k 66 414 47
k 236 483 41
k 560 237 47
k 238 94 37
k 53 8 72
k 190 486 40
k 536 386 22
k 567 81 27
k 46 406 86
k 306 546 83
k 619 88 44
k 565 353 77
k 42 366 76
k 481 613 11
k 314 535 69
k 540 194 39
k 237 384 90
k 175 74 16
k 598 116 97
k 519 209 23
k 462 515 67
k 495 432 41
k 214 175 68
k 493 317 88
k 408 525 69
k 483 468 81
k 169 31 49
k 608 315 72
k 430 209 38
k 600 241 54
k 470 191 50
k 396 470 58
k 523 538 88
k 445 592 81
k 270 477 15
k 193 490 76
k 374 305 71
k 586 103 20
k 437 141 59
k 60 607 14
k 604 212 68
k 537 576 12
k 360 438 58
k 621 605 20
k 594 307 92
k 269 480 51
k 496 465 90
k 509 526 35
k 503 204 26
k 402 538 84
k 601 504 36
k 455 149 100
k 382 517 60
k 337 297 85
k 139 549 16
k 583 333 70
k 233 549 38
k 124 475 71
k 209 118 58
k 326 213 12
k 179 43 56
k 297 544 62
k 338 163 46
k 28 198 19
k 207 44 92
k 486 89 30
k 106 60 46
k 512 397 83
k 532 48 93
k 415 305 28
k 220 486 95
k 316 38 20
k 163 234 32
k 336 391 76
k 483 161 77
k 623 13 92
k 351 348 89
k 137 211 18
k 536 389 33
k 80 365 57
k 500 255 16
k 433 244 90
k 179 386 95
k 160 462 16
k 85 6 11
k 488 181 55
k 177 437 22
k 152 565 43
k 419 43 77
k 35 315 13
k 334 263 60
k 538 29 89
k 441 26 17
k 468 218 93
k 114 251 30
k 95 215 33
k 354 21 22
k 593 85 71
k 485 433 86
k 489 480 87
k 411 37 28
k 546 501 84
k 379 492 47
k 579 326 19
k 578 402 48
k 302 394 54
k 193 55 20
k 431 449 81
k 208 210 28
k 145 146 84
k 99 60 29
k 386 135 31
k 359 93 78
k 141 294 62
k 600 66 16
k 209 7 62
k 382 281 70
k 360 263 21
k 576 422 96
k 506 64 86
k 155 218 86
k 143 68 27
k 283 433 88
k 193 141 41
k 229 65 94
k 31 64 53
k 537 353 44
k 519 616 63
k 210 277 71
k 480 401 30
k 139 104 52
k 16 504 39
k 620 184 67
k 221 295 66
k 13 465 28
k 37 247 22
k 98 315 60
k 282 389 84
k 156 583 35
k 155 417 99
k 116 571 53
k 402 244 65
k 126 433 22
k 575 503 94
k 416 553 85
k 505 456 20
k 146 611 50
k 376 191 85
k 524 205 67
k 380 474 64
k 353 194 40
k 200 173 78
k 443 278 71
k 46 245 37
k 183 173 73
k 205 409 74
k 462 621 90
k 178 349 28
k 156 306 68
k 16 314 69
k 343 204 52
k 445 544 71
k 557 21 31
k 213 29 39
k 319 0 97
k 145 110 52
k 520 585 68
k 242 362 92
k 416 153 96
k 219 549 46
k 145 430 20
k 400 583 32
k 528 29 59
k 415 285 51
k 404 222 51
k 275 401 31
k 102 62 16
k 492 330 37
k 405 60 52
k 250 386 81
k 84 594 67
k 45 5 13
k 311 230 46
k 240 407 35
k 156 154 44
k 548 93 35
k 315 381 94
k 553 543 59
k 565 309 20
k 257 176 76
k 88 224 56
k 158 8 56
k 123 197 37
k 252 396 59
k 480 404 20
k 74 427 48
k 158 621 25
k 238 528 17
k 83 514 87
k 92 227 29
k 253 321 97
k 94 370 11
k 553 94 53
k 274 567 79
k 234 37 54
k 472 574 29
k 438 375 91
k 226 90 60
k 89 423 53
k 303 284 85
k 173 24 81
k 18 397 31
k 369 366 35
k 512 157 91
k 446 301 29
k 81 555 84
k 83 254 29
k 558 564 82
k 309 175 48
k 611 535 41
k 87 611 84
k 417 350 74
k 518 317 28
k 450 325 98
k 277 65 75
k 578 22 68
k 413 244 24
k 181 276 35
k 65 160 14
k 277 29 21
k 558 443 48
k 542 282 76
k 211 26 52
k 505 368 57
k 514 331 48
k 69 513 55
k 227 264 40
k 74 42 76
k 88 424 47
k 537 546 68
k 40 527 93
k 251 583 28
k 522 313 37
k 387 573 51
k 205 99 96
k 97 505 42
k 71 169 63
k 324 82 30
k 436 521 44
k 207 414 21
k 112 603 91
k 80 67 82
k 430 187 38
k 168 505 67
k 476 361 16
k 432 371 84
k 545 338 27
k 534 242 45
k 178 462 93
k 490 549 85
k 232 286 99
k 424 304 26
k 72 591 54
k 580 429 21
k 591 16 95
k 305 351 11
k 475 106 59
k 119 17 56
k 186 499 74
k 441 183 42
k 283 77 60
k 196 548 89
k 482 476 36
k 182 357 93
k 3 611 78
k 249 63 83
k 62 63 70
k 466 454 45
k 221 499 39
k 410 342 97
k 213 551 66
k 326 431 31
k 436 303 68
k 185 429 63
k 434 126 57
k 388 142 92
k 245 29 76
k 564 189 84
k 369 425 92
k 585 102 30
k 348 222 64
k 418 468 84
k 302 186 96
k 473 68 95
k 30 504 73
k 418 224 37
k 380 570 68
k 13 380 86
k 73 478 90
k 267 3 74
k 87 616 47
k 199 212 60
k 96 502 55
k 585 332 75
k 37 498 38
k 532 144 63
k 57 581 88
k 421 307 37
k 113 381 99
k 62 70 70
k 10 88 35
k 420 196 93
k 332 316 83
k 6 134 89
k 117 221 79
k 597 377 60
k 20 413 41
k 465 565 83
k 55 141 59
k 62 426 37
k 530 213 84
k 309 368 55
k 429 561 61
k 128 38 41
k 212 259 72
k 267 107 60
k 343 131 31
k 38 619 36
k 0 400 13
k 170 607 15
k 604 247 47
k 490 461 22
k 201 332 91
k 367 330 71
k 475 502 81
k 452 469 37
k 588 42 30
k 144 109 80
k 559 419 21
k 554 234 99
k 16 19 61
k 46 498 68
k 375 296 94
k 432 165 93
k 168 167 29
k 306 434 82
k 62 568 52
k 204 96 20
k 266 395 89
k 399 582 62
k 418 2 50
k 359 483 92
k 423 56 18
k 459 70 48
k 205 439 25
k 369 262 54
k 252 510 85
k 311 233 50
k 483 201 76
k 314 537 18
k 572 42 27
k 399 242 77
k 495 578 75
k 379 428 34
k 445 118 98
k 16 548 46
k 332 294 38
k 98 533 19
k 222 555 30
k 227 124 26
k 13 83 63
k 5 266 68
k 568 0 14
k 236 589 78
k 526 452 38
k 595 110 68
k 35 165 85
k 180 255 70
k 57 608 15
k 153 613 22
k 18 104 34
k 497 394 78
k 365 267 38
k 245 247 37
k 19 220 90
k 253 67 11
k 409 168 89
k 430 196 39
k 188 412 82
k 208 552 44
k 318 514 92
k 359 91 54
k 283 193 35
k 502 90 59
k 309 28 23
k 199 233 50
k 186 158 85
k 5 616 31
k 141 476 58
k 44 585 75
k 461 154 52
k 316 318 19
k 593 590 95
k 500 207 47
k 596 409 71
k 216 557 71
k 41 507 13
k 112 515 36
k 311 333 11
k 438 381 47
k 134 8 98
k 569 441 18
k 287 6 71
k 177 273 49
k 512 451 32
k 346 604 34
k 236 311 97
k 208 258 89
k 323 536 100
k 229 209 14
k 18 489 14
k 284 258 57
k 220 174 44
k 129 25 95
k 477 306 12
k 50 294 68
k 104 114 25
k 7 156 71
k 341 3 54
k 533 334 62
k 54 326 32
k 558 344 66
k 221 201 75
k 436 500 25
k 302 436 29
k 239 257 69
k 53 569 79
k 542 165 55
k 233 212 54
k 535 3 76
k 396 54 44
k 467 420 14
k 371 255 61
k 409 200 79
k 190 586 25
k 432 325 64
k 453 283 55
k 601 598 47
k 119 216 98
k 428 150 37
k 70 168 36
k 592 318 24
k 445 65 77
k 65 163 96
k 582 469 45
k 127 590 46
k 582 437 91
k 216 42 99
k 429 139 92
k 19 563 92
k 514 477 59
k 398 588 36
k 29 13 76
k 360 174 38
k 100 456 57
k 486 325 30
k 269 383 22
k 236 34 13
k 99 461 64
k 66 527 22
k 157 26 27
k 208 453 39
k 335 193 78
k 297 22 58
k 135 601 49
k 387 169 83
k 100 511 94
k 325 177 46
k 370 38 18
k 386 35 26
k 568 188 39
k 609 167 69
k 534 87 52
k 217 365 55
k 591 399 36
k 230 435 40
k 374 399 75
k 287 297 66
k 11 387 19
k 515 68 63
k 93 556 53
k 196 392 50
k 602 588 84
k 177 370 83
k 476 545 76
k 102 571 25
k 50 420 22
k 580 362 27
k 509 468 49
k 624 229 60
k 314 122 72
k 42 239 12
k 568 619 23
k 34 133 35
k 156 113 73
k 177 376 97
k 177 202 24
k 339 447 26
k 61 379 48
k 70 60 63
k 272 208 54
k 382 107 88
k 589 230 22
k 36 401 48
k 237 598 32
k 47 16 31
k 493 309 35
k 112 598 95
k 261 432 64
k 605 294 32
k 29 327 60
k 51 145 63
k 541 473 95
k 248 280 91
k 169 27 43
k 349 525 27
k 377 21 52
k 498 298 46
k 5 593 58
k 425 226 18
k 550 10 82
k 31 108 61
k 571 273 76
k 379 377 33
k 172 378 83
k 348 573 67
k 489 171 56
k 566 467 57
k 138 616 37
k 472 335 25
k 410 225 35
k 412 186 55
k 617 248 69
k 80 267 64
k 418 88 30
k 83 613 25
k 336 30 36
k 148 13 89
k 483 545 59
k 192 155 68
k 111 622 74
k 506 616 77
k 10 177 91
k 18 342 27
k 232 148 39
k 254 66 35
k 325 419 49
k 44 6 14
k 414 503 66
k 441 126 16
k 505 596 46
k 564 447 14
k 55 101 88
k 583 11 79
k 411 446 71
k 261 123 52
k 621 404 19
k 295 312 35
k 73 471 25
k 267 196 50
k 419 178 42
k 113 208 50
k 527 139 43
k 118 123 16
k 434 454 12
k 281 107 42
k 272 507 24
k 464 231 61
k 252 365 30
k 331 294 38
k 560 42 24
k 233 466 89
k 239 617 31
k 104 185 48
k 555 225 54
k 574 394 73
k 261 367 67
k 40 36 90
k 594 323 55
k 171 245 67
k 469 521 42
k 137 339 15
k 193 421 23
k 506 602 33
k 75 489 33
k 402 103 25
k 292 227 72
k 25 514 93
k 268 138 49
k 327 529 96
k 124 238 46
k 172 384 18
k 307 251 86
k 210 263 99
k 83 272 80
k 361 42 82
k 456 86 52
k 592 603 96
k 349 101 27
k 485 225 42
k 165 365 69
k 151 623 75
k 392 294 42
k 522 371 73
k 161 278 80
k 192 558 49
k 373 508 46
k 220 331 59
k 607 570 85
k 427 299 46
k 170 230 34
k 291 157 77
k 246 66 36
k 472 107 21
k 195 429 92
k 602 557 12
k 546 196 61
k 480 372 26
k 339 516 22
k 535 67 52
k 415 487 70
k 332 38 32
k 388 135 49
k 579 477 43
k 120 208 86
k 98 294 41
k 502 340 25
k 524 613 82
k 218 55 64
k 39 201 62
k 205 289 99
k 247 394 92
k 106 164 95
k 422 565 61
k 390 0 92
k 473 464 55
k 283 373 55
k 490 27 37
k 264 167 79
k 125 139 24
k 549 108 35
k 519 416 20
k 396 491 84
k 511 525 96
k 317 519 99
k 526 366 26
k 334 165 79
k 472 295 14
k 220 306 11
k 306 349 67
k 380 59 69
k 334 315 21
k 76 255 52
k 351 154 18
k 5 229 11
k 310 490 12
k 529 549 41
k 394 168 42
k 620 408 72
k 556 33 28
k 312 271 15
k 121 612 11
k 171 235 75
k 395 143 33
k 188 42 44
k 41 82 93
k 432 10 79
k 179 314 63
k 524 311 12
k 201 62 14
k 47 595 38
k 171 363 20
k 421 22 14
k 337 487 74
k 473 138 36
k 537 35 16
k 371 31 18
k 409 543 90
k 371 598 37
k 587 155 18
k 89 365 85
k 122 409 46
k 583 515 12
k 104 291 43
k 390 99 64
k 110 596 69
k 266 113 16
k 271 45 20
k 119 169 46
k 272 257 100
k 47 193 84
k 162 169 27
k 134 400 62
k 433 469 14
k 284 272 58
k 61 5 26
k 352 456 15
k 80 115 30
k 292 547 29
k 73 571 59
k 603 350 67
k 456 376 91
k 369 22 65
k 278 419 46
k 61 229 21
k 137 454 32
k 613 374 84
k 293 454 49
k 354 72 84
k 517 542 29
k 231 397 72
k 99 474 47
k 270 262 27
k 435 272 86
k 84 599 77
k 617 494 100
k 274 551 30
k 123 557 41
k 288 289 82
k 295 226 25
k 369 250 29
k 553 11 79
k 453 529 72
k 604 160 51
k 361 473 85
k 509 10 92
k 528 579 22
k 33 271 93
k 305 277 47
k 127 59 48
k 167 419 18
k 316 213 49
k 432 337 43
k 182 571 55
k 378 309 41
k 315 621 88
k 356 572 19
k 539 546 64
k 349 529 33
k 274 578 85
k 441 300 33
k 46 543 31
k 368 56 81
k 525 427 97
k 589 467 99
k 488 290 34
k 201 136 50
k 534 191 80
k 187 361 87
k 555 267 42
k 524 274 65
k 367 235 79
k 422 538 64
k 462 624 20
k 324 93 15
k 43 538 75
k 460 266 44
k 61 514 45
k 355 213 99
k 82 226 90
k 559 588 65
k 471 584 39
k 580 605 84
k 614 587 87
k 492 78 24
k 159 448 67
k 424 185 68
k 469 113 81
k 97 9 95
k 522 143 74
k 383 489 79
k 495 398 16
k 335 358 71
k 28 509 13
k 96 316 38
k 16 206 79
k 420 277 86
k 73 246 40
k 148 420 18
k 61 273 22
k 29 71 64
k 381 220 42
k 210 158 99
k 394 529 48
k 273 162 78
k 222 261 36
k 180 158 87
k 233 456 43
k 576 363 57
k 144 285 85
k 39 413 26
k 304 477 55
k 130 554 16
k 507 353 19
k 91 387 69
k 505 130 70
k 454 443 75
k 251 242 21
k 429 509 89
k 187 275 14
k 230 155 80
k 316 34 39
k 32 413 19
k 336 88 84
k 180 569 77
k 164 406 67
k 609 169 59
k 293 483 98
k 418 144 13
k 529 382 65
k 579 474 21
k 149 318 38
k 544 279 87
k 264 614 35
k 547 581 90
k 235 170 16
k 525 334 52
k 393 558 17
k 58 524 36
k 62 20 49
k 143 594 41
k 96 137 58
k 102 186 56
k 25 17 28
k 50 560 58
k 265 490 22
k 528 518 87
k 104 37 80
k 332 219 80
k 591 19 97
k 598 70 58
k 100 330 18
k 260 431 65
k 200 361 67
k 572 289 83
k 46 213 24
k 103 89 14
k 288 334 12
k 74 214 94
k 320 239 42
k 591 557 12
k 39 16 45
k 498 299 70
k 84 420 83
k 253 38 39
k 524 490 38
k 322 359 92
k 470 556 96
k 595 271 97
k 346 164 19
k 599 115 35
k 510 257 13
k 607 66 94
k 249 83 22
k 108 474 14
k 349 316 11
k 552 579 31
k 455 381 66
k 575 248 46
k 366 547 31
k 280 599 11
k 435 296 56
k 179 215 40
k 114 103 98
k 140 473 90
k 508 153 71
k 136 473 26
k 85 383 34
k 370 476 20
k 607 219 56
k 78 486 20
k 215 311 30
k 147 346 80
k 595 475 82
k 143 269 60
k 614 338 26
k 315 179 70
k 601 589 97
k 493 244 91
k 332 566 96
k 348 29 95
k 132 363 84
k 550 99 52
k 270 608 45
k 425 287 38
k 58 586 64
k 541 401 13
k 406 327 64
k 442 175 86
k 599 173 67
k 146 447 96
k 80 585 36
k 39 32 34
k 270 588 79
k 126 39 14
k 238 276 30
k 335 386 76
k 215 586 75
k 124 506 82
k 238 132 20
k 298 449 73
k 452 1 76
k 594 623 49
k 316 617 73
k 447 496 25
k 508 355 83
k 206 205 29
k 56 150 37
k 329 304 43
k 71 434 71
k 558 209 55
k 325 102 83
k 347 488 22
k 350 514 31
k 120 128 37
k 502 68 35
k 295 599 19
k 160 301 68
k 586 480 44
k 102 229 64
k 321 276 32
k 36 384 80
k 597 271 35
k 429 424 93
k 354 5 70
k 494 408 73
k 202 212 84
k 346 269 25
k 603 286 91
k 240 15 19
k 374 323 29
k 555 550 42
k 393 137 90
k 429 140 48
k 342 215 51
k 469 231 22
k 455 599 82
k 166 81 44
k 171 35 29
k 190 563 19
k 317 442 70
k 602 438 83
k 105 388 83
k 437 620 55
k 281 333 45
k 299 449 50
k 346 456 49
k 435 142 68
k 255 194 80
k 493 458 60
k 299 132 39
k 343 240 89
k 554 372 26
k 401 541 24
k 329 399 97
k 129 358 37
k 66 95 68
k 598 391 64
k 37 248 21
k 211 171 16
k 23 94 88
k 231 246 32
k 503 19 67
k 143 426 57
k 13 366 97
k 456 460 28
k 125 65 83
k 42 171 12
k 107 574 50
k 509 125 58
k 233 249 63
k 416 623 61
k 114 317 27
k 38 465 36
k 127 434 95
k 85 618 31
k 450 521 18
k 358 294 51
k 208 592 90
k 348 139 57
k 32 35 89
k 125 498 32
k 351 75 62
k 102 7 50
k 28 585 97
k 606 472 12
k 323 281 85
k 52 462 74
k 149 416 92
k 407 330 98
k 5 289 60
k 108 484 72
k 54 382 96
k 450 582 21
k 609 290 37
k 591 569 54
k 49 326 71
k 334 595 53
k 272 527 74
k 105 189 88
k 547 143 19
k 604 19 32
k 209 581 84
k 74 160 45
k 57 229 100
k 191 144 71
k 616 41 84
k 299 585 23
k 82 428 96
k 317 29 24
k 398 612 56
k 426 194 73
k 1 528 40
k 431 201 53
k 222 10 30
k 600 346 17
k 456 295 12
k 87 308 21
k 379 506 57
k 166 307 40
k 553 588 56
k 294 613 65
k 416 58 51
k 119 572 87
k 431 440 55
k 157 610 35
k 588 426 18
k 592 122 40
k 314 82 78
k 497 622 97
k 216 226 81
k 316 83 60
k 616 47 86
k 38 365 62
k 543 438 67
k 73 467 43
k 541 582 14
k 404 372 69
k 621 200 87
k 29 85 12
k 433 315 99
k 278 577 96
k 95 405 73
k 486 39 40
k 316 265 49
k 605 69 21
k 515 445 71
k 293 276 73
k 497 263 44
k 554 463 31
k 302 605 52
k 595 224 56
k 443 148 25
k 499 7 77
k 4 452 60
k 30 499 96
k 532 268 92
k 491 252 34
k 466 104 96
k 297 459 91
k 396 557 55
k 477 526 75
k 543 342 79
k 95 445 67
k 343 209 85
k 99 168 62
k 107 340 35
k 93 393 24
k 184 327 55
k 605 11 42
k 614 201 27
k 55 516 19
k 85 350 47
k 435 572 41
k 217 214 69
k 172 98 69
k 268 612 73
k 150 312 73
k 74 280 82
k 202 129 66
k 444 585 53
k 131 166 75
k 77 149 41
k 359 190 24
k 147 183 62
k 478 220 67
k 48 180 13
k 53 299 22
k 255 530 96
k 280 353 62
k 229 142 50
k 289 15 75
k 613 330 99
k 55 99 29
k 248 137 100
k 207 527 37
k 277 489 24
k 177 157 61
k 387 544 62
k 446 116 100
k 312 4 49
k 309 206 56
k 587 55 69
k 63 614 21
k 27 144 97
k 179 432 67
k 383 585 48
k 311 254 94
k 341 562 26
k 473 175 78
k 212 10 74
k 145 512 75
k 150 611 98
k 413 495 89
k 412 244 24
k 493 477 86
k 24 129 36
k 173 294 88
k 216 374 60
k 293 101 69
k 347 475 47
k 349 306 72
k 579 490 77
k 93 230 89
k 109 63 58
k 359 214 42
k 11 292 98
k 576 145 56
k 340 190 94
k 489 74 52
k 363 1 22
k 556 521 78
k 259 406 21
k 111 71 67
k 511 145 80
k 576 32 94
k 140 458 48
k 522 400 53
k 503 248 36
k 381 374 15
k 214 571 46
k 545 287 67
k 351 501 31
k 154 446 98
k 233 219 55
k 237 476 37
k 433 182 20
k 60 84 75
k 259 263 39
k 207 35 91
k 159 41 57
k 445 332 92
k 445 504 99
k 23 578 51
k 13 532 32
k 390 21 12
k 353 8 88
k 73 7 96
k 494 607 90
k 91 30 35
k 591 392 35
k 370 106 63
k 557 218 81
k 376 600 88
k 433 42 38
k 40 104 18
k 342 600 83
k 461 590 50
k 437 81 54
k 348 541 90
k 158 491 79
k 385 303 54
k 18 61 42
k 18 167 59
k 518 488 96
k 476 499 53
k 194 439 65
k 64 210 97
k 183 561 68
k 525 495 57
k 235 450 24
k 13 11 12
k 133 431 16
k 418 457 45
k 317 293 46
k 243 211 13
k 443 335 61
k 509 162 50
k 136 6 31
k 443 4 66
k 464 5 70
k 357 582 76
k 602 200 31
k 156 266 61
k 533 260 60
k 383 574 45
k 441 136 30
k 182 316 18
k 11 42 77
k 47 28 73
k 448 205 86
k 159 123 29
k 470 159 61
k 233 492 37
k 332 542 55
k 477 93 57
k 95 331 23
k 321 278 45
k 298 329 88
k 101 247 26
k 623 166 46
k 130 44 64
k 409 146 77
k 332 300 43
k 374 42 100
k 338 237 67
k 499 48 37
k 451 569 96
k 327 25 57
k 310 156 100
k 575 114 39
k 269 237 84
k 542 279 95
k 68 619 19
k 80 499 87
k 550 391 44
k 150 504 73
k 333 21 94
k 342 250 58
k 58 228 73
k 155 503 29
k 494 460 18
k 90 208 26
k 80 354 16
k 387 357 28
k 94 310 99
k 469 441 80
k 292 317 30
k 486 366 55
k 601 322 25
k 491 300 59
k 374 509 59
k 153 145 36
k 541 437 50
k 315 89 81
k 558 475 46
k 543 544 61
k 196 408 83
k 209 457 60
k 44 288 70
k 97 179 27
k 90 110 97
k 182 290 47
k 552 81 78
k 44 7 83
k 416 119 39
k 83 127 31
k 213 183 30
k 443 510 64
k 463 16 34
k 249 496 29
k 501 379 64
k 470 89 77
k 591 274 98
k 4 490 16
k 430 270 58
k 62 472 44
k 181 180 61
k 332 365 12
k 74 530 63
k 375 254 35
k 356 177 81
k 535 360 18
k 139 137 97
k 174 492 74
k 540 425 23
k 208 142 56
k 279 7 50
k 605 340 86
k 123 228 70
k 68 443 89
k 376 619 81
k 472 403 28
k 579 132 22
k 489 49 63
k 609 81 90
k 258 537 22
k 615 29 59
k 259 87 76
k 263 173 79
k 543 401 71
k 492 287 84
k 428 96 43
k 363 238 69
k 272 287 76
k 282 14 28
k 530 166 60
k 67 235 38
k 590 352 100
k 26 435 30
k 615 31 18
k 7 21 77
k 335 413 88
k 260 335 61
k 43 241 25
k 540 498 64
k 356 442 54
k 317 367 33
k 261 426 68
k 370 173 82
k 134 80 50
k 325 120 59
k 141 59 15
k 556 497 90
k 255 619 98
k 505 557 68
k 385 24 80
k 483 572 69
k 212 106 21
k 463 334 81
k 46 485 74
k 196 198 56
k 50 28 76
k 195 500 71
k 444 211 20
k 50 614 30
k 348 457 74
k 497 468 78
k 140 364 64
k 203 28 51
k 316 257 47
k 137 362 56
k 2 427 21
k 270 146 74
k 346 486 60
k 580 155 23
k 154 483 14
k 423 205 30
k 451 28 19
k 488 326 20
k 558 512 56
k 120 123 15
k 381 45 22
k 440 417 50
k 28 350 99
k 84 562 62
k 66 286 27
k 379 275 98
k 573 242 95
k 382 352 28
k 353 235 56
k 286 515 65
k 560 540 97
k 22 268 97
k 101 319 99
k 607 241 81
k 379 540 22
k 69 517 33
k 459 81 75
k 144 383 74
k 434 502 93
k 157 390 89
k 31 144 99
k 297 381 36
k 489 242 17
k 476 22 61
k 540 20 45
k 383 57 48
k 468 575 66
k 30 310 44
k 447 374 23
k 289 25 17
k 623 429 17
k 411 463 100
k 510 542 49
k 170 609 90
k 530 289 32
k 254 448 55
k 4 556 75
k 334 129 52
k 467 410 49
k 246 336 65
k 69 328 86
k 402 624 41
k 253 89 62
k 113 51 100
k 413 252 14
k 259 27 79
k 346 183 19
k 567 276 64
k 221 264 47
k 622 95 15
k 294 162 13
k 397 522 61
k 105 348 28
k 132 352 97
k 571 10 23
k 439 105 77
k 337 176 39
k 545 497 71
k 399 132 66
k 222 554 47
k 318 224 56
k 32 256 80
k 88 221 22
k 283 173 20
k 143 186 62
k 569 404 100
k 502 226 74
k 331 552 28
k 480 160 98
k 42 175 12
k 42 8 41
k 605 114 28
k 370 414 45
k 21 405 11
k 510 194 74
k 382 109 41
k 391 222 52
k 497 143 45
k 390 201 91
k 338 38 52
k 213 304 37
k 7 436 43
k 622 315 67
k 222 400 74
k 447 15 94
k 571 526 71
k 189 28 78
k 423 382 24
k 331 48 43
k 252 168 36
k 328 161 57
k 141 249 74
k 541 540 48
k 160 304 62
k 337 115 74
k 371 143 64
k 5 551 91
k 449 452 21
k 463 115 45
k 427 131 15
k 582 592 33
k 8 408 54
k 210 408 91
k 521 45 21
k 590 571 59
k 620 118 67
k 98 527 84
k 492 114 17
k 136 2 74
k 389 289 56
k 157 184 84
k 372 432 99
k 512 522 85
k 463 510 50
k 115 8 57
k 78 232 82
k 260 542 68
k 132 443 82
k 577 108 54
k 434 6 70
k 516 180 24
k 173 437 88
k 448 373 21
k 215 167 100
k 361 250 61
k 246 99 72
k 555 501 45
k 491 262 87
k 96 22 70
k 193 554 71
k 580 558 26
k 357 542 21
k 30 5 94
k 428 156 72
k 507 66 57
k 303 522 14
k 198 99 26
k 24 26 50
k 588 148 17
k 455 105 65
k 471 13 53
k 175 426 98
k 378 490 39
k 550 385 47
k 232 387 85
k 396 592 17
k 243 33 91
k 139 332 46
k 207 284 45
k 136 540 27
k 258 15 45
k 252 231 21
k 613 124 80
k 47 572 94
k 520 158 21
k 10 572 97
k 97 80 38
k 574 161 67
k 298 372 24
k 58 389 97
k 245 514 65
k 241 28 18
k 40 15 27
k 41 621 68
k 146 110 39
k 54 358 85
k 544 208 46
k 134 238 50
k 158 151 78
k 134 229 27
k 177 623 100
k 85 90 42
k 607 579 75
k 1 539 53
k 75 612 67
k 169 341 19
k 202 66 76
k 513 546 54
k 93 479 28
k 0 192 70
k 512 93 72
k 112 290 76
k 428 252 44
k 236 137 44
k 40 254 30
k 263 252 49
k 438 509 46
k 621 455 42
k 496 432 87
k 250 529 96
k 203 128 39
k 12 550 75
k 51 176 17
k 565 258 54
k 103 494 38
k 603 354 24
k 542 298 72
k 78 191 76
k 211 427 38
k 108 270 27
k 294 141 28
k 586 391 47
k 393 105 63
k 367 244 14
k 152 555 89
k 177 347 40
k 422 116 35
k 513 82 33
k 11 397 32
k 271 341 89
k 368 178 81
k 35 334 83
k 311 325 48
k 263 111 57
k 576 520 98
k 513 244 29
k 174 480 34
k 251 533 53
k 236 472 98
k 91 214 16
k 374 191 75
k 157 600 79
k 108 381 69
k 103 280 75
k 340 32 27
k 104 425 20
k 292 153 46
k 413 172 56
k 500 14 54
k 345 61 80
k 474 528 59
k 381 577 96
k 415 480 25
k 607 467 77
k 402 401 85
k 154 564 79
k 259 107 63
k 286 174 53
k 542 36 36
k 422 150 91
k 474 86 85
k 591 240 55
k 34 367 12
k 361 478 44
k 283 144 68
k 74 400 34
k 18 109 28
k 16 582 31
k 501 465 48
k 283 270 30
k 87 240 83
k 586 73 41
k 94 177 70
k 458 376 82
k 299 84 45
k 141 504 48
k 44 223 76
k 511 1 36
k 266 179 36
k 89 333 95
k 221 14 47
k 600 356 98
k 247 536 83
k 542 9 36
k 306 78 11
k 264 79 92
k 132 96 71
k 545 247 95
k 497 83 74
k 442 325 47
k 11 369 21
k 47 600 92
k 515 87 70
k 107 176 78
k 69 307 29
k 219 168 32
k 149 22 69
k 178 286 33
k 392 399 55
k 239 66 93
k 484 237 93
k 220 481 95
k 298 538 85
k 265 79 82
k 308 18 70
k 590 465 43
k 261 280 32
k 617 407 21
k 578 14 33
k 529 0 48
k 445 411 81
k 618 292 100
k 196 489 40
k 492 195 92
k 143 60 39
k 239 52 62
k 361 87 84
k 461 396 75
k 272 176 13
k 512 192 42
k 104 139 38
k 34 460 34
k 100 79 76
k 222 372 11
k 288 475 66
k 170 371 19
k 336 415 68
k 470 23 69
k 547 491 97
k 488 126 43
k 37 483 85
k 234 251 60
k 196 199 72
k 137 604 12
k 65 114 95
k 160 103 44
k 89 24 91
k 520 205 44
k 556 352 46
k 207 561 96
k 209 290 99
k 365 482 14
k 137 590 69
k 234 582 62
k 586 435 45
k 198 551 79
k 600 179 77
k 426 450 15
k 327 156 46
k 444 376 19
k 398 279 82
k 22 493 19
k 486 618 74
k 230 220 77
k 31 216 58
k 590 421 79
k 551 445 39
k 471 94 18
k 212 382 61
k 469 485 25
k 536 265 37
k 194 260 18
k 240 296 62
k 360 327 38
k 311 499 45
k 326 371 91
k 595 122 12
k 424 466 42
k 51 567 79
k 116 164 39
k 315 521 56
k 145 425 91
k 312 432 92
k 442 547 78
k 35 361 67
k 41 306 95
k 596 160 92
k 419 503 37
k 6 309 31
k 245 465 79
k 559 308 33
k 300 523 15
k 223 573 84
k 38 446 69
k 216 43 47
k 224 476 21
k 101 174 46
k 227 584 61
k 169 190 17
k 288 154 45
k 458 429 29
k 571 570 74
k 89 617 63
k 262 381 53
k 237 611 67
k 412 246 25
k 235 406 47
k 41 431 22
k 106 367 90
k 331 63 42
k 477 199 93
k 399 265 38
k 374 599 70
k 474 218 83
k 366 192 73
k 147 214 34
k 347 519 49
k 266 268 71
k 346 28 51
k 512 361 92
k 321 82 44
k 142 114 69
k 140 309 68
k 329 380 71
k 220 500 94
k 20 421 82
k 37 122 24
k 362 204 39
k 430 185 73
k 141 215 71
k 485 271 94
k 367 404 77
k 99 52 79
k 248 371 59
k 101 380 12
k 312 166 30
k 340 544 40
k 242 96 96
k 606 184 86
k 4 475 43
k 79 555 43
k 151 112 43
k 68 34 27
k 416 414 13
k 139 615 53
k 46 300 40
k 456 320 79
k 332 420 42
k 163 513 75
k 255 472 73
k 252 463 82
k 360 416 58
k 206 593 34
k 0 182 51
k 10 297 57
k 420 412 24
k 377 31 92
k 424 610 72
k 357 122 90
k 508 338 21
k 137 152 18
k 110 326 64
k 409 418 63
k 611 172 86
k 239 597 72
k 171 507 57
k 603 491 85
k 349 58 17
k 302 387 25
k 221 166 78
k 317 524 81
k 216 255 53
k 134 524 69
k 435 317 99
k 387 368 82
k 469 92 37
k 614 270 88
k 618 23 19
k 131 190 85
k 575 589 56
k 84 353 28
k 191 395 21
k 586 374 55
k 463 20 15
k 276 384 59
k 487 463 33
k 346 55 29
k 488 190 52
k 322 200 69
k 504 5 99
k 496 97 30
k 427 218 81
k 174 137 60
k 14 373 90
k 458 364 79
k 33 598 87
k 124 583 79
k 532 286 12
k 21 222 75
k 226 600 88
k 234 190 11
k 564 137 68
k 592 252 29
k 568 513 61
k 127 588 92
k 4 512 18
k 328 358 64
k 231 540 66
k 448 116 55
k 94 363 50
k 562 378 34
k 592 366 73
k 190 23 27
k 70 527 14
k 50 240 54
k 427 573 89
k 576 43 65
k 48 526 31
k 93 178 93
k 590 545 72
k 308 546 51
k 622 602 63
k 162 524 21
k 378 288 76
k 390 30 42
k 617 35 98
k 226 346 42
k 618 186 85
k 191 168 23
k 354 586 58
k 28 81 40
k 43 501 87
k 470 305 53
k 600 472 24
k 258 551 94
k 612 244 30
k 21 477 15
k 189 231 46
k 246 391 85
k 217 361 14
k 417 485 67
k 7 251 58
k 240 516 88
k 318 245 14
k 502 350 90
k 53 66 52
k 411 174 99
k 65 623 28
k 117 285 48
k 396 454 47
k 260 73 95
k 71 588 28
k 334 532 85
k 264 311 20
k 560 257 38
k 527 591 70
k 300 451 42
k 434 581 23
k 287 92 100
k 567 384 42
k 482 312 85
k 37 346 61
k 25 549 100
k 453 618 99
k 520 194 64
k 460 480 18
k 549 504 42
k 361 224 42
k 244 68 92
k 582 598 19
k 590 374 30
k 469 136 98
k 182 464 72
k 388 320 95
k 589 442 11
k 485 493 13
k 113 291 27
k 331 597 51
k 201 293 41
k 212 1 25
k 120 599 18
k 363 482 46
k 118 491 91
k 537 227 39
k 191 222 99
k 383 88 76
k 334 403 100
k 164 369 74
k 340 203 63
k 385 131 34
k 416 171 83
k 16 274 84
k 393 469 62
k 192 49 75
k 172 129 15
k 601 383 63
k 190 2 63
k 179 76 87
k 22 27 38
k 514 118 74
k 578 238 12
k 365 527 48
k 73 117 50
k 148 269 25
k 326 446 42
k 544 557 84
k 357 207 60
k 8 259 100
k 598 424 72
k 63 252 22
k 586 617 88
k 202 239 31
k 223 538 97
k 561 205 44
k 12 521 89
k 525 131 32
k 278 51 83
k 266 557 80
k 137 100 43
k 198 561 35
k 610 21 40
k 40 539 81
k 213 410 57
k 319 552 77
k 521 399 78
k 426 144 62
k 496 5 54
k 171 200 91
k 571 319 69
k 259 184 84
k 78 574 61
k 547 160 62
k 403 186 79
k 446 43 94
k 361 462 78
k 260 303 55
k 306 589 99
k 77 493 62
k 387 447 72
k 496 577 79
k 371 443 85
k 361 194 31
k 356 333 65
k 252 442 21
k 111 93 49
k 510 482 97
k 346 203 94
k 44 138 66
k 138 260 59
k 35 59 25
k 256 76 17
k 120 513 81
k 340 306 70
k 324 315 82
k 487 448 37
k 154 376 35
k 299 431 22
k 33 318 47
k 158 94 23
k 232 492 71
k 372 108 44
k 188 609 35
k 487 281 94
k 258 111 30
k 13 40 78
k 88 532 71
k 133 41 30
k 414 391 87
k 320 573 12
k 272 389 72
k 145 594 52
k 417 372 42
k 297 141 71
k 193 120 50
k 498 476 28
k 7 409 97
k 354 397 61
k 216 130 98
k 430 61 16
k 462 13 75
k 409 77 21
k 290 591 96
k 340 3 99
k 564 54 21
k 179 102 60
k 493 270 83
k 194 349 89
k 183 190 50
k 211 262 82
k 159 600 14
k 307 495 44
k 557 226 57
k 608 612 78
k 165 398 71
k 73 477 100
k 28 22 34
k 377 430 77
k 101 97 45
k 529 9 98
k 579 399 68
k 605 364 44
k 499 245 38
k 53 158 49
k 176 293 54
k 18 611 17
k 614 31 24
k 340 301 15
k 20 98 86
k 498 150 37
k 64 594 55
k 91 251 85
k 452 205 30
k 488 470 68
k 418 97 100
k 415 214 31
k 239 298 43
k 120 81 20
k 69 362 36
k 26 322 22
k 496 295 16
k 355 130 51
k 344 147 48
k 463 541 18
k 463 367 65
k 615 519 13
k 556 482 58
k 48 190 20
k 148 286 23
k 297 605 16
k 587 291 61
k 581 376 65
k 170 563 94
k 546 131 75
k 577 202 87
k 447 455 74
k 77 598 55
k 416 89 86
k 59 275 38
k 41 572 54
k 462 71 75
k 46 419 94
k 484 181 97
k 49 138 45
k 148 39 91
k 607 485 13
k 360 46 81
k 366 559 45
k 41 590 86
k 520 493 20
k 72 514 39
k 192 181 29
k 512 286 98
k 212 413 80
k 602 230 32
k 206 403 99
k 176 467 57
k 513 194 78
k 91 545 30
k 498 303 89
k 438 298 80
k 109 331 98
k 596 35 39
k 136 587 94
k 523 0 58
k 259 332 80
k 229 485 32
k 196 468 69
k 506 13 70
k 337 388 12
k 523 79 71
k 498 160 73
k 181 417 86
k 516 35 67
k 471 441 15
k 616 87 17
k 28 229 65
k 151 386 46
k 213 131 98
k 421 121 35
k 239 276 59
k 251 177 11
k 381 97 94
k 410 332 86
k 527 490 98
k 112 535 87
k 181 504 33
k 460 294 87
k 117 94 19
k 442 528 47
k 444 82 16
k 235 157 42
k 570 126 64
k 266 19 71
k 517 431 99
k 467 218 33
k 366 156 44
k 317 329 18
k 592 496 13
k 43 31 86
k 35 481 92
k 228 465 41
k 48 249 60
k 525 275 72
k 513 594 66
k 485 172 69
k 15 51 18
k 444 1 65
k 9 364 37
k 336 287 59
k 196 323 66
k 406 224 68
k 475 293 46
k 35 583 96
k 274 225 83
k 348 116 46
k 117 5 95
k 489 585 70
k 292 587 68
k 620 534 66
k 563 63 97
k 553 403 83
k 348 412 22
k 99 495 58
k 101 19 98
k 59 210 57
k 242 339 57
k 511 82 71
k 367 312 70
k 57 403 60
k 34 490 67
k 165 402 85
k 391 278 18
k 231 435 82
k 288 466 71
k 30 332 78
k 381 509 72
k 608 260 59
k 453 188 39
k 362 39 42
k 408 592 49
k 7 481 56
k 393 576 44
k 174 383 93
k 112 446 27
k 221 143 50
k 424 256 70
k 83 228 18
k 589 265 33
k 146 471 75
k 381 227 63
k 307 172 35
k 477 310 15
k 288 569 71
k 76 148 40
k 450 604 20
k 52 234 45
k 168 236 28
k 126 544 19
k 15 226 79
k 250 571 83
k 396 596 99
k 307 360 24
k 390 526 31
k 572 404 87
k 583 216 48
k 317 102 55
k 159 412 14
k 62 469 65
k 187 287 49
k 169 249 90
k 164 125 16
k 285 15 87
k 570 333 89
k 224 244 82
k 119 212 82
k 111 137 83
k 321 359 33
k 510 184 63
k 37 600 71
k 126 293 31
k 205 514 49
k 235 397 35
k 464 295 98
k 243 473 57
k 116 523 19
k 582 516 66
k 514 575 45
k 18 52 35
k 170 317 65
k 477 478 19
k 57 440 63
k 590 612 79
k 256 465 52
k 363 589 33
k 208 282 88
k 605 339 45
k 171 96 11
k 562 591 22
k 358 33 13
k 56 406 74
k 280 292 53
k 479 485 93
k 264 269 71
k 29 298 100
k 457 2 19
k 253 551 96
k 435 16 19
k 397 12 89
k 373 596 54
k 482 199 90
k 587 354 82
k 327 464 15
k 134 478 77
k 363 580 29
k 26 85 97
k 541 18 74
k 581 250 72
k 504 607 32
k 359 50 96
k 295 358 68
k 397 480 72
k 142 51 37
k 15 483 95
k 519 245 54
k 562 58 45
k 0 611 47
k 354 489 92
k 478 370 33
k 188 315 88
k 522 523 52
k 338 289 27
k 624 348 70
k 523 400 46
k 487 446 84
k 181 316 58
k 259 445 28
k 526 334 67
k 93 585 42
k 309 305 29
k 183 330 61
k 192 354 17
k 395 544 24
k 441 579 81
k 186 562 54
k 6 484 85
k 71 606 76
k 112 563 41
k 316 364 48
k 222 176 48
k 143 314 85
k 439 471 67
k 159 514 24
k 220 96 78
k 118 548 85
k 349 563 13
k 52 530 89
k 380 270 94
k 576 598 93
k 181 187 76
k 350 232 81
k 479 409 98
k 21 185 87
k 252 364 99
k 173 477 73
k 173 390 43
k 399 417 53
k 434 257 14
k 482 32 68
k 578 449 16
k 367 509 11
k 199 42 34
k 432 252 19
k 5 323 47
k 77 522 23
k 192 501 44
k 594 156 92
k 359 18 24
k 310 48 85
k 394 6 27
k 116 434 27
k 393 188 29
k 355 614 27
k 326 453 73
k 165 241 59
k 446 426 47
k 587 483 92
k 101 299 19
k 101 306 97
k 475 339 74
k 389 232 96
k 272 36 45
k 595 579 45
k 400 443 40
k 508 311 96
k 543 125 22
k 140 332 69
k 185 254 99
k 478 192 68
k 273 456 41
k 424 177 67
k 550 620 11
k 192 313 40
k 233 124 70
k 134 173 41
k 489 159 42
k 38 198 47
k 412 340 100
k 159 360 77
k 619 347 28
k 523 179 88
k 214 497 82
k 389 383 20
k 402 386 45
k 184 122 98
k 198 232 22
k 458 179 72
k 143 132 30
k 226 69 17
k 481 616 69
k 233 269 47
k 185 339 85
k 290 584 56
k 565 444 72
k 551 483 60
k 68 381 87
k 50 213 79
k 73 123 59
k 612 56 93
k 89 200 43
k 418 330 90
k 179 396 35
k 24 414 63
k 516 400 12
k 308 434 11
k 204 259 100
k 55 464 76
k 271 357 32
k 225 396 45
k 407 65 81
k 200 79 61
k 346 136 44
k 527 221 55
k 453 429 75
k 238 343 92
k 1 459 82
k 605 87 75
k 214 414 69
k 145 10 56
k 391 279 76
k 587 595 31
k 494 1 46
k 540 469 49
k 549 562 89
k 568 362 48
k 355 312 22
k 537 364 24
k 286 211 50
k 411 496 60
k 213 330 68
k 321 489 14
k 39 601 50
k 403 612 91
k 260 60 93
k 609 61 81
k 382 573 84
k 85 199 41
k 38 239 44
k 183 301 65
k 546 16 40
k 213 84 12
k 394 379 66
k 613 488 76
k 43 508 78
k 476 414 29
k 425 541 72
k 559 19 56
k 454 151 14
k 474 512 25
k 420 427 59
k 29 531 94
k 291 462 17
k 382 60 28
k 153 393 56
k 549 555 48
k 538 317 51
k 238 165 34
k 599 526 77
k 9 429 97
k 18 425 22
k 207 10 40
k 558 437 41
k 32 562 64
k 69 214 44
k 125 140 88
k 30 277 32
k 246 159 46
k 182 593 100
k 70 600 72
k 568 9 72
k 415 103 86
k 334 98 25
k 239 583 49
k 76 571 32
k 468 256 69
k 413 399 71
k 23 316 97
k 406 205 26
k 605 484 20
k 593 542 40
k 184 586 14
k 218 216 35
k 279 43 16
k 559 270 98
k 207 215 56
k 437 104 49
k 163 195 92
k 576 579 83
k 296 148 82
k 165 323 48
k 499 279 85
k 232 426 79
k 103 209 76
k 561 204 11
k 380 541 70
k 434 316 26
k 7 188 57
k 42 181 57
k 346 65 73
k 205 162 81
k 462 124 16
k 276 60 97
k 593 64 52
k 526 35 62
k 241 402 72
k 245 226 53
k 504 18 14
k 45 420 83
k 539 88 67
k 622 57 73
k 427 413 43
k 536 15 60
k 517 75 94
k 415 42 52
k 172 541 77
k 253 167 15
k 104 209 39
k 188 570 29
k 531 361 49
k 599 24 37
k 529 481 16
k 239 88 48
k 609 113 58
k 569 551 78
k 275 455 40
k 562 601 75
k 404 437 11
k 22 230 58
k 50 139 21
k 333 74 76
k 179 441 98
k 605 610 25
k 99 238 38
k 620 340 43
k 429 224 45
k 387 143 100
k 320 598 75
k 564 77 83
k 249 282 83
k 408 86 60
k 253 417 96
k 109 207 70
k 391 577 87
k 442 301 86
k 48 282 82
k 150 19 64
k 78 429 70
k 313 596 96
k 89 226 95
k 36 137 98
k 66 298 73
k 531 389 29
k 491 200 100
k 523 55 84
k 103 99 35
k 527 552 64
c
c source target cost capacity
a 0 1 91 4273
a 0 25 97 4420
a 1 0 95 4239
a 1 2 82 4275
a 1 26 92 4287
a 2 1 85 4489
a 2 3 95 4552
a 2 27 97 4426
a 3 2 93 4312
a 3 4 83 4279
a 3 28 85 4329
a 4 3 99 4278
a 4 5 87 4247
a 4 29 80 4264
a 5 4 85 4619
a 5 6 98 4448
a 5 30 88 4391
a 6 5 93 4579
a 6 7 84 4561
a 6 31 85 4360
a 7 6 81 4486
a 7 8 96 4294
a 7 32 96 4420
a 8 7 88 4418
a 8 9 87 4331
a 8 33 98 4522
a 9 8 84 4346
a 9 10 97 4555
a 9 34 100 4405
a 10 9 83 4419
a 10 11 99 4353
a 10 35 94 4550
a 11 10 88 4289
a 11 12 86 4534
a 11 36 96 4440
a 12 11 83 4437
a 12 13 98 4513
a 12 37 85 4587
a 13 12 93 4369
a 13 14 86 4404
a 13 38 93 4437
a 14 13 94 4518
a 14 15 82 4401
a 14 39 96 4519
a 15 14 91 4575
a 15 16 88 4287
a 15 40 92 4514
a 16 15 98 4456
a 16 17 83 4386
a 16 41 82 4469
a 17 16 88 4609
a 17 18 94 4393
a 17 42 96 4319
a 18 17 94 4331
a 18 19 80 4418
a 18 43 94 4418
a 19 18 86 4364
a 19 20 100 4626
a 19 44 100 4428
a 20 19 94 4433
a 20 21 82 4279
a 20 45 89 4588
a 21 20 98 4533
a 21 22 88 4306
a 21 46 100 4542
a 22 21 89 4381
a 22 23 81 4521
a 22 47 92 4233
a 23 22 98 4407
a 23 24 92 4464
a 23 48 92 4321
a 24 23 92 4268
a 24 49 96 4511
a 25 0 94 4340
a 25 26 99 4511
a 25 50 97 4606
a 26 1 97 4415
a 26 25 92 4540
a 26 27 89 4598
a 26 51 95 4346
a 27 2 82 4508
a 27 26 84 4326
a 27 28 89 4399
a 27 52 99 4330
a 28 3 96 4282
a 28 27 81 4549
a 28 29 94 4416
a 28 53 94 4599
a 29 4 95 4392
a 29 28 80 4542
a 29 30 81 4527
a 29 54 95 4439
a 30 5 94 4507
a 30 29 95 4511
a 30 31 81 4508
a 30 55 88 4375
a 31 6 81 4373
a 31 30 94 4274
a 31 32 80 4491
a 31 56 98 4475
a 32 7 94 4503
a 32 31 80 4620
a 32 33 86 4474
a 32 57 95 4331
a 33 8 82 4286
a 33 32 98 4552
a 33 34 85 4603
a 33 58 81 4277
a 34 9 95 4358
a 34 33 86 4269
a 34 35 91 4520
a 34 59 93 4401
a 35 10 87 4619
a 35 34 96 4356
a 35 36 99 4310
a 35 60 99 4529
a 36 11 89 4329
a 36 35 98 4239
a 36 37 93 4548
a 36 61 87 4518
a 37 12 91 4487
a 37 36 83 4374
a 37 38 85 4357
a 37 62 96 4455
a 38 13 97 4498
a 38 37 96 4429
a 38 39 82 4597
a 38 63 82 4485
a 39 14 84 4563
a 39 38 94 4313
a 39 40 86 4297
a 39 64 100 4267
a 40 15 93 4572
a 40 39 93 4340
a 40 41 96 4628
a 40 65 87 4593
a 41 16 94 4551
a 41 40 87 4552
a 41 42 83 4558
a 41 66 83 4355
a 42 17 96 4235
a 42 41 96 4306
a 42 43 89 4465
a 42 67 83 4595
a 43 18 91 4415
a 43 42 92 4551
a 43 44 92 4258
a 43 68 85 4435
a 44 19 94 4448
a 44 43 94 4281
a 44 45 95 4285
a 44 69 84 4620
a 45 20 83 4553
a 45 44 84 4413
a 45 46 94 4367
a 45 70 89 4248
a 46 21 85 4504
a 46 45 92 4566
a 46 47 85 4455
a 46 71 98 4452
a 47 22 92 4526
a 47 46 99 4386
a 47 48 97 4623
a 47 72 89 4597
a 48 23 84 4424
a 48 47 80 4496
a 48 49 80 4323
a 48 73 97 4343
a 49 24 98 4331
a 49 48 86 4324
a 49 74 94 4595
a 50 25 85 4351
a 50 51 91 4315
a 50 75 84 4272
a 51 26 88 4358
a 51 50 84 4586
a 51 52 81 4234
a 51 76 82 4294
a 52 27 83 4494
a 52 51 86 4583
a 52 53 91 4268
a 52 77 100 4342
a 53 28 83 4433
a 53 52 95 4236
a 53 54 85 4338
a 53 78 80 4336
a 54 29 91 4545
a 54 53 84 4272
a 54 55 86 4409
a 54 79 94 4336
a 55 30 85 4273
a 55 54 85 4580
a 55 56 82 4317
a 55 80 84 4566
a 56 31 97 4493
a 56 55 94 4343
a 56 57 95 4303
a 56 81 81 4350
a 57 32 85 4436
a 57 56 85 4555
a 57 58 100 4490
a 57 82 91 4439
a 58 33 82 4470
a 58 57 80 4465
a 58 59 85 4503
a 58 83 96 4573
a 59 34 83 4258
a 59 58 84 4523
a 59 60 88 4246
a 59 84 88 4352
a 60 35 91 4411
a 60 59 94 4594
a 60 61 86 4253
a 60 85 92 4476
a 61 36 92 4339
a 61 60 93 4386
a 61 62 83 4621
a 61 86 99 4408
a 62 37 86 4416
a 62 61 84 4472
a 62 63 88 4540
a 62 87 86 4342
a 63 38 88 4381
a 63 62 85 4459
a 63 64 94 4628
a 63 88 98 4316
a 64 39 88 4464
a 64 63 94 4270
a 64 65 81 4494
a 64 89 93 4349
a 65 40 98 4381
a 65 64 100 4293
a 65 66 93 4529
a 65 90 87 4456
a 66 41 91 4278
a 66 65 95 4382
a 66 67 100 4342
a 66 91 91 4404
a 67 42 84 4366
a 67 66 97 4240
a 67 68 85 4462
a 67 92 89 4482
a 68 43 93 4537
a 68 67 95 4374
a 68 69 84 4506
a 68 93 82 4325
a 69 44 97 4285
a 69 68 89 4575
a 69 70 88 4424
a 69 94 91 4282
a 70 45 100 4243
a 70 69 86 4276
a 70 71 98 4457
a 70 95 96 4371
a 71 46 88 4447
a 71 70 92 4569
a 71 72 98 4388
a 71 96 94 4486
a 72 47 89 4235
a 72 71 93 4628
a 72 73 82 4518
a 72 97 85 4530
a 73 48 82 4509
a 73 72 98 4308
a 73 74 85 4585
a 73 98 97 4522
a 74 49 96 4449
a 74 73 85 4478
a 74 99 84 4612
a 75 50 85 4549
a 75 76 84 4616
a 75 100 87 4459
a 76 51 81 4331
a 76 75 99 4626
a 76 77 93 4536
a 76 101 86 4521
a 77 52 94 4366
a 77 76 82 4318
a 77 78 85 4292
a 77 102 88 4399
a 78 53 81 4603
a 78 77 81 4599
a 78 79 82 4626
a 78 103 96 4603
a 79 54 98 4560
a 79 78 82 4599
a 79 80 91 4275
a 79 104 92 4276
a 80 55 96 4362
a 80 79 94 4513
a 80 81 86 4239
a 80 105 93 4359
a 81 56 85 4334
a 81 80 88 4515
a 81 82 88 4509
a 81 106 88 4236
a 82 57 88 4235
a 82 81 94 4571
a 82 83 98 4553
a 82 107 87 4612
a 83 58 91 4532
a 83 82 84 4578
a 83 84 81 4283
a 83 108 94 4391
a 84 59 94 4338
a 84 83 97 4516
a 84 85 88 4413
a 84 109 81 4317
a 85 60 100 4411
a 85 84 93 4473
a 85 86 83 4517
a 85 110 83 4339
a 86 61 93 4253
a 86 85 96 4586
a 86 87 97 4502
a 86 111 87 4258
a 87 62 99 4486
a 87 86 82 4392
a 87 88 81 4608
a 87 112 84 4233
a 88 63 94 4356
a 88 87 80 4421
a 88 89 87 4449
a 88 113 82 4289
a 89 64 81 4337
a 89 88 88 4315
a 89 90 93 4609
a 89 114 98 4605
a 90 65 91 4492
a 90 89 97 4325
a 90 91 89 4495
a 90 115 92 4535
a 91 66 93 4558
a 91 90 95 4447
a 91 92 88 4377
a 91 116 93 4533
a 92 67 89 4404
a 92 91 86 4471
a 92 93 91 4508
a 92 117 96 4534
a 93 68 96 4456
a 93 92 80 4393
a 93 94 81 4457
a 93 118 98 4564
a 94 69 100 4305
a 94 93 100 4459
a 94 95 97 4347
a 94 119 80 4333
a 95 70 88 4309
a 95 94 82 4299
a 95 96 80 4325
a 95 120 89 4381
a 96 71 93 4410
a 96 95 85 4423
a 96 97 81 4374
a 96 121 99 4332
a 97 72 100 4563
a 97 96 96 4329
a 97 98 80 4372
a 97 122 97 4426
a 98 73 96 4607
a 98 97 91 4493
a 98 99 91 4520
a 98 123 83 4282
a 99 74 96 4381
a 99 98 94 4502
a 99 124 81 4446
a 100 75 98 4269
a 100 101 96 4291
a 100 125 94 4596
a 101 76 88 4299
a 101 100 87 4629
a 101 102 88 4354
a 101 126 87 4471
a 102 77 92 4544
a 102 101 95 4531
a 102 103 93 4330
a 102 127 97 4620
a 103 78 89 4572
a 103 102 89 4608
a 103 104 87 4541
a 103 128 88 4460
a 104 79 82 4444
a 104 103 97 4349
a 104 105 97 4403
a 104 129 82 4519
a 105 80 96 4260
a 105 104 98 4291
a 105 106 88 4280
a 105 130 84 4541
a 106 81 97 4300
a 106 105 94 4400
a 106 107 81 4469
a 106 131 89 4370
a 107 82 84 4409
a 107 106 91 4578
a 107 108 96 4534
a 107 132 82 4275
a 108 83 89 4578
a 108 107 87 4273
a 108 109 96 4395
a 108 133 89 4384
a 109 84 81 4403
a 109 108 97 4349
a 109 110 98 4394
a 109 134 93 4286
a 110 85 87 4548
a 110 109 100 4584
a 110 111 93 4535
a 110 135 80 4460
a 111 86 89 4329
a 111 110 97 4352
a 111 112 80 4532
a 111 136 86 4600
a 112 87 81 4519
a 112 111 80 4252
a 112 113 84 4453
a 112 137 84 4495
a 113 88 96 4293
a 113 112 96 4254
a 113 114 86 4400
a 113 138 97 4526
a 114 89 95 4232
a 114 113 100 4516
a 114 115 88 4603
a 114 139 99 4242
a 115 90 87 4281
a 115 114 94 4434
a 115 116 94 4384
a 115 140 93 4487
a 116 91 88 4595
a 116 115 96 4503
a 116 117 95 4554
a 116 141 94 4317
a 117 92 97 4571
a 117 116 92 4526
a 117 118 82 4504
a 117 142 80 4605
a 118 93 83 4377
a 118 117 80 4356
a 118 119 88 4564
a 118 143 80 4357
a 119 94 81 4305
a 119 118 91 4320
a 119 120 86 4467
a 119 144 93 4435
a 120 95 81 4243
a 120 119 91 4296
a 120 121 83 4513
a 120 145 91 4327
a 121 96 84 4595
a 121 120 95 4600
a 121 122 83 4266
a 121 146 97 4243
a 122 97 89 4545
a 122 121 80 4448
a 122 123 94 4573
a 122 147 85 4580
a 123 98 88 4591
a 123 122 89 4349
a 123 124 88 4536
a 123 148 98 4244
a 124 99 96 4459
a 124 123 80 4608
a 124 149 95 4438
a 125 100 80 4264
a 125 126 80 4496
a 125 150 83 4282
a 126 101 89 4249
a 126 125 97 4582
a 126 127 92 4477
a 126 151 80 4364
a 127 102 98 4300
a 127 126 85 4476
a 127 128 89 4325
a 127 152 95 4353
a 128 103 81 4571
a 128 127 99 4464
a 128 129 85 4246
a 128 153 93 4370
a 129 104 98 4375
a 129 128 94 4577
a 129 130 91 4424
a 129 154 96 4393
a 130 105 86 4464
a 130 129 95 4441
a 130 131 96 4553
a 130 155 95 4360
a 131 106 88 4580
a 131 130 86 4443
a 131 132 89 4535
a 131 156 93 4308
a 132 107 97 4433
a 132 131 95 4242
a 132 133 81 4267
a 132 157 89 4321
a 133 108 98 4359
a 133 132 86 4279
a 133 134 85 4604
a 133 158 95 4625
a 134 109 83 4430
a 134 133 80 4560
a 134 135 94 4231
a 134 159 85 4417
a 135 110 82 4262
a 135 134 82 4370
a 135 136 88 4551
a 135 160 91 4583
a 136 111 96 4307
a 136 135 94 4377
a 136 137 85 4495
a 136 161 83 4454
a 137 112 95 4467
a 137 136 87 4394
a 137 138 83 4579
a 137 162 82 4585
a 138 113 95 4415
a 138 137 91 4255
a 138 139 80 4507
a 138 163 82 4502
a 139 114 87 4261
a 139 138 99 4278
a 139 140 89 4443
a 139 164 91 4587
a 140 115 81 4357
a 140 139 96 4364
a 140 141 84 4257
a 140 165 91 4266
a 141 116 87 4464
a 141 140 97 4607
a 141 142 99 4463
a 141 166 87 4450
a 142 117 92 4289
a 142 141 96 4467
a 142 143 95 4359
a 142 167 82 4408
a 143 118 84 4407
a 143 142 88 4579
a 143 144 97 4283
a 143 168 91 4627
a 144 119 95 4373
a 144 143 93 4250
a 144 145 100 4294
a 144 169 98 4613
a 145 120 91 4256
a 145 144 94 4315
a 145 146 87 4592
a 145 170 92 4414
a 146 121 89 4377
a 146 145 89 4409
a 146 147 84 4398
a 146 171 81 4412
a 147 122 87 4293
a 147 146 88 4318
a 147 148 95 4585
a 147 172 97 4547
a 148 123 87 4625
a 148 147 98 4479
a 148 149 95 4402
a 148 173 82 4353
a 149 124 99 4338
a 149 148 83 4478
a 149 174 100 4375
a 150 125 85 4541
a 150 151 94 4303
a 150 175 95 4620
a 151 126 91 4519
a 151 150 95 4319
a 151 152 99 4529
a 151 176 97 4231
a 152 127 86 4360
a 152 151 96 4390
a 152 153 92 4307
a 152 177 91 4547
a 153 128 83 4286
a 153 152 93 4601
a 153 154 98 4246
a 153 178 83 4266
a 154 129 96 4337
a 154 153 82 4610
a 154 155 83 4246
a 154 179 80 4413
a 155 130 96 4351
a 155 154 88 4516
a 155 156 87 4390
a 155 180 81 4586
a 156 131 94 4366
a 156 155 87 4236
a 156 157 95 4393
a 156 181 97 4445
a 157 132 88 4411
a 157 156 88 4578
a 157 158 87 4605
a 157 182 91 4511
a 158 133 97 4580
a 158 157 97 4369
a 158 159 95 4586
a 158 183 81 4525
a 159 134 83 4506
a 159 158 83 4619
a 159 160 83 4262
a 159 184 98 4241
a 160 135 89 4356
a 160 159 97 4464
a 160 161 95 4482
a 160 185 98 4518
a 161 136 81 4451
a 161 160 97 4259
a 161 162 98 4379
a 161 186 87 4358
a 162 137 83 4423
a 162 161 84 4585
a 162 163 100 4356
a 162 187 85 4566
a 163 138 94 4630
a 163 162 95 4526
a 163 164 96 4501
a 163 188 96 4490
a 164 139 92 4330
a 164 163 98 4392
a 164 165 85 4453
a 164 189 86 4508
a 165 140 99 4536
a 165 164 99 4627
a 165 166 81 4524
a 165 190 80 4313
a 166 141 80 4458
a 166 165 93 4492
a 166 167 99 4491
a 166 191 93 4472
a 167 142 100 4253
a 167 166 91 4265
a 167 168 88 4275
a 167 192 98 4513
a 168 143 97 4584
a 168 167 94 4531
a 168 169 98 4511
a 168 193 85 4604
a 169 144 83 4506
a 169 168 83 4316
a 169 170 80 4434
a 169 194 98 4492
a 170 145 95 4597
a 170 169 95 4442
a 170 171 86 4279
a 170 195 82 4352
a 171 146 93 4438
a 171 170 89 4244
a 171 172 92 4416
a 171 196 95 4427
a 172 147 86 4559
a 172 171 87 4437
a 172 173 82 4437
a 172 197 100 4498
a 173 148 87 4360
a 173 172 89 4271
a 173 174 100 4393
a 173 198 96 4475
a 174 149 89 4523
a 174 173 84 4555
a 174 199 96 4608
a 175 150 88 4341
a 175 176 97 4232
a 175 200 83 4301
a 176 151 93 4274
a 176 175 81 4336
a 176 177 89 4494
a 176 201 83 4557
a 177 152 85 4442
a 177 176 94 4430
a 177 178 95 4305
a 177 202 98 4388
a 178 153 89 4427
a 178 177 96 4354
a 178 179 92 4543
a 178 203 87 4570
a 179 154 87 4422
a 179 178 80 4446
a 179 180 88 4314
a 179 204 81 4357
a 180 155 99 4560
a 180 179 95 4580
a 180 181 96 4272
a 180 205 81 4483
a 181 156 91 4413
a 181 180 89 4237
a 181 182 82 4408
a 181 206 92 4572
a 182 157 81 4348
a 182 181 95 4580
a 182 183 100 4430
a 182 207 91 4493
a 183 158 96 4364
a 183 182 85 4399
a 183 184 82 4248
a 183 208 81 4260
a 184 159 97 4604
a 184 183 81 4388
a 184 185 85 4273
a 184 209 83 4399
a 185 160 85 4363
a 185 184 92 4409
a 185 186 85 4242
a 185 210 83 4579
a 186 161 97 4611
a 186 185 97 4619
a 186 187 91 4282
a 186 211 81 4447
a 187 162 84 4432
a 187 186 84 4307
a 187 188 86 4533
a 187 212 91 4440
a 188 163 95 4397
a 188 187 92 4523
a 188 189 88 4625
a 188 213 85 4530
a 189 164 95 4485
a 189 188 92 4332
a 189 190 91 4541
a 189 214 87 4275
a 190 165 84 4361
a 190 189 88 4396
a 190 191 91 4568
a 190 215 80 4526
a 191 166 97 4425
a 191 190 87 4501
a 191 192 100 4249
a 191 216 80 4559
a 192 167 92 4248
a 192 191 92 4335
a 192 193 80 4448
a 192 217 87 4597
a 193 168 87 4398
a 193 192 95 4544
a 193 194 87 4446
a 193 218 96 4279
a 194 169 94 4280
a 194 193 80 4549
a 194 195 95 4576
a 194 219 92 4238
a 195 170 85 4394
a 195 194 87 4585
a 195 196 99 4311
a 195 220 95 4557
a 196 171 86 4428
a 196 195 91 4413
a 196 197 91 4311
a 196 221 80 4464
a 197 172 87 4398
a 197 196 92 4578
a 197 198 80 4357
a 197 222 99 4617
a 198 173 81 4242
a 198 197 80 4278
a 198 199 83 4466
a 198 223 82 4362
a 199 174 95 4292
a 199 198 98 4488
a 199 224 84 4317
a 200 175 92 4506
a 200 201 89 4425
a 200 225 91 4430
a 201 176 81 4279
a 201 200 94 4384
a 201 202 88 4309
a 201 226 94 4422
a 202 177 86 4383
a 202 201 92 4568
a 202 203 93 4561
a 202 227 100 4394
a 203 178 97 4520
a 203 202 80 4393
a 203 204 84 4427
a 203 228 100 4314
a 204 179 93 4598
a 204 203 92 4458
a 204 205 91 4591
a 204 229 89 4597
a 205 180 80 4362
a 205 204 85 4458
a 205 206 85 4331
a 205 230 91 4358
a 206 181 94 4392
a 206 205 82 4519
a 206 207 97 4440
a 206 231 95 4370
a 207 182 94 4390
a 207 206 83 4396
a 207 208 95 4306
a 207 232 83 4590
a 208 183 84 4272
a 208 207 85 4295
a 208 209 98 4592
a 208 233 94 4312
a 209 184 84 4568
a 209 208 100 4476
a 209 210 93 4294
a 209 234 99 4420
a 210 185 84 4460
a 210 209 83 4611
a 210 211 83 4421
a 210 235 80 4592
a 211 186 87 4350
a 211 210 80 4453
a 211 212 98 4291
a 211 236 82 4518
a 212 187 82 4485
a 212 211 100 4381
a 212 213 83 4261
a 212 237 92 4410
a 213 188 100 4548
a 213 212 84 4574
a 213 214 80 4503
a 213 238 93 4241
a 214 189 88 4521
a 214 213 95 4591
a 214 215 93 4438
a 214 239 96 4604
a 215 190 96 4543
a 215 214 80 4514
a 215 216 91 4445
a 215 240 95 4624
a 216 191 93 4472
a 216 215 94 4609
a 216 217 87 4444
a 216 241 100 4610
a 217 192 95 4452
a 217 216 99 4278
a 217 218 82 4591
a 217 242 96 4503
a 218 193 94 4418
a 218 217 82 4461
a 218 219 94 4264
a 218 243 81 4566
a 219 194 80 4236
a 219 218 100 4245
a 219 220 93 4582
a 219 244 89 4607
a 220 195 92 4398
a 220 219 99 4252
a 220 221 94 4253
a 220 245 97 4572
a 221 196 99 4574
a 221 220 86 4361
a 221 222 86 4369
a 221 246 86 4386
a 222 197 95 4353
a 222 221 99 4331
a 222 223 94 4362
a 222 247 86 4297
a 223 198 91 4266
a 223 222 98 4484
a 223 224 87 4322
a 223 248 87 4393
a 224 199 82 4613
a 224 223 83 4615
a 224 249 98 4314
a 225 200 89 4539
a 225 226 89 4605
a 225 250 80 4284
a 226 201 94 4275
a 226 225 91 4620
a 226 227 81 4536
a 226 251 95 4261
a 227 202 95 4332
a 227 226 93 4330
a 227 228 94 4289
a 227 252 83 4284
a 228 203 97 4334
a 228 227 86 4380
a 228 229 98 4500
a 228 253 84 4483
a 229 204 80 4417
a 229 228 89 4394
a 229 230 99 4484
a 229 254 97 4455
a 230 205 94 4623
a 230 229 99 4536
a 230 231 87 4437
a 230 255 87 4523
a 231 206 80 4569
a 231 230 91 4556
a 231 232 85 4436
a 231 256 94 4366
a 232 207 86 4391
a 232 231 92 4491
a 232 233 81 4527
a 232 257 98 4371
a 233 208 80 4369
a 233 232 82 4302
a 233 234 93 4442
a 233 258 91 4473
a 234 209 91 4457
a 234 233 89 4312
a 234 235 82 4433
a 234 259 95 4239
a 235 210 94 4304
a 235 234 98 4482
a 235 236 87 4556
a 235 260 83 4570
a 236 211 100 4617
a 236 235 95 4422
a 236 237 84 4294
a 236 261 88 4375
a 237 212 86 4441
a 237 236 91 4571
a 237 238 87 4259
a 237 262 91 4581
a 238 213 92 4395
a 238 237 81 4425
a 238 239 91 4261
a 238 263 84 4440
a 239 214 87 4459
a 239 238 94 4274
a 239 240 98 4270
a 239 264 81 4505
a 240 215 81 4341
a 240 239 84 4295
a 240 241 83 4586
a 240 265 86 4422
a 241 216 84 4619
a 241 240 80 4290
a 241 242 85 4511
a 241 266 82 4313
a 242 217 89 4285
a 242 241 81 4304
a 242 243 86 4264
a 242 267 82 4310
a 243 218 82 4496
a 243 242 95 4611
a 243 244 95 4621
a 243 268 97 4595
a 244 219 87 4541
a 244 243 87 4506
a 244 245 91 4619
a 244 269 89 4517
a 245 220 91 4252
a 245 244 96 4387
a 245 246 91 4619
a 245 270 96 4349
a 246 221 87 4453
a 246 245 96 4573
a 246 247 81 4246
a 246 271 100 4242
a 247 222 87 4466
a 247 246 83 4532
a 247 248 83 4521
a 247 272 95 4334
a 248 223 83 4300
a 248 247 88 4374
a 248 249 88 4496
a 248 273 98 4598
a 249 224 92 4507
a 249 248 93 4279
a 249 274 82 4501
a 250 225 89 4360
a 250 251 91 4548
a 250 275 85 4510
a 251 226 95 4319
a 251 250 100 4479
a 251 252 100 4262
a 251 276 91 4490
a 252 227 92 4405
a 252 251 93 4534
a 252 253 85 4451
a 252 277 92 4393
a 253 228 84 4451
a 253 252 94 4382
a 253 254 85 4413
a 253 278 82 4515
a 254 229 100 4620
a 254 253 98 4459
a 254 255 85 4402
a 254 279 87 4287
a 255 230 86 4554
a 255 254 93 4575
a 255 256 83 4464
a 255 280 86 4598
a 256 231 95 4279
a 256 255 88 4375
a 256 257 93 4433
a 256 281 84 4482
a 257 232 82 4503
a 257 256 81 4419
a 257 258 80 4515
a 257 282 83 4235
a 258 233 100 4436
a 258 257 84 4255
a 258 259 92 4470
a 258 283 97 4431
a 259 234 83 4630
a 259 258 81 4437
a 259 260 91 4393
a 259 284 88 4482
a 260 235 87 4569
a 260 259 91 4453
a 260 261 93 4332
a 260 285 94 4232
a 261 236 83 4505
a 261 260 83 4336
a 261 262 100 4524
a 261 286 80 4613
a 262 237 93 4455
a 262 261 86 4297
a 262 263 100 4286
a 262 287 97 4462
a 263 238 100 4284
a 263 262 97 4576
a 263 264 89 4562
a 263 288 88 4329
a 264 239 88 4573
a 264 263 91 4235
a 264 265 92 4542
a 264 289 100 4360
a 265 240 85 4591
a 265 264 97 4292
a 265 266 94 4564
a 265 290 85 4312
a 266 241 88 4279
a 266 265 80 4330
a 266 267 97 4511
a 266 291 81 4356
a 267 242 100 4563
a 267 266 92 4361
a 267 268 86 4319
a 267 292 89 4337
a 268 243 89 4510
a 268 267 96 4304
a 268 269 92 4605
a 268 293 82 4557
a 269 244 82 4432
a 269 268 98 4427
a 269 270 83 4424
a 269 294 81 4529
a 270 245 85 4256
a 270 269 91 4338
a 270 271 93 4585
a 270 295 84 4381
a 271 246 93 4271
a 271 270 80 4266
a 271 272 100 4308
a 271 296 81 4567
a 272 247 80 4369
a 272 271 93 4611
a 272 273 86 4467
a 272 297 83 4538
a 273 248 81 4480
a 273 272 89 4311
a 273 274 86 4410
a 273 298 91 4449
a 274 249 86 4330
a 274 273 82 4401
a 274 299 88 4372
a 275 250 87 4561
a 275 276 80 4423
a 275 300 84 4519
a 276 251 95 4507
a 276 275 98 4392
a 276 277 97 4361
a 276 301 94 4326
a 277 252 97 4527
a 277 276 80 4292
a 277 278 82 4421
a 277 302 91 4394
a 278 253 96 4589
a 278 277 80 4295
a 278 279 86 4491
a 278 303 84 4541
a 279 254 93 4617
a 279 278 100 4514
a 279 280 100 4290
a 279 304 88 4555
a 280 255 98 4287
a 280 279 82 4345
a 280 281 87 4569
a 280 305 98 4486
a 281 256 88 4486
a 281 280 80 4333
a 281 282 93 4427
a 281 306 91 4258
a 282 257 82 4447
a 282 281 91 4375
a 282 283 81 4427
a 282 307 81 4574
a 283 258 99 4590
a 283 282 100 4510
a 283 284 89 4253
a 283 308 83 4464
a 284 259 86 4459
a 284 283 91 4371
a 284 285 96 4595
a 284 309 81 4246
a 285 260 81 4596
a 285 284 93 4348
a 285 286 92 4400
a 285 310 83 4463
a 286 261 86 4533
a 286 285 98 4534
a 286 287 98 4368
a 286 311 93 4357
a 287 262 89 4538
a 287 286 92 4518
a 287 288 91 4250
a 287 312 80 4441
a 288 263 85 4523
a 288 287 100 4479
a 288 289 87 4415
a 288 313 94 4330
a 289 264 87 4514
a 289 288 98 4249
a 289 290 85 4427
a 289 314 94 4402
a 290 265 94 4509
a 290 289 85 4404
a 290 291 80 4345
a 290 315 97 4442
a 291 266 100 4538
a 291 290 87 4455
a 291 292 100 4231
a 291 316 87 4237
a 292 267 94 4319
a 292 291 93 4587
a 292 293 92 4422
a 292 317 83 4478
a 293 268 91 4546
a 293 292 80 4422
a 293 294 87 4431
a 293 318 83 4546
a 294 269 99 4405
a 294 293 91 4454
a 294 295 94 4630
a 294 319 100 4322
a 295 270 94 4541
a 295 294 96 4438
a 295 296 89 4602
a 295 320 96 4608
a 296 271 88 4476
a 296 295 88 4377
a 296 297 98 4284
a 296 321 93 4501
a 297 272 97 4502
a 297 296 98 4378
a 297 298 100 4615
a 297 322 91 4299
a 298 273 98 4265
a 298 297 87 4239
a 298 299 100 4596
a 298 323 82 4285
a 299 274 86 4429
a 299 298 98 4234
a 299 324 92 4277
a 300 275 84 4366
a 300 301 88 4464
a 300 325 96 4340
a 301 276 80 4588
a 301 300 100 4526
a 301 302 80 4546
a 301 326 86 4601
a 302 277 84 4318
a 302 301 91 4244
a 302 303 96 4595
a 302 327 84 4252
a 303 278 88 4358
a 303 302 91 4460
a 303 304 80 4457
a 303 328 89 4307
a 304 279 94 4330
a 304 303 94 4629
a 304 305 98 4242
a 304 329 80 4431
a 305 280 89 4493
a 305 304 88 4447
a 305 306 82 4442
a 305 330 94 4399
a 306 281 96 4460
a 306 305 97 4395
a 306 307 95 4421
a 306 331 99 4572
a 307 282 85 4431
a 307 306 97 4270
a 307 308 80 4511
a 307 332 86 4473
a 308 283 83 4444
a 308 307 96 4268
a 308 309 81 4311
a 308 333 99 4317
a 309 284 83 4578
a 309 308 94 4578
a 309 310 84 4407
a 309 334 95 4557
a 310 285 94 4398
a 310 309 89 4445
a 310 311 98 4529
a 310 335 81 4313
a 311 286 87 4572
a 311 310 92 4281
a 311 312 88 4553
a 311 336 85 4545
a 312 287 97 4559
a 312 311 85 4563
a 312 313 98 4558
a 312 337 84 4423
a 313 288 80 4494
a 313 312 89 4299
a 313 314 92 4360
a 313 338 83 4380
a 314 289 89 4370
a 314 313 93 4420
a 314 315 84 4323
a 314 339 97 4279
a 315 290 89 4236
a 315 314 100 4453
a 315 316 87 4272
a 315 340 100 4586
a 316 291 92 4524
a 316 315 85 4247
a 316 317 84 4314
a 316 341 98 4591
a 317 292 100 4613
a 317 316 88 4311
a 317 318 87 4373
a 317 342 91 4351
a 318 293 82 4349
a 318 317 84 4525
a 318 319 84 4269
a 318 343 80 4408
a 319 294 97 4626
a 319 318 97 4386
a 319 320 95 4335
a 319 344 99 4359
a 320 295 84 4549
a 320 319 95 4558
a 320 321 99 4397
a 320 345 100 4322
a 321 296 94 4479
a 321 320 82 4479
a 321 322 91 4321
a 321 346 86 4375
a 322 297 97 4491
a 322 321 87 4595
a 322 323 86 4352
a 322 347 83 4426
a 323 298 94 4339
a 323 322 100 4376
a 323 324 100 4436
a 323 348 80 4375
a 324 299 98 4448
a 324 323 80 4293
a 324 349 93 4365
a 325 300 84 4627
a 325 326 82 4454
a 325 350 96 4490
a 326 301 99 4330
a 326 325 95 4431
a 326 327 92 4385
a 326 351 84 4346
a 327 302 92 4517
a 327 326 83 4496
a 327 328 97 4616
a 327 352 91 4460
a 328 303 99 4547
a 328 327 98 4544
a 328 329 81 4498
a 328 353 93 4450
a 329 304 94 4568
a 329 328 81 4282
a 329 330 80 4575
a 329 354 100 4496
a 330 305 97 4428
a 330 329 92 4425
a 330 331 100 4305
a 330 355 98 4425
a 331 306 82 4328
a 331 330 84 4266
a 331 332 92 4600
a 331 356 93 4270
a 332 307 93 4565
a 332 331 82 4428
a 332 333 94 4283
a 332 357 87 4485
a 333 308 82 4593
a 333 332 92 4473
a 333 334 81 4597
a 333 358 89 4567
a 334 309 93 4598
a 334 333 100 4434
a 334 335 84 4458
a 334 359 80 4258
a 335 310 85 4611
a 335 334 82 4323
a 335 336 97 4573
a 335 360 98 4478
a 336 311 84 4368
a 336 335 84 4284
a 336 337 86 4344
a 336 361 93 4559
a 337 312 95 4519
a 337 336 95 4247
a 337 338 99 4448
a 337 362 97 4544
a 338 313 99 4421
a 338 337 88 4560
a 338 339 96 4233
a 338 363 89 4305
a 339 314 95 4309
a 339 338 81 4439
a 339 340 94 4419
a 339 364 92 4252
a 340 315 84 4258
a 340 339 91 4521
a 340 341 95 4233
a 340 365 92 4589
a 341 316 82 4563
a 341 340 96 4366
a 341 342 95 4277
a 341 366 81 4282
a 342 317 99 4335
a 342 341 87 4381
a 342 343 97 4256
a 342 367 100 4301
a 343 318 91 4527
a 343 342 86 4624
a 343 344 80 4466
a 343 368 91 4300
a 344 319 87 4617
a 344 343 93 4347
a 344 345 92 4559
a 344 369 85 4496
a 345 320 94 4335
a 345 344 91 4350
a 345 346 80 4502
a 345 370 96 4307
a 346 321 83 4477
a 346 345 83 4398
a 346 347 86 4433
a 346 371 93 4316
a 347 322 93 4588
a 347 346 96 4574
a 347 348 81 4336
a 347 372 91 4327
a 348 323 96 4352
a 348 347 98 4419
a 348 349 81 4241
a 348 373 83 4459
a 349 324 97 4482
a 349 348 80 4332
a 349 374 95 4265
a 350 325 92 4461
a 350 351 96 4338
a 350 375 92 4285
a 351 326 99 4406
a 351 350 91 4599
a 351 352 84 4479
a 351 376 97 4320
a 352 327 91 4600
a 352 351 84 4477
a 352 353 99 4549
a 352 377 97 4292
a 353 328 91 4555
a 353 352 92 4359
a 353 354 82 4340
a 353 378 86 4507
a 354 329 96 4277
a 354 353 87 4556
a 354 355 86 4411
a 354 379 99 4341
a 355 330 81 4400
a 355 354 85 4629
a 355 356 96 4499
a 355 380 97 4484
a 356 331 97 4424
a 356 355 87 4388
a 356 357 95 4521
a 356 381 100 4272
a 357 332 93 4386
a 357 356 96 4436
a 357 358 82 4388
a 357 382 98 4582
a 358 333 91 4471
a 358 357 92 4619
a 358 359 86 4241
a 358 383 83 4542
a 359 334 100 4473
a 359 358 94 4565
a 359 360 85 4516
a 359 384 93 4521
a 360 335 97 4420
a 360 359 86 4243
a 360 361 83 4258
a 360 385 88 4463
a 361 336 95 4279
a 361 360 87 4332
a 361 362 96 4294
a 361 386 80 4425
a 362 337 81 4452
a 362 361 96 4349
a 362 363 100 4476
a 362 387 97 4383
a 363 338 93 4567
a 363 362 98 4299
a 363 364 82 4411
a 363 388 98 4574
a 364 339 89 4296
a 364 363 92 4616
a 364 365 82 4477
a 364 389 89 4619
a 365 340 81 4486
a 365 364 83 4548
a 365 366 86 4563
a 365 390 82 4316
a 366 341 82 4343
a 366 365 88 4559
a 366 367 97 4515
a 366 391 92 4338
a 367 342 86 4558
a 367 366 84 4501
a 367 368 99 4528
a 367 392 96 4522
a 368 343 94 4507
a 368 367 98 4324
a 368 369 93 4273
a 368 393 92 4393
a 369 344 94 4619
a 369 368 92 4288
a 369 370 86 4593
a 369 394 88 4397
a 370 345 92 4441
a 370 369 89 4232
a 370 371 85 4561
a 370 395 81 4503
a 371 346 95 4305
a 371 370 87 4471
a 371 372 100 4530
a 371 396 92 4233
a 372 347 87 4303
a 372 371 80 4277
a 372 373 92 4369
a 372 397 96 4387
a 373 348 85 4496
a 373 372 99 4512
a 373 374 86 4322
a 373 398 96 4521
a 374 349 99 4464
a 374 373 89 4369
a 374 399 93 4469
a 375 350 91 4447
a 375 376 87 4501
a 375 400 96 4393
a 376 351 91 4241
a 376 375 100 4609
a 376 377 100 4580
a 376 401 92 4530
a 377 352 98 4364
a 377 376 87 4402
a 377 378 85 4597
a 377 402 95 4586
a 378 353 95 4274
a 378 377 81 4504
a 378 379 100 4399
a 378 403 95 4239
a 379 354 88 4595
a 379 378 84 4267
a 379 380 84 4321
a 379 404 100 4377
a 380 355 87 4501
a 380 379 80 4239
a 380 381 95 4331
a 380 405 99 4528
a 381 356 89 4385
a 381 380 93 4489
a 381 382 85 4508
a 381 406 81 4531
a 382 357 83 4418
a 382 381 96 4373
a 382 383 97 4557
a 382 407 88 4427
a 383 358 86 4248
a 383 382 91 4430
a 383 384 92 4277
a 383 408 89 4317
a 384 359 99 4417
a 384 383 87 4451
a 384 385 94 4295
a 384 409 83 4560
a 385 360 95 4336
a 385 384 84 4397
a 385 386 97 4575
a 385 410 96 4474
a 386 361 94 4610
a 386 385 81 4616
a 386 387 82 4417
a 386 411 87 4289
a 387 362 92 4541
a 387 386 91 4430
a 387 388 82 4261
a 387 412 81 4536
a 388 363 85 4608
a 388 387 82 4358
a 388 389 93 4607
a 388 413 93 4410
a 389 364 97 4348
a 389 388 88 4627
a 389 390 83 4351
a 389 414 94 4497
a 390 365 100 4245
a 390 389 98 4433
a 390 391 91 4280
a 390 415 84 4598
a 391 366 86 4437
a 391 390 89 4234
a 391 392 86 4401
a 391 416 80 4437
a 392 367 91 4458
a 392 391 100 4310
a 392 393 96 4446
a 392 417 84 4402
a 393 368 89 4431
a 393 392 100 4274
a 393 394 100 4251
a 393 418 88 4487
a 394 369 100 4310
a 394 393 95 4387
a 394 395 93 4521
a 394 419 92 4593
a 395 370 93 4402
a 395 394 80 4533
a 395 396 85 4308
a 395 420 80 4354
a 396 371 86 4568
a 396 395 92 4543
a 396 397 91 4492
a 396 421 92 4454
a 397 372 91 4520
a 397 396 84 4489
a 397 398 98 4394
a 397 422 87 4388
a 398 373 98 4630
a 398 397 100 4251
a 398 399 95 4432
a 398 423 93 4233
a 399 374 80 4456
a 399 398 86 4595
a 399 424 98 4326
a 400 375 83 4602
a 400 401 86 4402
a 400 425 95 4231
a 401 376 97 4565
a 401 400 80 4328
a 401 402 85 4530
a 401 426 81 4316
a 402 377 97 4261
a 402 401 86 4447
a 402 403 87 4322
a 402 427 99 4461
a 403 378 91 4278
a 403 402 84 4444
a 403 404 88 4619
a 403 428 80 4507
a 404 379 82 4382
a 404 403 88 4526
a 404 405 86 4340
a 404 429 86 4533
a 405 380 96 4486
a 405 404 82 4278
a 405 406 87 4401
a 405 430 99 4551
a 406 381 100 4340
a 406 405 80 4269
a 406 407 96 4241
a 406 431 82 4364
a 407 382 98 4546
a 407 406 88 4571
a 407 408 96 4564
a 407 432 87 4236
a 408 383 83 4439
a 408 407 91 4351
a 408 409 93 4525
a 408 433 100 4448
a 409 384 97 4520
a 409 408 100 4501
a 409 410 89 4552
a 409 434 82 4391
a 410 385 83 4578
a 410 409 80 4264
a 410 411 87 4232
a 410 435 100 4469
a 411 386 80 4392
a 411 410 91 4627
a 411 412 97 4468
a 411 436 91 4268
a 412 387 96 4541
a 412 411 94 4234
a 412 413 91 4518
a 412 437 88 4257
a 413 388 85 4629
a 413 412 92 4587
a 413 414 80 4328
a 413 438 97 4478
a 414 389 80 4432
a 414 413 95 4296
a 414 415 84 4381
a 414 439 93 4297
a 415 390 82 4495
a 415 414 95 4341
a 415 416 95 4258
a 415 440 87 4268
a 416 391 93 4468
a 416 415 97 4510
a 416 417 100 4541
a 416 441 100 4583
a 417 392 80 4518
a 417 416 82 4569
a 417 418 83 4452
a 417 442 84 4357
a 418 393 83 4515
a 418 417 89 4335
a 418 419 95 4262
a 418 443 93 4630
a 419 394 100 4303
a 419 418 100 4612
a 419 420 80 4465
a 419 444 94 4521
a 420 395 100 4581
a 420 419 84 4346
a 420 421 96 4333
a 420 445 87 4630
a 421 396 95 4493
a 421 420 96 4373
a 421 422 100 4274
a 421 446 81 4321
a 422 397 91 4250
a 422 421 80 4308
a 422 423 98 4591
a 422 447 94 4562
a 423 398 95 4487
a 423 422 80 4556
a 423 424 84 4272
a 423 448 94 4589
a 424 399 89 4276
a 424 423 93 4391
a 424 449 98 4399
a 425 400 88 4444
a 425 426 80 4303
a 425 450 86 4468
a 426 401 87 4622
a 426 425 92 4461
a 426 427 84 4319
a 426 451 88 4345
a 427 402 86 4473
a 427 426 91 4549
a 427 428 80 4589
a 427 452 100 4558
a 428 403 94 4362
a 428 427 85 4357
a 428 429 91 4434
a 428 453 94 4621
a 429 404 80 4457
a 429 428 89 4355
a 429 430 96 4393
a 429 454 81 4516
a 430 405 94 4252
a 430 429 84 4518
a 430 431 88 4311
a 430 455 95 4234
a 431 406 92 4252
a 431 430 81 4259
a 431 432 98 4271
a 431 456 83 4519
a 432 407 91 4575
a 432 431 94 4285
a 432 433 93 4266
a 432 457 92 4594
a 433 408 95 4290
a 433 432 82 4430
a 433 434 99 4355
a 433 458 99 4423
a 434 409 93 4294
a 434 433 98 4533
a 434 435 87 4376
a 434 459 95 4467
a 435 410 94 4362
a 435 434 85 4420
a 435 436 93 4566
a 435 460 93 4510
a 436 411 100 4350
a 436 435 100 4456
a 436 437 86 4571
a 436 461 82 4501
a 437 412 93 4595
a 437 436 84 4322
a 437 438 98 4577
a 437 462 92 4585
a 438 413 100 4310
a 438 437 91 4296
a 438 439 80 4470
a 438 463 92 4492
a 439 414 95 4578
a 439 438 100 4275
a 439 440 89 4329
a 439 464 94 4619
a 440 415 85 4378
a 440 439 84 4428
a 440 441 82 4577
a 440 465 93 4609
a 441 416 92 4237
a 441 440 84 4323
a 441 442 95 4294
a 441 466 87 4545
a 442 417 86 4336
a 442 441 98 4394
a 442 443 92 4410
a 442 467 95 4561
a 443 418 96 4465
a 443 442 88 4625
a 443 444 82 4287
a 443 468 94 4402
a 444 419 81 4254
a 444 443 96 4284
a 444 445 98 4399
a 444 469 95 4318
a 445 420 88 4293
a 445 444 84 4409
a 445 446 91 4434
a 445 470 96 4435
a 446 421 96 4537
a 446 445 81 4468
a 446 447 96 4320
a 446 471 81 4383
a 447 422 86 4625
a 447 446 100 4484
a 447 448 94 4285
a 447 472 89 4333
a 448 423 83 4526
a 448 447 84 4480
a 448 449 99 4285
a 448 473 83 4409
a 449 424 85 4506
a 449 448 87 4495
a 449 474 93 4476
a 450 425 95 4432
a 450 451 97 4453
a 450 475 99 4253
a 451 426 80 4282
a 451 450 88 4573
a 451 452 88 4353
a 451 476 85 4530
a 452 427 100 4543
a 452 451 96 4455
a 452 453 84 4341
a 452 477 85 4497
a 453 428 87 4265
a 453 452 86 4492
a 453 454 94 4533
a 453 478 96 4281
a 454 429 82 4490
a 454 453 99 4607
a 454 455 85 4255
a 454 479 99 4236
a 455 430 85 4389
a 455 454 98 4500
a 455 456 93 4484
a 455 480 85 4550
a 456 431 92 4498
a 456 455 84 4626
a 456 457 99 4303
a 456 481 99 4289
a 457 432 96 4604
a 457 456 87 4459
a 457 458 98 4396
a 457 482 93 4306
a 458 433 91 4395
a 458 457 96 4373
a 458 459 83 4388
a 458 483 99 4302
a 459 434 94 4390
a 459 458 100 4539
a 459 460 99 4239
a 459 484 82 4493
a 460 435 91 4462
a 460 459 92 4376
a 460 461 89 4513
a 460 485 100 4535
a 461 436 99 4250
a 461 460 99 4330
a 461 462 87 4533
a 461 486 98 4592
a 462 437 100 4405
a 462 461 89 4333
a 462 463 88 4427
a 462 487 100 4388
a 463 438 93 4545
a 463 462 83 4320
a 463 464 86 4483
a 463 488 91 4321
a 464 439 82 4465
a 464 463 96 4350
a 464 465 84 4629
a 464 489 84 4489
a 465 440 96 4486
a 465 464 88 4508
a 465 466 97 4247
a 465 490 97 4501
a 466 441 96 4282
a 466 465 86 4539
a 466 467 80 4322
a 466 491 80 4327
a 467 442 95 4471
a 467 466 81 4580
a 467 468 95 4569
a 467 492 82 4257
a 468 443 83 4310
a 468 467 95 4562
a 468 469 95 4310
a 468 493 85 4629
a 469 444 83 4577
a 469 468 100 4426
a 469 470 91 4553
a 469 494 88 4581
a 470 445 92 4581
a 470 469 89 4330
a 470 471 97 4452
a 470 495 93 4501
a 471 446 98 4394
a 471 470 97 4611
a 471 472 89 4389
a 471 496 91 4235
a 472 447 83 4420
a 472 471 80 4244
a 472 473 82 4465
a 472 497 96 4506
a 473 448 80 4621
a 473 472 92 4396
a 473 474 87 4233
a 473 498 93 4415
a 474 449 98 4306
a 474 473 98 4593
a 474 499 99 4473
a 475 450 87 4495
a 475 476 81 4398
a 475 500 86 4508
a 476 451 84 4428
a 476 475 88 4553
a 476 477 87 4290
a 476 501 82 4496
a 477 452 85 4509
a 477 476 98 4595
a 477 478 89 4401
a 477 502 88 4261
a 478 453 88 4285
a 478 477 94 4476
a 478 479 98 4555
a 478 503 98 4403
a 479 454 88 4568
a 479 478 88 4539
a 479 480 94 4477
a 479 504 85 4625
a 480 455 89 4607
a 480 479 95 4517
a 480 481 96 4535
a 480 505 86 4536
a 481 456 98 4406
a 481 480 86 4548
a 481 482 95 4234
a 481 506 88 4446
a 482 457 98 4369
a 482 481 95 4370
a 482 483 83 4574
a 482 507 96 4483
a 483 458 82 4296
a 483 482 85 4565
a 483 484 81 4582
a 483 508 93 4619
a 484 459 95 4340
a 484 483 93 4298
a 484 485 96 4542
a 484 509 92 4349
a 485 460 80 4325
a 485 484 99 4238
a 485 486 91 4619
a 485 510 92 4605
a 486 461 86 4462
a 486 485 99 4293
a 486 487 95 4602
a 486 511 100 4245
a 487 462 85 4247
a 487 486 95 4452
a 487 488 87 4274
a 487 512 92 4503
a 488 463 86 4578
a 488 487 98 4378
a 488 489 92 4520
a 488 513 84 4539
a 489 464 80 4286
a 489 488 95 4414
a 489 490 97 4290
a 489 514 100 4272
a 490 465 81 4505
a 490 489 96 4475
a 490 491 87 4329
a 490 515 98 4447
a 491 466 86 4485
a 491 490 92 4281
a 491 492 96 4371
a 491 516 99 4498
a 492 467 95 4264
a 492 491 92 4600
a 492 493 87 4346
a 492 517 89 4579
a 493 468 91 4611
a 493 492 98 4549
a 493 494 85 4264
a 493 518 85 4314
a 494 469 96 4454
a 494 493 83 4234
a 494 495 97 4535
a 494 519 85 4237
a 495 470 85 4603
a 495 494 99 4580
a 495 496 88 4602
a 495 520 86 4476
a 496 471 97 4380
a 496 495 84 4419
a 496 497 92 4421
a 496 521 92 4257
a 497 472 86 4375
a 497 496 96 4290
a 497 498 87 4292
a 497 522 97 4376
a 498 473 95 4330
a 498 497 83 4625
a 498 499 100 4352
a 498 523 80 4607
a 499 474 100 4570
a 499 498 95 4577
a 499 524 88 4452
a 500 475 91 4617
a 500 501 82 4398
a 500 525 84 4352
a 501 476 93 4516
a 501 500 94 4331
a 501 502 96 4256
a 501 526 91 4508
a 502 477 86 4506
a 502 501 82 4333
a 502 503 85 4268
a 502 527 96 4290
a 503 478 87 4504
a 503 502 89 4244
a 503 504 85 4384
a 503 528 85 4449
a 504 479 87 4417
a 504 503 92 4457
a 504 505 87 4331
a 504 529 81 4627
a 505 480 96 4624
a 505 504 100 4378
a 505 506 87 4583
a 505 530 98 4349
a 506 481 80 4277
a 506 505 97 4543
a 506 507 88 4569
a 506 531 87 4506
a 507 482 81 4563
a 507 506 91 4576
a 507 508 99 4519
a 507 532 95 4373
a 508 483 80 4449
a 508 507 92 4337
a 508 509 88 4379
a 508 533 80 4234
a 509 484 85 4607
a 509 508 94 4240
a 509 510 87 4589
a 509 534 93 4282
a 510 485 99 4254
a 510 509 85 4494
a 510 511 96 4548
a 510 535 89 4239
a 511 486 89 4597
a 511 510 85 4424
a 511 512 91 4377
a 511 536 84 4373
a 512 487 96 4410
a 512 511 81 4452
a 512 513 82 4584
a 512 537 96 4376
a 513 488 93 4249
a 513 512 95 4279
a 513 514 86 4456
a 513 538 87 4352
a 514 489 81 4422
a 514 513 91 4251
a 514 515 95 4586
a 514 539 82 4389
a 515 490 85 4418
a 515 514 82 4252
a 515 516 88 4337
a 515 540 95 4575
a 516 491 96 4521
a 516 515 99 4304
a 516 517 85 4477
a 516 541 96 4315
a 517 492 99 4508
a 517 516 92 4426
a 517 518 97 4573
a 517 542 91 4426
a 518 493 88 4551
a 518 517 92 4315
a 518 519 88 4577
a 518 543 84 4445
a 519 494 100 4438
a 519 518 85 4418
a 519 520 86 4607
a 519 544 83 4252
a 520 495 95 4611
a 520 519 82 4551
a 520 521 87 4330
a 520 545 87 4428
a 521 496 94 4358
a 521 520 92 4426
a 521 522 96 4378
a 521 546 95 4446
a 522 497 82 4242
a 522 521 87 4262
a 522 523 85 4382
a 522 547 94 4333
a 523 498 92 4511
a 523 522 83 4622
a 523 524 82 4469
a 523 548 87 4478
a 524 499 92 4568
a 524 523 86 4454
a 524 549 93 4404
a 525 500 87 4452
a 525 526 97 4447
a 525 550 97 4497
a 526 501 88 4412
a 526 525 98 4280
a 526 527 85 4582
a 526 551 88 4603
a 527 502 84 4274
a 527 526 80 4263
a 527 528 80 4390
a 527 552 98 4557
a 528 503 83 4335
a 528 527 85 4376
a 528 529 80 4388
a 528 553 91 4532
a 529 504 82 4600
a 529 528 91 4534
a 529 530 100 4345
a 529 554 82 4370
a 530 505 88 4369
a 530 529 89 4368
a 530 531 91 4589
a 530 555 86 4627
a 531 506 95 4595
a 531 530 100 4584
a 531 532 84 4572
a 531 556 96 4559
a 532 507 86 4594
a 532 531 95 4567
a 532 533 97 4626
a 532 557 85 4409
a 533 508 92 4508
a 533 532 82 4287
a 533 534 100 4592
a 533 558 91 4349
a 534 509 81 4345
a 534 533 94 4375
a 534 535 87 4466
a 534 559 88 4254
a 535 510 98 4597
a 535 534 100 4431
a 535 536 87 4353
a 535 560 81 4258
a 536 511 97 4461
a 536 535 99 4621
a 536 537 81 4445
a 536 561 81 4263
a 537 512 93 4259
a 537 536 88 4231
a 537 538 95 4347
a 537 562 83 4351
a 538 513 98 4488
a 538 537 81 4240
a 538 539 95 4451
a 538 563 98 4283
a 539 514 94 4501
a 539 538 81 4377
a 539 540 87 4272
a 539 564 80 4426
a 540 515 98 4430
a 540 539 93 4509
a 540 541 97 4468
a 540 565 87 4278
a 541 516 86 4573
a 541 540 87 4451
a 541 542 92 4244
a 541 566 86 4565
a 542 517 92 4249
a 542 541 96 4427
a 542 543 81 4463
a 542 567 93 4247
a 543 518 98 4340
a 543 542 80 4279
a 543 544 89 4565
a 543 568 85 4427
a 544 519 86 4321
a 544 543 91 4451
a 544 545 93 4425
a 544 569 95 4496
a 545 520 95 4411
a 545 544 87 4442
a 545 546 92 4435
a 545 570 95 4496
a 546 521 85 4432
a 546 545 100 4574
a 546 547 97 4555
a 546 571 92 4257
a 547 522 100 4413
a 547 546 84 4333
a 547 548 88 4416
a 547 572 97 4470
a 548 523 92 4533
a 548 547 100 4364
a 548 549 80 4405
a 548 573 86 4260
a 549 524 91 4622
a 549 548 91 4563
a 549 574 97 4245
a 550 525 95 4416
a 550 551 84 4441
a 550 575 81 4542
a 551 526 88 4566
a 551 550 89 4454
a 551 552 88 4535
a 551 576 89 4521
a 552 527 83 4402
a 552 551 87 4256
a 552 553 87 4490
a 552 577 96 4516
a 553 528 92 4507
a 553 552 81 4472
a 553 554 81 4397
a 553 578 84 4281
a 554 529 85 4619
a 554 553 84 4418
a 554 555 84 4334
a 554 579 83 4267
a 555 530 82 4566
a 555 554 92 4460
a 555 556 89 4483
a 555 580 89 4461
a 556 531 100 4548
a 556 555 89 4429
a 556 557 91 4296
a 556 581 80 4575
a 557 532 86 4486
a 557 556 80 4239
a 557 558 87 4516
a 557 582 99 4429
a 558 533 99 4573
a 558 557 86 4261
a 558 559 88 4472
a 558 583 87 4409
a 559 534 85 4509
a 559 558 81 4429
a 559 560 83 4451
a 559 584 92 4460
a 560 535 94 4374
a 560 559 84 4426
a 560 561 100 4380
a 560 585 82 4257
a 561 536 81 4609
a 561 560 92 4321
a 561 562 100 4598
a 561 586 84 4247
a 562 537 91 4444
a 562 561 85 4422
a 562 563 83 4366
a 562 587 96 4604
a 563 538 95 4284
a 563 562 95 4494
a 563 564 91 4298
a 563 588 99 4558
a 564 539 97 4549
a 564 563 98 4327
a 564 565 85 4350
a 564 589 80 4376
a 565 540 88 4498
a 565 564 85 4587
a 565 566 82 4353
a 565 590 91 4442
a 566 541 96 4343
a 566 565 100 4345
a 566 567 87 4331
a 566 591 80 4510
a 567 542 99 4563
a 567 566 80 4619
a 567 568 97 4397
a 567 592 99 4386
a 568 543 98 4534
a 568 567 88 4304
a 568 569 96 4240
a 568 593 85 4298
a 569 544 85 4385
a 569 568 85 4259
a 569 570 100 4429
a 569 594 81 4628
a 570 545 94 4597
a 570 569 94 4295
a 570 571 100 4335
a 570 595 87 4460
a 571 546 91 4450
a 571 570 94 4447
a 571 572 87 4485
a 571 596 96 4609
a 572 547 87 4238
a 572 571 93 4474
a 572 573 97 4562
a 572 597 100 4586
a 573 548 80 4362
a 573 572 91 4564
a 573 574 93 4467
a 573 598 91 4383
a 574 549 92 4608
a 574 573 91 4402
a 574 599 83 4448
a 575 550 93 4511
a 575 576 99 4335
a 575 600 84 4353
a 576 551 86 4516
a 576 575 87 4378
a 576 577 85 4467
a 576 601 94 4345
a 577 552 84 4356
a 577 576 81 4454
a 577 578 97 4428
a 577 602 82 4588
a 578 553 89 4344
a 578 577 88 4297
a 578 579 87 4499
a 578 603 98 4515
a 579 554 83 4490
a 579 578 99 4295
a 579 580 85 4339
a 579 604 97 4493
a 580 555 80 4307
a 580 579 93 4383
a 580 581 91 4572
a 580 605 91 4269
a 581 556 80 4439
a 581 580 89 4413
a 581 582 85 4541
a 581 606 87 4318
a 582 557 86 4231
a 582 581 97 4621
a 582 583 98 4361
a 582 607 96 4452
a 583 558 86 4485
a 583 582 97 4467
a 583 584 83 4370
a 583 608 89 4253
a 584 559 89 4391
a 584 583 97 4300
a 584 585 80 4501
a 584 609 98 4492
a 585 560 96 4254
a 585 584 88 4526
a 585 586 96 4268
a 585 610 80 4500
a 586 561 92 4235
a 586 585 82 4318
a 586 587 96 4309
a 586 611 91 4247
a 587 562 96 4312
a 587 586 96 4557
a 587 588 92 4567
a 587 612 84 4497
a 588 563 88 4465
a 588 587 99 4241
a 588 589 91 4445
a 588 613 96 4600
a 589 564 84 4323
a 589 588 84 4252
a 589 590 95 4433
a 589 614 80 4484
a 590 565 86 4456
a 590 589 97 4512
a 590 591 100 4528
a 590 615 87 4404
a 591 566 97 4547
a 591 590 89 4418
a 591 592 92 4553
a 591 616 95 4623
a 592 567 85 4241
a 592 591 95 4606
a 592 593 93 4496
a 592 617 82 4575
a 593 568 98 4294
a 593 592 82 4303
a 593 594 80 4371
a 593 618 88 4474
a 594 569 89 4231
a 594 593 97 4340
a 594 595 93 4524
a 594 619 86 4543
a 595 570 82 4523
a 595 594 84 4481
a 595 596 87 4284
a 595 620 82 4408
a 596 571 98 4297
a 596 595 99 4330
a 596 597 83 4288
a 596 621 87 4240
a 597 572 83 4594
a 597 596 91 4486
a 597 598 97 4374
a 597 622 83 4583
a 598 573 96 4590
a 598 597 94 4399
a 598 599 80 4375
a 598 623 89 4453
a 599 574 95 4373
a 599 598 86 4396
a 599 624 98 4502
a 600 575 93 4259
a 600 601 84 4523
a 601 576 94 4336
a 601 600 91 4253
a 601 602 97 4312
a 602 577 85 4477
a 602 601 86 4361
a 602 603 94 4543
a 603 578 92 4276
a 603 602 85 4299
a 603 604 97 4600
a 604 579 88 4379
a 604 603 88 4341
a 604 605 84 4282
a 605 580 83 4490
a 605 604 85 4380
a 605 606 85 4265
a 606 581 85 4578
a 606 605 96 4583
a 606 607 86 4469
a 607 582 85 4250
a 607 606 99 4472
a 607 608 95 4284
a 608 583 87 4438
a 608 607 92 4626
a 608 609 99 4317
a 609 584 100 4413
a 609 608 84 4306
a 609 610 96 4283
a 610 585 97 4540
a 610 609 81 4416
a 610 611 93 4376
a 611 586 87 4443
a 611 610 100 4333
a 611 612 85 4317
a 612 587 86 4309
a 612 611 80 4508
a 612 613 83 4438
a 613 588 100 4464
a 613 612 82 4326
a 613 614 91 4559
a 614 589 83 4241
a 614 613 92 4323
a 614 615 84 4246
a 615 590 84 4470
a 615 614 98 4385
a 615 616 97 4597
a 616 591 100 4281
a 616 615 94 4593
a 616 617 99 4324
a 617 592 89 4321
a 617 616 84 4495
a 617 618 96 4380
a 618 593 100 4411
a 618 617 98 4405
a 618 619 100 4435
a 619 594 89 4309
a 619 618 86 4360
a 619 620 92 4473
a 620 595 88 4261
a 620 619 96 4264
a 620 621 99 4463
a 621 596 91 4483
a 621 620 86 4470
a 621 622 99 4543
a 622 597 92 4602
a 622 621 96 4365
a 622 623 87 4341
a 623 598 100 4256
a 623 622 85 4254
a 623 624 97 4363
a 624 599 98 4600
a 624 623 95 4465
