c multi commodity flow
c
c problem vertices edges commodities
p mcf 100 360 50
c
c origin destination demand
k 55 18 95
k 0 21 69
k 9 18 76
k 69 84 22
k 54 34 44
k 36 44 72
k 84 76 59
k 76 23 19
k 59 46 24
k 34 33 93
k 15 66 26
k 27 69 100
k 15 64 38
k 28 54 65
k 12 25 81
k 42 25 78
k 21 35 33
k 60 49 98
k 6 93 87
k 2 82 96
k 28 81 80
k 12 76 62
k 70 84 58
k 67 27 37
k 69 34 49
k 77 99 75
k 51 23 17
k 72 8 24
k 18 78 22
k 77 64 33
k 17 31 45
k 42 88 70
k 59 4 71
k 34 58 64
k 44 0 13
k 86 57 31
k 75 73 77
k 11 1 100
k 86 29 81
k 10 56 15
k 41 3 85
k 38 87 86
k 43 60 15
k 29 72 35
k 40 24 47
k 13 25 93
k 79 90 27
k 88 29 38
k 76 95 67
k 57 3 64
c
c source target cost capacity
a 0 1 91 133
a 0 10 97 280
a 1 0 95 99
a 1 2 82 135
a 1 11 92 147
a 2 1 85 349
a 2 3 95 412
a 2 12 97 286
a 3 2 93 172
a 3 4 83 139
a 3 13 85 189
a 4 3 99 138
a 4 5 87 107
a 4 14 80 124
a 5 4 85 479
a 5 6 98 308
a 5 15 88 251
a 6 5 93 439
a 6 7 84 421
a 6 16 85 220
a 7 6 81 346
a 7 8 96 154
a 7 17 96 280
a 8 7 88 278
a 8 9 87 191
a 8 18 98 382
a 9 8 84 206
a 9 19 97 415
a 10 0 100 265
a 10 11 83 279
a 10 20 99 213
a 11 1 94 410
a 11 10 88 149
a 11 12 86 394
a 11 21 96 300
a 12 2 83 297
a 12 11 98 373
a 12 13 85 447
a 12 22 93 229
a 13 3 86 264
a 13 12 93 297
a 13 14 94 378
a 13 23 82 261
a 14 4 96 379
a 14 13 91 435
a 14 15 88 147
a 14 24 92 374
a 15 5 98 316
a 15 14 83 246
a 15 16 82 329
a 15 25 88 469
a 16 6 94 253
a 16 15 96 179
a 16 17 94 191
a 16 26 80 278
a 17 7 94 278
a 17 16 86 224
a 17 18 100 486
a 17 27 100 288
a 18 8 94 293
a 18 17 82 139
a 18 19 89 448
a 18 28 98 393
a 19 9 88 166
a 19 18 100 402
a 19 29 89 241
a 20 10 81 381
a 20 21 92 93
a 20 30 98 267
a 21 11 92 324
a 21 20 92 181
a 21 22 92 128
a 21 31 96 371
a 22 12 94 200
a 22 21 99 371
a 22 23 97 466
a 22 32 97 275
a 23 13 92 400
a 23 22 89 458
a 23 24 95 206
a 23 33 82 368
a 24 14 84 186
a 24 23 89 259
a 24 25 99 190
a 24 34 96 142
a 25 15 81 409
a 25 24 94 276
a 25 26 94 459
a 25 35 95 252
a 26 16 80 402
a 26 25 81 387
a 26 27 95 299
a 26 36 94 367
a 27 17 95 371
a 27 26 81 368
a 27 28 88 235
a 27 37 81 233
a 28 18 94 134
a 28 27 80 351
a 28 29 98 335
a 28 38 94 363
a 29 19 80 480
a 29 28 86 334
a 29 39 95 191
a 30 20 82 146
a 30 31 98 412
a 30 40 85 463
a 31 21 81 137
a 31 30 95 218
a 31 32 86 129
a 31 41 91 380
a 32 22 93 261
a 32 31 87 479
a 32 33 96 216
a 32 42 99 170
a 33 23 99 389
a 33 32 89 189
a 33 34 98 99
a 33 43 93 408
a 34 24 87 378
a 34 33 91 347
a 34 35 83 234
a 34 44 85 217
a 35 25 96 315
a 35 34 97 358
a 35 36 96 289
a 35 45 82 457
a 36 26 82 345
a 36 35 84 423
a 36 37 94 173
a 36 46 86 157
a 37 27 100 127
a 37 36 93 432
a 37 38 93 200
a 37 47 96 488
a 38 28 87 453
a 38 37 94 411
a 38 39 87 412
a 38 48 83 418
a 39 29 83 215
a 39 38 96 95
a 39 49 96 166
a 40 30 89 325
a 40 41 83 455
a 40 50 91 275
a 41 31 92 411
a 41 40 92 118
a 41 42 85 295
a 41 51 94 308
a 42 32 94 141
a 42 41 95 145
a 42 43 84 480
a 42 52 83 413
a 43 33 84 273
a 43 42 94 227
a 43 44 89 108
a 43 53 85 364
a 44 34 92 426
a 44 43 85 315
a 44 45 98 312
a 44 54 92 386
a 45 35 99 246
a 45 44 97 483
a 45 46 89 457
a 45 55 84 284
a 46 36 80 356
a 46 45 80 183
a 46 47 97 203
a 46 56 98 191
a 47 37 86 184
a 47 46 94 455
a 47 48 85 211
a 47 57 91 175
a 48 38 84 132
a 48 47 88 218
a 48 49 84 446
a 48 58 81 94
a 49 39 82 154
a 49 48 83 354
a 49 59 86 443
a 50 40 91 128
a 50 51 100 202
a 50 60 83 293
a 51 41 95 96
a 51 50 85 198
a 51 52 80 196
a 51 61 91 405
a 52 42 84 132
a 52 51 86 269
a 52 53 94 196
a 52 62 85 133
a 53 43 85 440
a 53 52 82 177
a 53 54 84 426
a 53 63 97 353
a 54 44 94 203
a 54 53 95 163
a 54 55 81 210
a 54 64 85 296
a 55 45 85 415
a 55 54 100 350
a 55 56 91 299
a 55 65 82 330
a 56 46 80 325
a 56 55 85 363
a 56 57 96 433
a 56 66 83 118
a 57 47 84 383
a 57 56 88 106
a 57 58 88 212
a 57 67 91 271
a 58 48 94 454
a 58 57 86 113
a 58 59 92 336
a 58 68 92 199
a 59 49 93 246
a 59 58 83 481
a 59 69 99 268
a 60 50 86 276
a 60 61 84 332
a 60 70 88 400
a 61 51 86 202
a 61 60 88 241
a 61 62 85 319
a 61 71 94 488
a 62 52 98 176
a 62 61 88 324
a 62 63 94 130
a 62 72 81 354
a 63 53 93 209
a 63 62 98 241
a 63 64 100 153
a 63 73 93 389
a 64 54 87 316
a 64 63 91 138
a 64 65 95 242
a 64 74 100 202
a 65 55 91 264
a 65 64 84 226
a 65 66 97 100
a 65 75 85 322
a 66 56 89 342
a 66 65 93 397
a 66 67 95 234
a 66 76 84 366
a 67 57 82 185
a 67 66 97 145
a 67 68 89 435
a 67 77 88 284
a 68 58 91 142
a 68 67 100 103
a 68 69 86 136
a 68 78 98 317
a 69 59 96 231
a 69 68 88 307
a 69 79 92 429
a 70 60 98 248
a 70 71 94 346
a 70 80 89 95
a 71 61 93 488
a 71 70 82 378
a 71 72 85 390
a 71 81 82 369
a 72 62 98 168
a 72 71 85 445
a 72 73 97 382
a 72 82 96 309
a 73 63 85 338
a 73 72 84 472
a 73 74 85 409
a 73 83 84 476
a 74 64 87 319
a 74 73 81 191
a 74 75 99 486
a 74 84 93 396
a 75 65 86 381
a 75 74 94 226
a 75 76 82 178
a 75 85 85 152
a 76 66 88 259
a 76 75 81 463
a 76 77 81 459
a 76 86 82 486
a 77 67 96 463
a 77 76 98 420
a 77 78 82 459
a 77 87 91 135
a 78 68 92 136
a 78 77 96 222
a 78 79 94 373
a 78 88 86 99
a 79 69 93 219
a 79 78 85 194
a 79 89 88 375
a 80 70 88 369
a 80 81 88 96
a 80 90 88 95
a 81 71 94 431
a 81 80 98 413
a 81 82 87 472
a 81 91 91 392
a 82 72 84 438
a 82 81 81 143
a 82 83 94 251
a 82 92 94 198
a 83 73 97 376
a 83 82 88 273
a 83 84 81 177
a 83 93 100 271
a 84 74 93 333
a 84 83 83 377
a 84 85 83 199
a 84 94 93 113
a 85 75 96 446
a 85 84 97 362
a 85 86 87 118
a 85 95 99 346
a 86 76 82 252
a 86 85 81 468
a 86 87 84 93
a 86 96 94 216
a 87 77 80 281
a 87 86 87 309
a 87 88 82 149
a 87 97 81 197
a 88 78 88 175
a 88 87 93 469
a 88 89 98 465
a 88 98 91 352
a 89 79 97 185
a 89 88 89 355
a 89 99 92 395
a 90 80 93 418
a 90 91 95 307
a 91 81 88 237
a 91 90 93 393
a 91 92 89 264
a 92 82 86 331
a 92 91 91 368
a 92 93 96 394
a 93 83 96 316
a 93 92 80 253
a 93 94 81 317
a 94 84 98 424
a 94 93 100 165
a 94 95 100 319
a 95 85 97 207
a 95 94 80 193
a 95 96 88 169
a 96 86 82 159
a 96 95 80 185
a 96 97 89 241
a 97 87 93 270
a 97 96 85 283
a 97 98 81 234
a 98 88 99 192
a 98 97 100 423
a 98 99 96 189
a 99 89 80 232
a 99 98 97 286
