c multi commodity flow
c grid10
c
c problem vertices edges commodities
p mcf 625 2400 2000
c
c origin destination demand
k 140 114 71
k 268 96 76
k 318 605 56
k 437 580 58
k 282 366 64
k 396 469 48
k 427 523 38
k 264 364 50
k 199 100 45
k 77 612 16
k 564 272 96
k 555 173 18
k 336 48 72
k 23 579 47
k 222 247 29
k 601 251 98
k 425 589 67
k 389 101 23
k 517 107 75
k 404 490 16
k 399 528 47
k 324 601 91
k 169 250 53
k 603 619 52
k 267 323 71
k 179 594 67
k 571 327 40
k 559 326 79
k 74 478 56
k 406 300 93
k 292 352 44
k 308 585 54
k 120 509 84
k 197 319 47
k 273 278 46
k 560 272 63
k 47 453 93
k 494 170 21
k 52 505 25
k 201 584 49
k 100 345 14
k 72 320 67
k 43 419 92
k 458 98 11
k 43 240 68
k 558 358 89
k 187 551 85
k 218 491 100
k 296 583 20
k 339 70 80
k 8 479 70
k 388 120 49
k 133 513 99
k 109 456 29
k 406 527 46
k 534 489 50
k 15 144 11
k 1 182 62
k 314 38 30
k 79 307 97
k 406 36 33
k 419 143 69
k 451 266 54
k 404 286 81
k 379 154 76
k 281 367 77
k 424 275 26
k 151 246 98
k 250 277 68
k 412 74 96
k 137 170 37
k 52 448 87
k 286 400 57
k 157 116 67
k 532 15 87
k 219 585 68
k 362 586 75
k 601 486 68
k 248 35 94
k 603 214 25
k 102 86 44
k 572 245 76
k 75 451 36
k 33 342 35
k 3 153 22
k 75 56 53
k 556 290 24
k 190 542 82
k 592 384 14
k 448 304 21
k 241 406 70
k 546 75 59
k 99 522 77
k 279 608 85
k 559 37 54
k 609 523 13
k 205 32 39
k 110 586 71
k 450 275 22
k 529 278 69
k 340 527 21
k 593 179 85
k 461 14 68
k 138 269 90
k 99 227 76
k 265 6 32
k 81 258 91
k 606 18 34
k 250 522 50
k 82 77 53
k 514 478 47
k 40 293 63
k 19 72 63
k 279 453 71
k 423 393 83
k 336 181 45
k 504 281 78
k 422 290 64
k 586 257 87
k 353 496 84
k 38 58 54
k 118 136 70
k 619 506 33
k 219 75 21
k 93 580 59
k 611 136 73
k 596 107 96
k 604 12 93
k 37 481 15
k 345 285 64
k 85 92 49
k 494 516 35
k 609 308 83
k 370 389 64
k 555 358 55
k 450 415 97
k 32 396 25
k 156 214 22
k 550 607 14
k 492 280 84
k 130 396 49
k 323 26 20
k 215 360 57
k 235 408 66
k 124 245 59
k 344 110 77
k 192 190 38
k 402 283 37
k 472 151 87
k 238 75 49
k 210 350 96
k 220 122 13
k 49 38 67
k 556 321 20
k 524 181 42
k 462 497 12
k 292 393 38
k 303 197 53
k 291 119 81
k 364 26 48
k 217 572 100
k 223 238 46
k 373 304 15
k 79 228 30
k 312 270 36
k 461 508 21
k 315 97 53
k 20 67 72
k 481 204 94
k 38 551 46
k 105 31 21
k 609 497 11
k 14 230 43
k 278 504 34
k 202 485 86
k 58 302 83
k 400 290 63
k 230 98 59
k 455 487 73
k 564 415 32
k 207 557 59
k 622 104 80
k 135 313 33
k 534 506 25
k 347 549 44
k 8 465 81
k 342 30 33
k 121 32 35
k 192 441 82
k 255 290 42
k 368 164 35
k 158 21 71
k 363 604 85
k 56 184 47
k 542 374 86
k 545 305 63
k 169 103 26
k 471 243 27
k 13 450 62
k 48 335 91
k 494 182 75
k 570 420 67
k 100 138 81
k 414 168 30
k 130 334 15
k 290 335 64
k 447 232 39
k 548 396 93
k 103 496 73
k 472 264 24
k 469 191 77
k 511 89 26
k 225 88 100
k 311 347 51
k 195 339 92
k 455 288 26
k 554 550 29
k 294 392 58
k 515 167 12
k 520 237 70
k 126 245 87
k 252 438 55
k 46 156 11
k 546 139 18
k 624 233 82
k 602 77 50
k 503 527 52
k 10 134 28
k 491 419 30
k 143 455 63
k 288 584 18
k 154 516 72
k 271 213 82
k 356 62 90
k 69 172 62
k 600 413 63
k 294 63 45
k 213 118 80
k 43 53 31
k 540 548 97
k 269 510 49
k 180 42 21
k 174 220 13
k 540 440 81
k 6 125 58
k 124 588 75
k 238 60 17
k 144 199 43
k 129 556 30
k 382 295 42
k 374 464 89
k 410 20 45
k 244 216 92
k 16 167 77
k 580 507 94
k 156 422 60
k 478 572 23
k 492 225 83
k 290 320 24
k 365 553 46
k 160 605 15
k 38 279 28
k 420 249 95
k 193 539 34
k 40 330 91
k 428 230 30
k 522 586 42
k 586 538 56
k 206 38 62
k 236 329 43
k 115 407 18
k 90 586 94
k 585 162 59
k 289 193 65
k 6 299 79
k 282 494 78
k 311 107 46
k 476 14 80
k 329 344 69
k 460 585 65
k 27 390 94
k 504 242 92
k 485 616 28
k 286 12 89
k 286 208 84
k 30 69 13
k 216 565 61
k 619 335 90
k 113 373 96
k 118 361 35
k 123 179 56
k 4 469 32
k 136 623 47
k 202 119 64
k 220 537 96
k 177 55 83
k 611 619 22
k 12 236 36
k 483 400 40
k 531 484 70
k 612 519 40
k 8 516 43
k 100 194 29
k 558 19 57
k 599 427 66
k 414 585 99
k 613 46 38
k 189 350 95
k 609 520 17
k 100 322 25
k 190 185 71
k 515 617 77
k 304 208 61
k 486 109 63
k 405 616 76
k 291 107 71
k 619 389 23
k 86 558 51
k 386 216 42
k 457 51 45
k 319 540 64
k 168 547 32
k 52 272 93
k 377 76 61
k 451 35 55
k 600 292 49
k 622 201 97
k 438 378 90
k 144 219 71
k 575 273 17
k 99 370 96
k 576 312 17
k 603 139 37
k 596 287 45
k 183 536 91
k 558 522 37
k 269 420 42
k 375 44 13
k 589 105 57
k 232 483 64
k 91 49 26
k 51 541 50
k 152 461 37
k 152 563 12
k 624 554 18
k 14 163 59
k 54 550 18
k 186 469 92
k 532 490 53
k 507 342 31
k 446 360 75
k 258 65 43
k 83 312 69
k 19 347 30
k 167 352 32
k 204 53 21
k 458 570 80
k 530 442 43
k 209 229 26
k 393 378 88
k 594 378 91
k 490 447 31
k 5 103 53
k 93 96 49
k 502 328 88
k 472 461 88
k 314 568 61
k 242 311 59
k 286 569 84
k 504 159 72
k 537 375 29
k 93 192 88
k 53 85 15
k 273 277 47
k 473 69 48
k 20 149 98
k 558 394 21
k 571 220 84
k 609 310 39
k 585 316 81
k 407 336 86
k 315 397 54
k 335 99 19
k 139 297 42
k 285 157 17
k 5 85 16
k 31 502 96
k 458 198 41
k 25 319 11
k 320 68 47
k 192 358 35
k 158 144 36
k 250 114 79
k 477 214 14
k 398 176 79
k 405 186 78
k 18 256 14
k 46 618 32
k 44 84 93
k 167 294 63
k 319 169 75
k 103 221 43
k 524 542 57
k 511 468 53
k 503 382 98
k 528 282 57
k 146 426 57
k 210 31 84
k 592 123 96
k 590 375 41
k 232 568 14
k 268 525 35
k 309 533 59
k 247 514 92
k 544 493 80
k 264 12 88
k 292 466 35
k 549 224 62
k 5 177 64
k 380 74 24
k 48 276 81
k 586 32 79
k 218 199 67
k 126 204 31
k 17 593 18
k 601 562 50
k 250 236 64
k 125 240 22
k 415 206 96
k 592 347 52
k 207 524 70
k 487 548 39
k 470 67 58
k 286 20 41
k 161 600 71
k 251 592 95
k 105 47 86
k 406 278 74
k 99 585 90
k 167 610 56
k 177 428 95
k 517 5 11
k 578 571 28
k 181 157 60
k 205 420 56
k 237 78 73
k 376 240 93
k 150 94 25
k 314 45 79
k 332 506 58
k 199 533 18
k 132 554 69
k 80 165 37
k 515 160 18
k 617 122 54
k 45 207 56
k 391 149 82
k 437 505 37
k 153 379 17
k 34 599 88
k 362 446 36
k 83 74 93
k 445 341 44
k 87 266 42
k 429 157 82
k 428 500 90
k 55 367 33
k 245 529 99
k 548 45 22
k 568 198 46
k 66 362 71
k 566 161 72
k 229 416 60
k 308 262 74
k 552 15 16
k 315 209 15
k 587 566 31
k 44 559 55
k 438 49 54
k 547 551 29
k 146 496 25
k 48 574 69
k 468 51 71
k 167 71 26
k 199 313 38
k 368 495 59
k 531 13 91
k 268 176 68
k 208 536 89
k 323 207 53
k 445 526 71
k 581 411 52
k 301 595 41
k 63 442 57
k 459 0 51
k 330 266 11
k 99 623 27
k 43 4 28
k 559 109 25
k 469 302 62
k 298 70 91
k 251 191 50
k 467 333 90
k 188 450 78
k 2 110 40
k 57 326 34
k 51 294 35
k 327 483 44
k 601 268 82
k 502 520 48
k 149 139 39
k 309 509 71
k 427 589 25
k 529 600 69
k 412 158 94
k 607 239 37
k 385 407 28
k 232 43 74
k 406 516 81
k 504 501 87
k 393 47 50
k 109 363 83
k 585 421 26
k 7 136 70
k 581 256 13
k 29 433 64
k 10 103 23
k 62 487 41
k 227 69 50
k 30 531 54
k 522 543 72
k 564 619 87
k 226 422 85
k 391 622 28
k 529 586 40
k 297 494 82
k 219 453 93
k 619 528 55
k 595 126 82
k 168 217 44
k 544 56 92
k 392 613 15
k 236 243 18
k 146 92 99
k 133 10 61
k 241 32 29
k 3 233 83
k 616 232 80
k 521 110 93
k 18 524 72
k 124 538 92
k 443 71 21
k 210 398 72
k 406 319 16
k 405 257 77
k 597 289 48
k 200 260 85
k 551 493 99
k 165 137 60
k 607 611 19
k 521 515 46
k 174 229 92
k 414 334 48
k 468 370 30
k 477 130 26
k 499 193 53
k 163 98 75
k 257 304 68
k 563 180 17
k 486 479 25
k 326 556 96
k 81 582 21
k 618 440 86
k 197 455 51
k 233 230 37
k 124 420 33
k 333 614 33
k 290 95 96
k 210 104 61
k 277 533 65
k 392 319 14
k 85 126 11
k 252 373 89
k 380 21 20
k 392 468 91
k 86 573 12
k 105 53 86
k 553 196 92
k 560 170 83
k 146 36 97
k 176 352 65
k 147 69 79
k 282 525 100
k 398 275 63
k 451 472 38
k 410 379 33
k 477 82 82
k 532 325 59
k 588 481 60
k 44 261 83
k 310 193 66
k 162 315 13
k 255 576 47
k 604 306 91
k 301 36 53
k 223 503 22
k 359 106 40
k 288 482 38
k 432 174 29
k 41 43 57
k 497 48 86
k 590 432 100
k 312 35 74
k 617 374 74
k 162 451 21
k 590 604 29
k 6 58 50
k 35 275 47
k 258 275 40
k 248 490 57
k 464 155 69
k 283 562 36
k 603 510 19
k 591 537 60
k 273 207 35
k 137 500 66
k 595 519 69
k 285 279 83
k 175 518 22
k 275 149 25
k 583 358 29
k 234 495 62
k 199 438 53
k 286 76 82
k 517 253 24
k 65 53 27
k 221 564 36
k 600 178 18
k 266 12 44
k 41 266 76
k 52 507 57
k 246 281 53
k 75 164 64
k 349 528 46
k 494 114 70
k 371 510 32
k 537 90 94
k 79 574 60
k 214 510 83
k 22 353 93
k 559 589 43
k 343 613 88
k 494 362 67
k 380 37 27
k 192 508 67
k 585 213 41
k 9 39 91
k 490 47 52
k 385 560 18
k 410 142 95
k 264 343 44
k 364 562 30
k 254 555 91
k 529 423 66
k 328 98 63
k 102 340 41
k 545 454 52
k 600 209 15
k 367 489 52
k 229 293 13
k 130 491 51
k 596 213 89
k 493 228 68
k 379 82 85
k 231 274 73
k 143 152 73
k 613 366 46
k 618 277 59
k 302 602 85
k 334 353 94
k 388 139 75
k 487 296 89
k 67 482 84
k 296 374 54
k 394 214 46
k 383 438 82
k 563 527 22
k 477 265 58
k 311 606 70
k 222 358 49
k 449 496 81
k 585 448 50
k 234 243 56
k 23 423 52
k 410 290 20
k 373 211 29
k 290 472 18
k 463 171 95
k 62 282 55
k 576 173 35
k 295 91 40
k 546 326 38
k 177 297 89
k 342 592 24
k 262 450 35
k 441 68 78
k 256 623 32
k 314 240 76
k 355 93 22
k 376 401 57
k 531 622 100
k 209 232 84
k 487 597 62
k 533 326 44
k 285 182 49
k 65 10 63
k 27 588 46
k 305 380 90
k 330 221 100
k 244 520 59
k 317 208 99
k 0 291 66
k 278 608 84
k 601 519 77
k 461 523 68
k 242 274 95
k 328 441 24
k 169 416 91
k 333 133 38
k 252 236 68
k 67 324 100
k 279 230 100
k 29 358 76
k 267 162 89
k 257 321 80
k 567 434 17
k 327 15 60
k 549 325 84
k 129 99 37
k 176 383 89
k 246 516 51
k 342 214 45
k 502 573 78
k 480 614 98
k 35 452 78
k 491 445 56
k 262 429 19
k 386 581 23
k 49 377 63
k 583 319 41
k 272 604 61
k 541 605 40
k 92 80 26
k 561 262 76
k 365 82 56
k 620 243 45
k 314 324 29
k 194 581 51
k 372 464 65
k 410 601 64
k 106 75 87
k 81 145 67
k 208 189 42
k 101 284 38
k 475 582 55
k 80 164 68
k 592 210 94
k 507 19 76
k 77 457 62
k 100 442 96
k 59 143 63
k 506 28 11
k 386 608 85
k 379 130 48
k 451 449 38
k 536 156 94
k 194 61 24
k 574 374 30
k 298 279 22
k 77 615 18
k 535 269 41
k 411 255 17
k 171 298 79
k 437 206 21
k 227 183 23
k 589 280 95
k 10 114 99
k 162 506 65
k 0 328 75
k 434 460 80
k 25 265 43
k 8 390 47
k 409 22 92
k 388 350 64
k 190 251 80
k 416 608 100
k 253 348 58
k 187 595 55
k 524 61 50
k 319 315 48
k 54 168 15
k 193 220 63
k 313 458 71
k 188 246 78
k 465 261 84
k 488 467 90
k 358 68 33
k 61 73 45
k 154 388 32
k 194 46 92
k 129 171 70
k 440 258 18
k 526 619 20
k 373 90 95
k 181 247 91
k 550 319 35
k 588 461 45
k 468 566 91
k 447 164 31
k 600 64 45
k 566 263 80
k 408 178 66
k 392 199 70
k 39 89 73
k 72 302 32
k 185 269 71
k 404 391 42
k 328 599 63
k 75 157 87
k 300 372 35
k 391 418 80
k 451 470 69
k 79 18 36
k 497 303 63
k 593 258 97
k 588 605 49
k 388 286 16
k 182 196 99
k 577 322 56
k 279 388 38
k 256 504 19
k 464 236 52
k 174 57 73
k 257 31 57
k 527 203 50
k 561 254 81
k 200 596 62
k 536 123 51
k 323 213 11
k 407 307 75
k 470 451 16
k 164 545 46
k 150 146 18
k 320 533 75
k 449 444 20
k 2 63 99
k 324 600 30
k 184 157 53
k 48 6 100
k 170 25 40
k 240 181 59
k 269 187 85
k 277 401 77
k 395 317 26
k 497 234 24
k 509 296 39
k 33 146 74
k 549 417 16
k 275 535 40
k 360 63 95
k 582 52 39
k 208 557 87
k 121 81 44
k 443 57 29
k 285 26 17
k 164 198 54
k 8 587 99
k 580 455 48
k 497 65 81
k 345 103 55
k 354 593 73
k 438 156 11
k 180 84 27
k 189 196 15
k 229 290 51
k 514 347 77
k 168 380 66
k 311 112 17
k 424 582 83
k 295 486 16
k 252 502 51
k 257 272 25
k 14 257 84
k 80 11 94
k 14 203 52
k 561 373 94
k 308 398 25
k 172 22 64
k 326 233 11
k 147 617 50
k 461 530 51
k 183 92 90
k 219 423 37
k 409 97 48
k 520 27 42
k 267 89 97
k 373 303 51
k 153 146 83
k 530 506 54
k 173 302 66
k 465 322 86
k 223 183 51
k 257 237 76
k 418 355 81
k 361 180 17
k 116 137 52
k 620 50 78
k 219 222 40
k 518 457 55
k 423 91 95
k 157 518 61
k 252 67 100
k 334 299 40
k 258 601 81
k 127 518 96
k 480 344 41
k 426 467 51
k 401 587 19
k 289 73 45
k 506 144 74
k 99 145 81
k 62 9 14
k 245 84 43
k 198 211 96
k 327 550 46
k 486 457 63
k 251 601 88
k 520 500 12
k 408 1 45
k 196 256 12
k 119 237 81
k 469 556 21
k 489 360 47
k 79 339 65
k 134 258 100
k 28 110 64
k 609 121 21
k 615 609 53
k 105 323 98
k 51 35 19
k 337 329 40
k 88 543 83
k 461 33 68
k 239 426 36
k 290 451 18
k 450 16 62
k 273 136 40
k 479 335 82
k 213 411 58
k 286 344 16
k 493 51 54
k 479 286 47
k 538 268 85
k 331 269 15
k 391 555 19
k 464 250 32
k 246 621 92
k 337 18 28
k 517 170 44
k 361 423 20
k 419 242 30
k 248 31 43
k 138 352 82
k 232 7 69
k 79 244 53
k 120 612 53
k 615 504 96
k 23 93 49
k 574 49 57
k 462 349 69
k 180 427 27
k 138 193 66
k 87 95 21
k 601 192 19
k 300 610 80
k 265 180 48
k 180 277 99
k 462 394 70
k 364 456 48
k 473 287 11
k 318 326 88
k 255 336 51
k 251 481 78
k 132 291 94
k 387 500 80
k 345 320 47
k 4 467 80
k 554 564 84
k 307 25 53
k 151 349 35
k 545 206 92
k 23 457 51
k 491 413 25
k 242 597 85
k 292 465 60
k 239 472 90
k 364 491 46
k 217 472 80
k 358 175 70
k 357 564 77
k 593 243 38
k 290 339 35
k 58 594 61
k 118 376 50
k 597 306 23
k 423 321 53
k 417 585 39
k 162 33 41
k 119 479 27
k 532 233 88
k 523 611 83
k 371 405 66
k 181 327 99
k 14 64 17
k 48 243 12
k 584 216 96
k 323 252 17
k 101 80 76
k 278 513 65
k 174 162 75
k 591 473 16
k 411 573 18
k 91 286 21
k 186 164 78
k 145 36 36
k 91 324 19
k 501 481 25
k 156 545 53
k 343 191 88
k 536 74 49
k 422 328 82
k 184 126 52
k 435 495 45
k 87 59 40
k 415 102 44
k 394 172 20
k 572 86 16
k 183 397 81
k 206 151 27
k 211 282 54
k 282 23 69
k 251 276 78
k 465 31 22
k 217 173 35
k 237 353 78
k 188 336 99
k 269 70 80
k 273 331 70
k 458 320 14
k 203 464 45
k 120 430 93
k 420 456 95
k 298 377 11
k 18 499 21
k 65 592 31
k 108 573 23
k 211 19 54
k 315 453 64
k 275 601 86
k 406 596 14
k 14 133 93
k 285 258 65
k 520 124 65
k 356 95 100
k 553 105 54
k 444 608 59
k 267 396 98
k 253 317 17
k 334 259 90
k 178 570 23
k 216 105 93
k 518 186 76
k 277 512 28
k 442 387 62
k 119 311 25
k 192 224 63
k 44 170 44
k 443 147 52
k 577 52 14
k 591 497 70
k 336 388 87
k 607 257 51
k 531 246 20
k 21 260 52
k 250 473 98
k 41 619 15
k 27 37 15
k 119 427 34
k 325 159 55
k 165 98 50
k 588 68 89
k 303 274 26
k 368 307 95
k 217 45 71
k 265 583 94
k 302 126 28
k 209 389 27
k 59 333 41
k 94 88 83
k 369 201 84
k 579 223 95
k 374 423 84
k 269 601 67
k 389 471 49
k 397 559 55
k 32 177 41
k 255 215 78
k 615 472 21
k 154 614 46
k 117 423 98
k 537 260 52
k 250 165 18
k 186 275 54
k 3 491 74
k 223 283 70
k 347 164 31
k 390 70 99
k 592 233 83
k 64 16 11
k 373 558 28
k 185 388 92
k 121 616 54
k 129 292 72
k 546 381 49
k 271 524 68
k 125 392 33
k 425 201 30
k 521 90 47
k 598 298 92
k 113 450 90
k 594 584 49
k 305 365 79
k 497 448 93
k 404 225 44
k 93 523 13
k 201 202 49
k 365 167 16
k 430 254 77
k 606 52 85
k 66 105 48
k 243 474 76
k 86 274 32
k 244 119 37
k 291 251 53
k 295 563 82
k 184 68 72
k 0 530 28
k 402 37 22
k 406 178 44
k 201 577 57
k 168 27 21
k 224 139 57
k 170 150 23
k 18 613 37
k 301 477 77
k 95 369 41
k 206 421 19
k 97 437 21
k 419 582 54
k 90 72 49
k 474 169 93
k 514 48 14
k 177 458 53
k 382 6 37
k 275 607 87
k 195 301 58
k 567 610 49
k 159 534 11
k 593 96 32
k 523 345 30
k 497 420 51
k 386 91 100
k 355 235 64
k 274 119 25
k 316 286 43
k 324 10 90
k 383 96 53
k 425 138 65
k 256 20 44
k 578 274 16
k 359 379 88
k 190 443 60
k 231 174 97
k 100 433 32
k 93 276 54
k 299 314 24
k 225 119 68
k 547 219 46
k 404 86 74
k 514 5 41
k 193 186 45
k 409 374 59
k 524 476 39
k 526 461 47
k 593 451 72
k 436 94 80
k 471 196 19
k 591 411 33
k 597 331 75
k 290 338 95
k 297 621 30
k 433 549 92
k 91 338 77
k 428 50 41
k 282 210 63
k 268 435 92
k 27 147 17
k 413 163 83
k 230 355 14
k 606 345 49
k 347 580 100
k 152 549 89
k 54 82 54
k 300 557 51
k 47 543 80
k 254 415 90
k 451 483 15
k 135 318 17
k 482 259 15
k 512 439 16
k 218 53 32
k 174 228 23
k 221 577 20
k 291 244 94
k 49 20 50
k 177 58 61
k 538 438 47
k 340 139 69
k 374 455 45
k 388 256 75
k 571 289 11
k 278 28 48
k 86 423 67
k 368 570 73
k 127 547 37
k 532 389 94
k 509 517 72
k 320 284 74
k 394 147 53
k 455 548 95
k 80 507 79
k 577 568 70
k 436 227 53
k 393 385 92
k 455 21 92
k 575 190 30
k 529 246 90
k 1 500 90
k 341 487 100
k 353 474 99
k 190 481 100
k 56 490 17
k 419 0 47
k 174 306 84
k 461 273 74
k 608 617 25
k 302 442 29
k 228 592 82
k 12 560 94
k 386 460 88
k 66 220 23
k 210 363 54
k 534 169 53
k 240 376 22
k 423 71 27
k 113 186 32
k 371 25 97
k 537 610 28
k 592 152 22
k 123 605 65
k 484 276 29
k 209 356 24
k 421 549 20
k 291 39 40
k 376 368 11
k 61 354 37
k 135 314 97
k 273 181 31
k 379 71 59
k 62 474 74
k 409 152 66
k 351 408 94
k 454 281 81
k 129 579 66
k 570 503 95
k 344 47 22
k 97 189 72
k 587 504 49
k 71 461 96
k 232 47 20
k 339 351 65
k 119 48 77
k 623 460 93
k 612 367 59
k 572 566 66
k 576 271 57
k 76 94 38
k 98 110 30
k 558 7 34
k 5 492 75
k 128 222 36
k 240 285 85
k 118 459 18
k 543 55 60
k 193 75 67
k 97 613 57
k 596 137 75
k 34 533 52
k 132 413 76
k 390 244 35
k 611 194 92
k 275 551 13
k 445 325 64
k 2 60 91
k 186 109 13
k 111 140 90
k 101 571 50
k 390 176 71
k 141 347 70
k 52 569 91
k 0 459 98
k 25 315 46
k 209 343 74
k 361 313 77
k 363 527 72
k 72 423 92
k 280 203 70
k 548 590 92
k 42 503 50
k 297 446 78
k 80 425 50
k 355 515 56
k 417 463 76
k 151 388 37
k 464 529 48
k 142 308 85
k 7 277 68
k 280 189 70
k 369 280 27
k 146 78 100
k 588 254 26
k 34 553 93
k 103 12 47
k 285 155 65
k 298 583 76
k 595 512 12
k 28 624 69
k 585 467 94
k 179 612 66
k 547 350 74
k 299 364 31
k 159 563 38
k 237 556 31
k 394 50 100
k 104 229 24
k 448 289 46
k 227 411 80
k 331 21 53
k 181 107 23
k 13 208 12
k 2 572 38
k 285 511 98
k 191 599 82
k 354 526 19
k 242 165 88
k 289 209 87
k 343 152 97
k 37 113 59
k 296 72 46
k 178 453 50
k 106 575 23
k 352 7 59
k 182 448 50
k 456 535 100
k 268 550 44
k 416 487 15
k 377 305 27
k 172 534 65
k 560 232 20
k 563 486 20
k 165 220 67
k 535 282 37
k 361 285 62
k 56 297 62
k 74 124 11
k 119 263 15
k 308 325 42
k 484 89 100
k 410 87 66
k 362 571 85
k 471 124 39
k 223 202 39
k 159 452 64
k 363 588 27
k 408 409 100
k 98 104 95
k 166 471 69
k 286 508 83
k 512 378 38
k 616 94 96
k 455 542 31
k 515 491 57
k 590 624 75
k 276 148 99
k 1 338 40
k 226 456 85
k 81 471 99
k 349 621 72
k 53 414 27
k 38 49 94
k 238 287 31
k 600 431 99
k 572 217 36
k 523 527 11
k 175 292 75
k 120 577 38
k 264 83 72
k 618 617 77
k 227 146 19
k 237 505 12
k 384 140 38
k 213 570 12
k 151 234 37
k 537 143 98
k 306 587 19
k 338 238 67
k 620 185 12
k 603 136 75
k 27 7 73
k 224 384 97
k 534 519 90
k 372 617 13
k 98 565 62
k 275 543 57
k 474 481 42
k 460 389 50
k 405 498 24
k 243 173 27
k 448 449 34
k 369 2 59
k 165 251 18
k 384 130 32
k 386 97 25
k 298 592 40
k 566 155 96
k 505 605 88
k 272 77 56
k 86 82 86
k 528 391 79
k 318 52 23
k 263 281 56
k 396 518 26
k 150 507 52
k 381 608 60
k 158 556 13
k 290 598 91
k 451 463 71
k 160 174 59
k 462 83 27
k 52 319 39
k 193 503 25
k 9 401 62
k 33 24 100
k 279 546 53
k 301 559 96
k 455 127 14
k 34 21 86
k 488 50 31
k 407 232 90
k 602 381 40
k 461 45 17
k 116 322 43
k 515 73 36
k 287 503 78
k 198 39 49
k 172 70 23
k 462 192 64
k 298 248 42
k 617 96 68
k 291 361 33
k 173 54 83
k 285 536 43
k 563 518 15
k 66 414 47
k 236 483 41
k 560 237 47
k 238 94 37
k 53 8 72
k 190 486 40
k 536 386 22
k 567 81 27
k 46 406 86
k 306 546 83
k 619 88 44
k 565 353 77
k 42 366 76
k 481 613 11
k 314 535 69
k 540 194 39
k 237 384 90
k 175 74 16
k 598 116 97
k 519 209 23
k 462 515 67
k 495 432 41
k 214 175 68
k 493 317 88
k 408 525 69
k 483 468 81
k 169 31 49
k 608 315 72
k 430 209 38
k 600 241 54
k 470 191 50
k 396 470 58
k 523 538 88
k 445 592 81
k 270 477 15
k 193 490 76
k 374 305 71
k 586 103 20
k 437 141 59
k 60 607 14
k 604 212 68
k 537 576 12
k 360 438 58
k 621 605 20
k 594 307 92
k 269 480 51
k 496 465 90
k 509 526 35
k 503 204 26
k 402 538 84
k 601 504 36
k 455 149 100
k 382 517 60
k 337 297 85
k 139 549 16
k 583 333 70
k 233 549 38
k 124 475 71
k 209 118 58
k 326 213 12
k 179 43 56
k 297 544 62
k 338 163 46
k 28 198 19
k 207 44 92
k 486 89 30
k 106 60 46
k 512 397 83
k 532 48 93
k 415 305 28
k 220 486 95
k 316 38 20
k 163 234 32
k 336 391 76
k 483 161 77
k 623 13 92
k 351 348 89
k 137 211 18
k 536 389 33
k 80 365 57
k 500 255 16
k 433 244 90
k 179 386 95
k 160 462 16
k 85 6 11
k 488 181 55
k 177 437 22
k 152 565 43
k 419 43 77
k 35 315 13
k 334 263 60
k 538 29 89
k 441 26 17
k 468 218 93
k 114 251 30
k 95 215 33
k 354 21 22
k 593 85 71
k 485 433 86
k 489 480 87
k 411 37 28
k 546 501 84
k 379 492 47
k 579 326 19
k 578 402 48
k 302 394 54
k 193 55 20
k 431 449 81
k 208 210 28
k 145 146 84
k 99 60 29
k 386 135 31
k 359 93 78
k 141 294 62
k 600 66 16
k 209 7 62
k 382 281 70
k 360 263 21
k 576 422 96
k 506 64 86
k 155 218 86
k 143 68 27
k 283 433 88
k 193 141 41
k 229 65 94
k 31 64 53
k 537 353 44
k 519 616 63
k 210 277 71
k 480 401 30
k 139 104 52
k 16 504 39
k 620 184 67
k 221 295 66
k 13 465 28
k 37 247 22
k 98 315 60
k 282 389 84
k 156 583 35
k 155 417 99
k 116 571 53
k 402 244 65
k 126 433 22
k 575 503 94
k 416 553 85
k 505 456 20
k 146 611 50
k 376 191 85
k 524 205 67
k 380 474 64
k 353 194 40
k 200 173 78
k 443 278 71
k 46 245 37
k 183 173 73
k 205 409 74
k 462 621 90
k 178 349 28
k 156 306 68
k 16 314 69
k 343 204 52
k 445 544 71
k 557 21 31
k 213 29 39
k 319 0 97
k 145 110 52
k 520 585 68
k 242 362 92
k 416 153 96
k 219 549 46
k 145 430 20
k 400 583 32
k 528 29 59
k 415 285 51
k 404 222 51
k 275 401 31
k 102 62 16
k 492 330 37
k 405 60 52
k 250 386 81
k 84 594 67
k 45 5 13
k 311 230 46
k 240 407 35
k 156 154 44
k 548 93 35
k 315 381 94
k 553 543 59
k 565 309 20
k 257 176 76
k 88 224 56
k 158 8 56
k 123 197 37
k 252 396 59
k 480 404 20
k 74 427 48
k 158 621 25
k 238 528 17
k 83 514 87
k 92 227 29
k 253 321 97
k 94 370 11
k 553 94 53
k 274 567 79
k 234 37 54
k 472 574 29
k 438 375 91
k 226 90 60
k 89 423 53
k 303 284 85
k 173 24 81
k 18 397 31
k 369 366 35
k 512 157 91
k 446 301 29
k 81 555 84
k 83 254 29
k 558 564 82
k 309 175 48
k 611 535 41
k 87 611 84
k 417 350 74
k 518 317 28
k 450 325 98
k 277 65 75
k 578 22 68
k 413 244 24
k 181 276 35
k 65 160 14
k 277 29 21
k 558 443 48
k 542 282 76
k 211 26 52
k 505 368 57
k 514 331 48
k 69 513 55
k 227 264 40
k 74 42 76
k 88 424 47
k 537 546 68
k 40 527 93
k 251 583 28
k 522 313 37
k 387 573 51
k 205 99 96
k 97 505 42
k 71 169 63
k 324 82 30
k 436 521 44
k 207 414 21
k 112 603 91
k 80 67 82
k 430 187 38
k 168 505 67
k 476 361 16
k 432 371 84
k 545 338 27
k 534 242 45
k 178 462 93
k 490 549 85
k 232 286 99
k 424 304 26
k 72 591 54
k 580 429 21
k 591 16 95
k 305 351 11
k 475 106 59
k 119 17 56
k 186 499 74
k 441 183 42
k 283 77 60
k 196 548 89
k 482 476 36
k 182 357 93
k 3 611 78
k 249 63 83
k 62 63 70
k 466 454 45
k 221 499 39
k 410 342 97
k 213 551 66
k 326 431 31
k 436 303 68
k 185 429 63
k 434 126 57
k 388 142 92
k 245 29 76
k 564 189 84
k 369 425 92
k 585 102 30
k 348 222 64
k 418 468 84
k 302 186 96
k 473 68 95
k 30 504 73
k 418 224 37
k 380 570 68
k 13 380 86
k 73 478 90
k 267 3 74
k 87 616 47
k 199 212 60
k 96 502 55
k 585 332 75
k 37 498 38
k 532 144 63
k 57 581 88
k 421 307 37
k 113 381 99
k 62 70 70
k 10 88 35
k 420 196 93
k 332 316 83
k 6 134 89
k 117 221 79
k 597 377 60
k 20 413 41
k 465 565 83
k 55 141 59
k 62 426 37
k 530 213 84
k 309 368 55
k 429 561 61
k 128 38 41
k 212 259 72
k 267 107 60
k 343 131 31
k 38 619 36
k 0 400 13
k 170 607 15
k 604 247 47
k 490 461 22
k 201 332 91
k 367 330 71
k 475 502 81
k 452 469 37
k 588 42 30
k 144 109 80
k 559 419 21
k 554 234 99
k 16 19 61
k 46 498 68
k 375 296 94
k 432 165 93
k 168 167 29
k 306 434 82
k 62 568 52
k 204 96 20
k 266 395 89
k 399 582 62
k 418 2 50
k 359 483 92
k 423 56 18
k 459 70 48
k 205 439 25
k 369 262 54
k 252 510 85
k 311 233 50
k 483 201 76
k 314 537 18
k 572 42 27
k 399 242 77
k 495 578 75
k 379 428 34
k 445 118 98
k 16 548 46
k 332 294 38
k 98 533 19
k 222 555 30
k 227 124 26
k 13 83 63
k 5 266 68
k 568 0 14
k 236 589 78
k 526 452 38
k 595 110 68
k 35 165 85
k 180 255 70
k 57 608 15
k 153 613 22
k 18 104 34
k 497 394 78
k 365 267 38
k 245 247 37
k 19 220 90
k 253 67 11
k 409 168 89
k 430 196 39
k 188 412 82
k 208 552 44
k 318 514 92
k 359 91 54
k 283 193 35
k 502 90 59
k 309 28 23
k 199 233 50
k 186 158 85
k 5 616 31
k 141 476 58
k 44 585 75
k 461 154 52
k 316 318 19
k 593 590 95
k 500 207 47
k 596 409 71
k 216 557 71
k 41 507 13
k 112 515 36
k 311 333 11
k 438 381 47
k 134 8 98
k 569 441 18
k 287 6 71
k 177 273 49
k 512 451 32
k 346 604 34
k 236 311 97
k 208 258 89
k 323 536 100
k 229 209 14
k 18 489 14
k 284 258 57
k 220 174 44
k 129 25 95
k 477 306 12
k 50 294 68
k 104 114 25
k 7 156 71
k 341 3 54
k 533 334 62
k 54 326 32
k 558 344 66
k 221 201 75
k 436 500 25
k 302 436 29
k 239 257 69
k 53 569 79
k 542 165 55
k 233 212 54
k 535 3 76
k 396 54 44
k 467 420 14
k 371 255 61
k 409 200 79
k 190 586 25
k 432 325 64
k 453 283 55
k 601 598 47
k 119 216 98
k 428 150 37
k 70 168 36
k 592 318 24
k 445 65 77
k 65 163 96
k 582 469 45
k 127 590 46
k 582 437 91
k 216 42 99
k 429 139 92
k 19 563 92
k 514 477 59
k 398 588 36
k 29 13 76
k 360 174 38
k 100 456 57
k 486 325 30
k 269 383 22
k 236 34 13
k 99 461 64
k 66 527 22
k 157 26 27
k 208 453 39
k 335 193 78
k 297 22 58
k 135 601 49
k 387 169 83
k 100 511 94
k 325 177 46
k 370 38 18
k 386 35 26
k 568 188 39
k 609 167 69
k 534 87 52
k 217 365 55
k 591 399 36
k 230 435 40
k 374 399 75
k 287 297 66
k 11 387 19
k 515 68 63
k 93 556 53
k 196 392 50
k 602 588 84
k 177 370 83
k 476 545 76
k 102 571 25
k 50 420 22
k 580 362 27
k 509 468 49
k 624 229 60
k 314 122 72
k 42 239 12
k 568 619 23
k 34 133 35
k 156 113 73
k 177 376 97
k 177 202 24
c
c source target cost capacity
a 0 1 91 1663
a 0 25 97 1810
a 1 0 95 1629
a 1 2 82 1665
a 1 26 92 1677
a 2 1 85 1879
a 2 3 95 1942
a 2 27 97 1816
a 3 2 93 1702
a 3 4 83 1669
a 3 28 85 1719
a 4 3 99 1668
a 4 5 87 1637
a 4 29 80 1654
a 5 4 85 2009
a 5 6 98 1838
a 5 30 88 1781
a 6 5 93 1969
a 6 7 84 1951
a 6 31 85 1750
a 7 6 81 1876
a 7 8 96 1684
a 7 32 96 1810
a 8 7 88 1808
a 8 9 87 1721
a 8 33 98 1912
a 9 8 84 1736
a 9 10 97 1945
a 9 34 100 1795
a 10 9 83 1809
a 10 11 99 1743
a 10 35 94 1940
a 11 10 88 1679
a 11 12 86 1924
a 11 36 96 1830
a 12 11 83 1827
a 12 13 98 1903
a 12 37 85 1977
a 13 12 93 1759
a 13 14 86 1794
a 13 38 93 1827
a 14 13 94 1908
a 14 15 82 1791
a 14 39 96 1909
a 15 14 91 1965
a 15 16 88 1677
a 15 40 92 1904
a 16 15 98 1846
a 16 17 83 1776
a 16 41 82 1859
a 17 16 88 1999
a 17 18 94 1783
a 17 42 96 1709
a 18 17 94 1721
a 18 19 80 1808
a 18 43 94 1808
a 19 18 86 1754
a 19 20 100 2016
a 19 44 100 1818
a 20 19 94 1823
a 20 21 82 1669
a 20 45 89 1978
a 21 20 98 1923
a 21 22 88 1696
a 21 46 100 1932
a 22 21 89 1771
a 22 23 81 1911
a 22 47 92 1623
a 23 22 98 1797
a 23 24 92 1854
a 23 48 92 1711
a 24 23 92 1658
a 24 49 96 1901
a 25 0 94 1730
a 25 26 99 1901
a 25 50 97 1996
a 26 1 97 1805
a 26 25 92 1930
a 26 27 89 1988
a 26 51 95 1736
a 27 2 82 1898
a 27 26 84 1716
a 27 28 89 1789
a 27 52 99 1720
a 28 3 96 1672
a 28 27 81 1939
a 28 29 94 1806
a 28 53 94 1989
a 29 4 95 1782
a 29 28 80 1932
a 29 30 81 1917
a 29 54 95 1829
a 30 5 94 1897
a 30 29 95 1901
a 30 31 81 1898
a 30 55 88 1765
a 31 6 81 1763
a 31 30 94 1664
a 31 32 80 1881
a 31 56 98 1865
a 32 7 94 1893
a 32 31 80 2010
a 32 33 86 1864
a 32 57 95 1721
a 33 8 82 1676
a 33 32 98 1942
a 33 34 85 1993
a 33 58 81 1667
a 34 9 95 1748
a 34 33 86 1659
a 34 35 91 1910
a 34 59 93 1791
a 35 10 87 2009
a 35 34 96 1746
a 35 36 99 1700
a 35 60 99 1919
a 36 11 89 1719
a 36 35 98 1629
a 36 37 93 1938
a 36 61 87 1908
a 37 12 91 1877
a 37 36 83 1764
a 37 38 85 1747
a 37 62 96 1845
a 38 13 97 1888
a 38 37 96 1819
a 38 39 82 1987
a 38 63 82 1875
a 39 14 84 1953
a 39 38 94 1703
a 39 40 86 1687
a 39 64 100 1657
a 40 15 93 1962
a 40 39 93 1730
a 40 41 96 2018
a 40 65 87 1983
a 41 16 94 1941
a 41 40 87 1942
a 41 42 83 1948
a 41 66 83 1745
a 42 17 96 1625
a 42 41 96 1696
a 42 43 89 1855
a 42 67 83 1985
a 43 18 91 1805
a 43 42 92 1941
a 43 44 92 1648
a 43 68 85 1825
a 44 19 94 1838
a 44 43 94 1671
a 44 45 95 1675
a 44 69 84 2010
a 45 20 83 1943
a 45 44 84 1803
a 45 46 94 1757
a 45 70 89 1638
a 46 21 85 1894
a 46 45 92 1956
a 46 47 85 1845
a 46 71 98 1842
a 47 22 92 1916
a 47 46 99 1776
a 47 48 97 2013
a 47 72 89 1987
a 48 23 84 1814
a 48 47 80 1886
a 48 49 80 1713
a 48 73 97 1733
a 49 24 98 1721
a 49 48 86 1714
a 49 74 94 1985
a 50 25 85 1741
a 50 51 91 1705
a 50 75 84 1662
a 51 26 88 1748
a 51 50 84 1976
a 51 52 81 1624
a 51 76 82 1684
a 52 27 83 1884
a 52 51 86 1973
a 52 53 91 1658
a 52 77 100 1732
a 53 28 83 1823
a 53 52 95 1626
a 53 54 85 1728
a 53 78 80 1726
a 54 29 91 1935
a 54 53 84 1662
a 54 55 86 1799
a 54 79 94 1726
a 55 30 85 1663
a 55 54 85 1970
a 55 56 82 1707
a 55 80 84 1956
a 56 31 97 1883
a 56 55 94 1733
a 56 57 95 1693
a 56 81 81 1740
a 57 32 85 1826
a 57 56 85 1945
a 57 58 100 1880
a 57 82 91 1829
a 58 33 82 1860
a 58 57 80 1855
a 58 59 85 1893
a 58 83 96 1963
a 59 34 83 1648
a 59 58 84 1913
a 59 60 88 1636
a 59 84 88 1742
a 60 35 91 1801
a 60 59 94 1984
a 60 61 86 1643
a 60 85 92 1866
a 61 36 92 1729
a 61 60 93 1776
a 61 62 83 2011
a 61 86 99 1798
a 62 37 86 1806
a 62 61 84 1862
a 62 63 88 1930
a 62 87 86 1732
a 63 38 88 1771
a 63 62 85 1849
a 63 64 94 2018
a 63 88 98 1706
a 64 39 88 1854
a 64 63 94 1660
a 64 65 81 1884
a 64 89 93 1739
a 65 40 98 1771
a 65 64 100 1683
a 65 66 93 1919
a 65 90 87 1846
a 66 41 91 1668
a 66 65 95 1772
a 66 67 100 1732
a 66 91 91 1794
a 67 42 84 1756
a 67 66 97 1630
a 67 68 85 1852
a 67 92 89 1872
a 68 43 93 1927
a 68 67 95 1764
a 68 69 84 1896
a 68 93 82 1715
a 69 44 97 1675
a 69 68 89 1965
a 69 70 88 1814
a 69 94 91 1672
a 70 45 100 1633
a 70 69 86 1666
a 70 71 98 1847
a 70 95 96 1761
a 71 46 88 1837
a 71 70 92 1959
a 71 72 98 1778
a 71 96 94 1876
a 72 47 89 1625
a 72 71 93 2018
a 72 73 82 1908
a 72 97 85 1920
a 73 48 82 1899
a 73 72 98 1698
a 73 74 85 1975
a 73 98 97 1912
a 74 49 96 1839
a 74 73 85 1868
a 74 99 84 2002
a 75 50 85 1939
a 75 76 84 2006
a 75 100 87 1849
a 76 51 81 1721
a 76 75 99 2016
a 76 77 93 1926
a 76 101 86 1911
a 77 52 94 1756
a 77 76 82 1708
a 77 78 85 1682
a 77 102 88 1789
a 78 53 81 1993
a 78 77 81 1989
a 78 79 82 2016
a 78 103 96 1993
a 79 54 98 1950
a 79 78 82 1989
a 79 80 91 1665
a 79 104 92 1666
a 80 55 96 1752
a 80 79 94 1903
a 80 81 86 1629
a 80 105 93 1749
a 81 56 85 1724
a 81 80 88 1905
a 81 82 88 1899
a 81 106 88 1626
a 82 57 88 1625
a 82 81 94 1961
a 82 83 98 1943
a 82 107 87 2002
a 83 58 91 1922
a 83 82 84 1968
a 83 84 81 1673
a 83 108 94 1781
a 84 59 94 1728
a 84 83 97 1906
a 84 85 88 1803
a 84 109 81 1707
a 85 60 100 1801
a 85 84 93 1863
a 85 86 83 1907
a 85 110 83 1729
a 86 61 93 1643
a 86 85 96 1976
a 86 87 97 1892
a 86 111 87 1648
a 87 62 99 1876
a 87 86 82 1782
a 87 88 81 1998
a 87 112 84 1623
a 88 63 94 1746
a 88 87 80 1811
a 88 89 87 1839
a 88 113 82 1679
a 89 64 81 1727
a 89 88 88 1705
a 89 90 93 1999
a 89 114 98 1995
a 90 65 91 1882
a 90 89 97 1715
a 90 91 89 1885
a 90 115 92 1925
a 91 66 93 1948
a 91 90 95 1837
a 91 92 88 1767
a 91 116 93 1923
a 92 67 89 1794
a 92 91 86 1861
a 92 93 91 1898
a 92 117 96 1924
a 93 68 96 1846
a 93 92 80 1783
a 93 94 81 1847
a 93 118 98 1954
a 94 69 100 1695
a 94 93 100 1849
a 94 95 97 1737
a 94 119 80 1723
a 95 70 88 1699
a 95 94 82 1689
a 95 96 80 1715
a 95 120 89 1771
a 96 71 93 1800
a 96 95 85 1813
a 96 97 81 1764
a 96 121 99 1722
a 97 72 100 1953
a 97 96 96 1719
a 97 98 80 1762
a 97 122 97 1816
a 98 73 96 1997
a 98 97 91 1883
a 98 99 91 1910
a 98 123 83 1672
a 99 74 96 1771
a 99 98 94 1892
a 99 124 81 1836
a 100 75 98 1659
a 100 101 96 1681
a 100 125 94 1986
a 101 76 88 1689
a 101 100 87 2019
a 101 102 88 1744
a 101 126 87 1861
a 102 77 92 1934
a 102 101 95 1921
a 102 103 93 1720
a 102 127 97 2010
a 103 78 89 1962
a 103 102 89 1998
a 103 104 87 1931
a 103 128 88 1850
a 104 79 82 1834
a 104 103 97 1739
a 104 105 97 1793
a 104 129 82 1909
a 105 80 96 1650
a 105 104 98 1681
a 105 106 88 1670
a 105 130 84 1931
a 106 81 97 1690
a 106 105 94 1790
a 106 107 81 1859
a 106 131 89 1760
a 107 82 84 1799
a 107 106 91 1968
a 107 108 96 1924
a 107 132 82 1665
a 108 83 89 1968
a 108 107 87 1663
a 108 109 96 1785
a 108 133 89 1774
a 109 84 81 1793
a 109 108 97 1739
a 109 110 98 1784
a 109 134 93 1676
a 110 85 87 1938
a 110 109 100 1974
a 110 111 93 1925
a 110 135 80 1850
a 111 86 89 1719
a 111 110 97 1742
a 111 112 80 1922
a 111 136 86 1990
a 112 87 81 1909
a 112 111 80 1642
a 112 113 84 1843
a 112 137 84 1885
a 113 88 96 1683
a 113 112 96 1644
a 113 114 86 1790
a 113 138 97 1916
a 114 89 95 1622
a 114 113 100 1906
a 114 115 88 1993
a 114 139 99 1632
a 115 90 87 1671
a 115 114 94 1824
a 115 116 94 1774
a 115 140 93 1877
a 116 91 88 1985
a 116 115 96 1893
a 116 117 95 1944
a 116 141 94 1707
a 117 92 97 1961
a 117 116 92 1916
a 117 118 82 1894
a 117 142 80 1995
a 118 93 83 1767
a 118 117 80 1746
a 118 119 88 1954
a 118 143 80 1747
a 119 94 81 1695
a 119 118 91 1710
a 119 120 86 1857
a 119 144 93 1825
a 120 95 81 1633
a 120 119 91 1686
a 120 121 83 1903
a 120 145 91 1717
a 121 96 84 1985
a 121 120 95 1990
a 121 122 83 1656
a 121 146 97 1633
a 122 97 89 1935
a 122 121 80 1838
a 122 123 94 1963
a 122 147 85 1970
a 123 98 88 1981
a 123 122 89 1739
a 123 124 88 1926
a 123 148 98 1634
a 124 99 96 1849
a 124 123 80 1998
a 124 149 95 1828
a 125 100 80 1654
a 125 126 80 1886
a 125 150 83 1672
a 126 101 89 1639
a 126 125 97 1972
a 126 127 92 1867
a 126 151 80 1754
a 127 102 98 1690
a 127 126 85 1866
a 127 128 89 1715
a 127 152 95 1743
a 128 103 81 1961
a 128 127 99 1854
a 128 129 85 1636
a 128 153 93 1760
a 129 104 98 1765
a 129 128 94 1967
a 129 130 91 1814
a 129 154 96 1783
a 130 105 86 1854
a 130 129 95 1831
a 130 131 96 1943
a 130 155 95 1750
a 131 106 88 1970
a 131 130 86 1833
a 131 132 89 1925
a 131 156 93 1698
a 132 107 97 1823
a 132 131 95 1632
a 132 133 81 1657
a 132 157 89 1711
a 133 108 98 1749
a 133 132 86 1669
a 133 134 85 1994
a 133 158 95 2015
a 134 109 83 1820
a 134 133 80 1950
a 134 135 94 1621
a 134 159 85 1807
a 135 110 82 1652
a 135 134 82 1760
a 135 136 88 1941
a 135 160 91 1973
a 136 111 96 1697
a 136 135 94 1767
a 136 137 85 1885
a 136 161 83 1844
a 137 112 95 1857
a 137 136 87 1784
a 137 138 83 1969
a 137 162 82 1975
a 138 113 95 1805
a 138 137 91 1645
a 138 139 80 1897
a 138 163 82 1892
a 139 114 87 1651
a 139 138 99 1668
a 139 140 89 1833
a 139 164 91 1977
a 140 115 81 1747
a 140 139 96 1754
a 140 141 84 1647
a 140 165 91 1656
a 141 116 87 1854
a 141 140 97 1997
a 141 142 99 1853
a 141 166 87 1840
a 142 117 92 1679
a 142 141 96 1857
a 142 143 95 1749
a 142 167 82 1798
a 143 118 84 1797
a 143 142 88 1969
a 143 144 97 1673
a 143 168 91 2017
a 144 119 95 1763
a 144 143 93 1640
a 144 145 100 1684
a 144 169 98 2003
a 145 120 91 1646
a 145 144 94 1705
a 145 146 87 1982
a 145 170 92 1804
a 146 121 89 1767
a 146 145 89 1799
a 146 147 84 1788
a 146 171 81 1802
a 147 122 87 1683
a 147 146 88 1708
a 147 148 95 1975
a 147 172 97 1937
a 148 123 87 2015
a 148 147 98 1869
a 148 149 95 1792
a 148 173 82 1743
a 149 124 99 1728
a 149 148 83 1868
a 149 174 100 1765
a 150 125 85 1931
a 150 151 94 1693
a 150 175 95 2010
a 151 126 91 1909
a 151 150 95 1709
a 151 152 99 1919
a 151 176 97 1621
a 152 127 86 1750
a 152 151 96 1780
a 152 153 92 1697
a 152 177 91 1937
a 153 128 83 1676
a 153 152 93 1991
a 153 154 98 1636
a 153 178 83 1656
a 154 129 96 1727
a 154 153 82 2000
a 154 155 83 1636
a 154 179 80 1803
a 155 130 96 1741
a 155 154 88 1906
a 155 156 87 1780
a 155 180 81 1976
a 156 131 94 1756
a 156 155 87 1626
a 156 157 95 1783
a 156 181 97 1835
a 157 132 88 1801
a 157 156 88 1968
a 157 158 87 1995
a 157 182 91 1901
a 158 133 97 1970
a 158 157 97 1759
a 158 159 95 1976
a 158 183 81 1915
a 159 134 83 1896
a 159 158 83 2009
a 159 160 83 1652
a 159 184 98 1631
a 160 135 89 1746
a 160 159 97 1854
a 160 161 95 1872
a 160 185 98 1908
a 161 136 81 1841
a 161 160 97 1649
a 161 162 98 1769
a 161 186 87 1748
a 162 137 83 1813
a 162 161 84 1975
a 162 163 100 1746
a 162 187 85 1956
a 163 138 94 2020
a 163 162 95 1916
a 163 164 96 1891
a 163 188 96 1880
a 164 139 92 1720
a 164 163 98 1782
a 164 165 85 1843
a 164 189 86 1898
a 165 140 99 1926
a 165 164 99 2017
a 165 166 81 1914
a 165 190 80 1703
a 166 141 80 1848
a 166 165 93 1882
a 166 167 99 1881
a 166 191 93 1862
a 167 142 100 1643
a 167 166 91 1655
a 167 168 88 1665
a 167 192 98 1903
a 168 143 97 1974
a 168 167 94 1921
a 168 169 98 1901
a 168 193 85 1994
a 169 144 83 1896
a 169 168 83 1706
a 169 170 80 1824
a 169 194 98 1882
a 170 145 95 1987
a 170 169 95 1832
a 170 171 86 1669
a 170 195 82 1742
a 171 146 93 1828
a 171 170 89 1634
a 171 172 92 1806
a 171 196 95 1817
a 172 147 86 1949
a 172 171 87 1827
a 172 173 82 1827
a 172 197 100 1888
a 173 148 87 1750
a 173 172 89 1661
a 173 174 100 1783
a 173 198 96 1865
a 174 149 89 1913
a 174 173 84 1945
a 174 199 96 1998
a 175 150 88 1731
a 175 176 97 1622
a 175 200 83 1691
a 176 151 93 1664
a 176 175 81 1726
a 176 177 89 1884
a 176 201 83 1947
a 177 152 85 1832
a 177 176 94 1820
a 177 178 95 1695
a 177 202 98 1778
a 178 153 89 1817
a 178 177 96 1744
a 178 179 92 1933
a 178 203 87 1960
a 179 154 87 1812
a 179 178 80 1836
a 179 180 88 1704
a 179 204 81 1747
a 180 155 99 1950
a 180 179 95 1970
a 180 181 96 1662
a 180 205 81 1873
a 181 156 91 1803
a 181 180 89 1627
a 181 182 82 1798
a 181 206 92 1962
a 182 157 81 1738
a 182 181 95 1970
a 182 183 100 1820
a 182 207 91 1883
a 183 158 96 1754
a 183 182 85 1789
a 183 184 82 1638
a 183 208 81 1650
a 184 159 97 1994
a 184 183 81 1778
a 184 185 85 1663
a 184 209 83 1789
a 185 160 85 1753
a 185 184 92 1799
a 185 186 85 1632
a 185 210 83 1969
a 186 161 97 2001
a 186 185 97 2009
a 186 187 91 1672
a 186 211 81 1837
a 187 162 84 1822
a 187 186 84 1697
a 187 188 86 1923
a 187 212 91 1830
a 188 163 95 1787
a 188 187 92 1913
a 188 189 88 2015
a 188 213 85 1920
a 189 164 95 1875
a 189 188 92 1722
a 189 190 91 1931
a 189 214 87 1665
a 190 165 84 1751
a 190 189 88 1786
a 190 191 91 1958
a 190 215 80 1916
a 191 166 97 1815
a 191 190 87 1891
a 191 192 100 1639
a 191 216 80 1949
a 192 167 92 1638
a 192 191 92 1725
a 192 193 80 1838
a 192 217 87 1987
a 193 168 87 1788
a 193 192 95 1934
a 193 194 87 1836
a 193 218 96 1669
a 194 169 94 1670
a 194 193 80 1939
a 194 195 95 1966
a 194 219 92 1628
a 195 170 85 1784
a 195 194 87 1975
a 195 196 99 1701
a 195 220 95 1947
a 196 171 86 1818
a 196 195 91 1803
a 196 197 91 1701
a 196 221 80 1854
a 197 172 87 1788
a 197 196 92 1968
a 197 198 80 1747
a 197 222 99 2007
a 198 173 81 1632
a 198 197 80 1668
a 198 199 83 1856
a 198 223 82 1752
a 199 174 95 1682
a 199 198 98 1878
a 199 224 84 1707
a 200 175 92 1896
a 200 201 89 1815
a 200 225 91 1820
a 201 176 81 1669
a 201 200 94 1774
a 201 202 88 1699
a 201 226 94 1812
a 202 177 86 1773
a 202 201 92 1958
a 202 203 93 1951
a 202 227 100 1784
a 203 178 97 1910
a 203 202 80 1783
a 203 204 84 1817
a 203 228 100 1704
a 204 179 93 1988
a 204 203 92 1848
a 204 205 91 1981
a 204 229 89 1987
a 205 180 80 1752
a 205 204 85 1848
a 205 206 85 1721
a 205 230 91 1748
a 206 181 94 1782
a 206 205 82 1909
a 206 207 97 1830
a 206 231 95 1760
a 207 182 94 1780
a 207 206 83 1786
a 207 208 95 1696
a 207 232 83 1980
a 208 183 84 1662
a 208 207 85 1685
a 208 209 98 1982
a 208 233 94 1702
a 209 184 84 1958
a 209 208 100 1866
a 209 210 93 1684
a 209 234 99 1810
a 210 185 84 1850
a 210 209 83 2001
a 210 211 83 1811
a 210 235 80 1982
a 211 186 87 1740
a 211 210 80 1843
a 211 212 98 1681
a 211 236 82 1908
a 212 187 82 1875
a 212 211 100 1771
a 212 213 83 1651
a 212 237 92 1800
a 213 188 100 1938
a 213 212 84 1964
a 213 214 80 1893
a 213 238 93 1631
a 214 189 88 1911
a 214 213 95 1981
a 214 215 93 1828
a 214 239 96 1994
a 215 190 96 1933
a 215 214 80 1904
a 215 216 91 1835
a 215 240 95 2014
a 216 191 93 1862
a 216 215 94 1999
a 216 217 87 1834
a 216 241 100 2000
a 217 192 95 1842
a 217 216 99 1668
a 217 218 82 1981
a 217 242 96 1893
a 218 193 94 1808
a 218 217 82 1851
a 218 219 94 1654
a 218 243 81 1956
a 219 194 80 1626
a 219 218 100 1635
a 219 220 93 1972
a 219 244 89 1997
a 220 195 92 1788
a 220 219 99 1642
a 220 221 94 1643
a 220 245 97 1962
a 221 196 99 1964
a 221 220 86 1751
a 221 222 86 1759
a 221 246 86 1776
a 222 197 95 1743
a 222 221 99 1721
a 222 223 94 1752
a 222 247 86 1687
a 223 198 91 1656
a 223 222 98 1874
a 223 224 87 1712
a 223 248 87 1783
a 224 199 82 2003
a 224 223 83 2005
a 224 249 98 1704
a 225 200 89 1929
a 225 226 89 1995
a 225 250 80 1674
a 226 201 94 1665
a 226 225 91 2010
a 226 227 81 1926
a 226 251 95 1651
a 227 202 95 1722
a 227 226 93 1720
a 227 228 94 1679
a 227 252 83 1674
a 228 203 97 1724
a 228 227 86 1770
a 228 229 98 1890
a 228 253 84 1873
a 229 204 80 1807
a 229 228 89 1784
a 229 230 99 1874
a 229 254 97 1845
a 230 205 94 2013
a 230 229 99 1926
a 230 231 87 1827
a 230 255 87 1913
a 231 206 80 1959
a 231 230 91 1946
a 231 232 85 1826
a 231 256 94 1756
a 232 207 86 1781
a 232 231 92 1881
a 232 233 81 1917
a 232 257 98 1761
a 233 208 80 1759
a 233 232 82 1692
a 233 234 93 1832
a 233 258 91 1863
a 234 209 91 1847
a 234 233 89 1702
a 234 235 82 1823
a 234 259 95 1629
a 235 210 94 1694
a 235 234 98 1872
a 235 236 87 1946
a 235 260 83 1960
a 236 211 100 2007
a 236 235 95 1812
a 236 237 84 1684
a 236 261 88 1765
a 237 212 86 1831
a 237 236 91 1961
a 237 238 87 1649
a 237 262 91 1971
a 238 213 92 1785
a 238 237 81 1815
a 238 239 91 1651
a 238 263 84 1830
a 239 214 87 1849
a 239 238 94 1664
a 239 240 98 1660
a 239 264 81 1895
a 240 215 81 1731
a 240 239 84 1685
a 240 241 83 1976
a 240 265 86 1812
a 241 216 84 2009
a 241 240 80 1680
a 241 242 85 1901
a 241 266 82 1703
a 242 217 89 1675
a 242 241 81 1694
a 242 243 86 1654
a 242 267 82 1700
a 243 218 82 1886
a 243 242 95 2001
a 243 244 95 2011
a 243 268 97 1985
a 244 219 87 1931
a 244 243 87 1896
a 244 245 91 2009
a 244 269 89 1907
a 245 220 91 1642
a 245 244 96 1777
a 245 246 91 2009
a 245 270 96 1739
a 246 221 87 1843
a 246 245 96 1963
a 246 247 81 1636
a 246 271 100 1632
a 247 222 87 1856
a 247 246 83 1922
a 247 248 83 1911
a 247 272 95 1724
a 248 223 83 1690
a 248 247 88 1764
a 248 249 88 1886
a 248 273 98 1988
a 249 224 92 1897
a 249 248 93 1669
a 249 274 82 1891
a 250 225 89 1750
a 250 251 91 1938
a 250 275 85 1900
a 251 226 95 1709
a 251 250 100 1869
a 251 252 100 1652
a 251 276 91 1880
a 252 227 92 1795
a 252 251 93 1924
a 252 253 85 1841
a 252 277 92 1783
a 253 228 84 1841
a 253 252 94 1772
a 253 254 85 1803
a 253 278 82 1905
a 254 229 100 2010
a 254 253 98 1849
a 254 255 85 1792
a 254 279 87 1677
a 255 230 86 1944
a 255 254 93 1965
a 255 256 83 1854
a 255 280 86 1988
a 256 231 95 1669
a 256 255 88 1765
a 256 257 93 1823
a 256 281 84 1872
a 257 232 82 1893
a 257 256 81 1809
a 257 258 80 1905
a 257 282 83 1625
a 258 233 100 1826
a 258 257 84 1645
a 258 259 92 1860
a 258 283 97 1821
a 259 234 83 2020
a 259 258 81 1827
a 259 260 91 1783
a 259 284 88 1872
a 260 235 87 1959
a 260 259 91 1843
a 260 261 93 1722
a 260 285 94 1622
a 261 236 83 1895
a 261 260 83 1726
a 261 262 100 1914
a 261 286 80 2003
a 262 237 93 1845
a 262 261 86 1687
a 262 263 100 1676
a 262 287 97 1852
a 263 238 100 1674
a 263 262 97 1966
a 263 264 89 1952
a 263 288 88 1719
a 264 239 88 1963
a 264 263 91 1625
a 264 265 92 1932
a 264 289 100 1750
a 265 240 85 1981
a 265 264 97 1682
a 265 266 94 1954
a 265 290 85 1702
a 266 241 88 1669
a 266 265 80 1720
a 266 267 97 1901
a 266 291 81 1746
a 267 242 100 1953
a 267 266 92 1751
a 267 268 86 1709
a 267 292 89 1727
a 268 243 89 1900
a 268 267 96 1694
a 268 269 92 1995
a 268 293 82 1947
a 269 244 82 1822
a 269 268 98 1817
a 269 270 83 1814
a 269 294 81 1919
a 270 245 85 1646
a 270 269 91 1728
a 270 271 93 1975
a 270 295 84 1771
a 271 246 93 1661
a 271 270 80 1656
a 271 272 100 1698
a 271 296 81 1957
a 272 247 80 1759
a 272 271 93 2001
a 272 273 86 1857
a 272 297 83 1928
a 273 248 81 1870
a 273 272 89 1701
a 273 274 86 1800
a 273 298 91 1839
a 274 249 86 1720
a 274 273 82 1791
a 274 299 88 1762
a 275 250 87 1951
a 275 276 80 1813
a 275 300 84 1909
a 276 251 95 1897
a 276 275 98 1782
a 276 277 97 1751
a 276 301 94 1716
a 277 252 97 1917
a 277 276 80 1682
a 277 278 82 1811
a 277 302 91 1784
a 278 253 96 1979
a 278 277 80 1685
a 278 279 86 1881
a 278 303 84 1931
a 279 254 93 2007
a 279 278 100 1904
a 279 280 100 1680
a 279 304 88 1945
a 280 255 98 1677
a 280 279 82 1735
a 280 281 87 1959
a 280 305 98 1876
a 281 256 88 1876
a 281 280 80 1723
a 281 282 93 1817
a 281 306 91 1648
a 282 257 82 1837
a 282 281 91 1765
a 282 283 81 1817
a 282 307 81 1964
a 283 258 99 1980
a 283 282 100 1900
a 283 284 89 1643
a 283 308 83 1854
a 284 259 86 1849
a 284 283 91 1761
a 284 285 96 1985
a 284 309 81 1636
a 285 260 81 1986
a 285 284 93 1738
a 285 286 92 1790
a 285 310 83 1853
a 286 261 86 1923
a 286 285 98 1924
a 286 287 98 1758
a 286 311 93 1747
a 287 262 89 1928
a 287 286 92 1908
a 287 288 91 1640
a 287 312 80 1831
a 288 263 85 1913
a 288 287 100 1869
a 288 289 87 1805
a 288 313 94 1720
a 289 264 87 1904
a 289 288 98 1639
a 289 290 85 1817
a 289 314 94 1792
a 290 265 94 1899
a 290 289 85 1794
a 290 291 80 1735
a 290 315 97 1832
a 291 266 100 1928
a 291 290 87 1845
a 291 292 100 1621
a 291 316 87 1627
a 292 267 94 1709
a 292 291 93 1977
a 292 293 92 1812
a 292 317 83 1868
a 293 268 91 1936
a 293 292 80 1812
a 293 294 87 1821
a 293 318 83 1936
a 294 269 99 1795
a 294 293 91 1844
a 294 295 94 2020
a 294 319 100 1712
a 295 270 94 1931
a 295 294 96 1828
a 295 296 89 1992
a 295 320 96 1998
a 296 271 88 1866
a 296 295 88 1767
a 296 297 98 1674
a 296 321 93 1891
a 297 272 97 1892
a 297 296 98 1768
a 297 298 100 2005
a 297 322 91 1689
a 298 273 98 1655
a 298 297 87 1629
a 298 299 100 1986
a 298 323 82 1675
a 299 274 86 1819
a 299 298 98 1624
a 299 324 92 1667
a 300 275 84 1756
a 300 301 88 1854
a 300 325 96 1730
a 301 276 80 1978
a 301 300 100 1916
a 301 302 80 1936
a 301 326 86 1991
a 302 277 84 1708
a 302 301 91 1634
a 302 303 96 1985
a 302 327 84 1642
a 303 278 88 1748
a 303 302 91 1850
a 303 304 80 1847
a 303 328 89 1697
a 304 279 94 1720
a 304 303 94 2019
a 304 305 98 1632
a 304 329 80 1821
a 305 280 89 1883
a 305 304 88 1837
a 305 306 82 1832
a 305 330 94 1789
a 306 281 96 1850
a 306 305 97 1785
a 306 307 95 1811
a 306 331 99 1962
a 307 282 85 1821
a 307 306 97 1660
a 307 308 80 1901
a 307 332 86 1863
a 308 283 83 1834
a 308 307 96 1658
a 308 309 81 1701
a 308 333 99 1707
a 309 284 83 1968
a 309 308 94 1968
a 309 310 84 1797
a 309 334 95 1947
a 310 285 94 1788
a 310 309 89 1835
a 310 311 98 1919
a 310 335 81 1703
a 311 286 87 1962
a 311 310 92 1671
a 311 312 88 1943
a 311 336 85 1935
a 312 287 97 1949
a 312 311 85 1953
a 312 313 98 1948
a 312 337 84 1813
a 313 288 80 1884
a 313 312 89 1689
a 313 314 92 1750
a 313 338 83 1770
a 314 289 89 1760
a 314 313 93 1810
a 314 315 84 1713
a 314 339 97 1669
a 315 290 89 1626
a 315 314 100 1843
a 315 316 87 1662
a 315 340 100 1976
a 316 291 92 1914
a 316 315 85 1637
a 316 317 84 1704
a 316 341 98 1981
a 317 292 100 2003
a 317 316 88 1701
a 317 318 87 1763
a 317 342 91 1741
a 318 293 82 1739
a 318 317 84 1915
a 318 319 84 1659
a 318 343 80 1798
a 319 294 97 2016
a 319 318 97 1776
a 319 320 95 1725
a 319 344 99 1749
a 320 295 84 1939
a 320 319 95 1948
a 320 321 99 1787
a 320 345 100 1712
a 321 296 94 1869
a 321 320 82 1869
a 321 322 91 1711
a 321 346 86 1765
a 322 297 97 1881
a 322 321 87 1985
a 322 323 86 1742
a 322 347 83 1816
a 323 298 94 1729
a 323 322 100 1766
a 323 324 100 1826
a 323 348 80 1765
a 324 299 98 1838
a 324 323 80 1683
a 324 349 93 1755
a 325 300 84 2017
a 325 326 82 1844
a 325 350 96 1880
a 326 301 99 1720
a 326 325 95 1821
a 326 327 92 1775
a 326 351 84 1736
a 327 302 92 1907
a 327 326 83 1886
a 327 328 97 2006
a 327 352 91 1850
a 328 303 99 1937
a 328 327 98 1934
a 328 329 81 1888
a 328 353 93 1840
a 329 304 94 1958
a 329 328 81 1672
a 329 330 80 1965
a 329 354 100 1886
a 330 305 97 1818
a 330 329 92 1815
a 330 331 100 1695
a 330 355 98 1815
a 331 306 82 1718
a 331 330 84 1656
a 331 332 92 1990
a 331 356 93 1660
a 332 307 93 1955
a 332 331 82 1818
a 332 333 94 1673
a 332 357 87 1875
a 333 308 82 1983
a 333 332 92 1863
a 333 334 81 1987
a 333 358 89 1957
a 334 309 93 1988
a 334 333 100 1824
a 334 335 84 1848
a 334 359 80 1648
a 335 310 85 2001
a 335 334 82 1713
a 335 336 97 1963
a 335 360 98 1868
a 336 311 84 1758
a 336 335 84 1674
a 336 337 86 1734
a 336 361 93 1949
a 337 312 95 1909
a 337 336 95 1637
a 337 338 99 1838
a 337 362 97 1934
a 338 313 99 1811
a 338 337 88 1950
a 338 339 96 1623
a 338 363 89 1695
a 339 314 95 1699
a 339 338 81 1829
a 339 340 94 1809
a 339 364 92 1642
a 340 315 84 1648
a 340 339 91 1911
a 340 341 95 1623
a 340 365 92 1979
a 341 316 82 1953
a 341 340 96 1756
a 341 342 95 1667
a 341 366 81 1672
a 342 317 99 1725
a 342 341 87 1771
a 342 343 97 1646
a 342 367 100 1691
a 343 318 91 1917
a 343 342 86 2014
a 343 344 80 1856
a 343 368 91 1690
a 344 319 87 2007
a 344 343 93 1737
a 344 345 92 1949
a 344 369 85 1886
a 345 320 94 1725
a 345 344 91 1740
a 345 346 80 1892
a 345 370 96 1697
a 346 321 83 1867
a 346 345 83 1788
a 346 347 86 1823
a 346 371 93 1706
a 347 322 93 1978
a 347 346 96 1964
a 347 348 81 1726
a 347 372 91 1717
a 348 323 96 1742
a 348 347 98 1809
a 348 349 81 1631
a 348 373 83 1849
a 349 324 97 1872
a 349 348 80 1722
a 349 374 95 1655
a 350 325 92 1851
a 350 351 96 1728
a 350 375 92 1675
a 351 326 99 1796
a 351 350 91 1989
a 351 352 84 1869
a 351 376 97 1710
a 352 327 91 1990
a 352 351 84 1867
a 352 353 99 1939
a 352 377 97 1682
a 353 328 91 1945
a 353 352 92 1749
a 353 354 82 1730
a 353 378 86 1897
a 354 329 96 1667
a 354 353 87 1946
a 354 355 86 1801
a 354 379 99 1731
a 355 330 81 1790
a 355 354 85 2019
a 355 356 96 1889
a 355 380 97 1874
a 356 331 97 1814
a 356 355 87 1778
a 356 357 95 1911
a 356 381 100 1662
a 357 332 93 1776
a 357 356 96 1826
a 357 358 82 1778
a 357 382 98 1972
a 358 333 91 1861
a 358 357 92 2009
a 358 359 86 1631
a 358 383 83 1932
a 359 334 100 1863
a 359 358 94 1955
a 359 360 85 1906
a 359 384 93 1911
a 360 335 97 1810
a 360 359 86 1633
a 360 361 83 1648
a 360 385 88 1853
a 361 336 95 1669
a 361 360 87 1722
a 361 362 96 1684
a 361 386 80 1815
a 362 337 81 1842
a 362 361 96 1739
a 362 363 100 1866
a 362 387 97 1773
a 363 338 93 1957
a 363 362 98 1689
a 363 364 82 1801
a 363 388 98 1964
a 364 339 89 1686
a 364 363 92 2006
a 364 365 82 1867
a 364 389 89 2009
a 365 340 81 1876
a 365 364 83 1938
a 365 366 86 1953
a 365 390 82 1706
a 366 341 82 1733
a 366 365 88 1949
a 366 367 97 1905
a 366 391 92 1728
a 367 342 86 1948
a 367 366 84 1891
a 367 368 99 1918
a 367 392 96 1912
a 368 343 94 1897
a 368 367 98 1714
a 368 369 93 1663
a 368 393 92 1783
a 369 344 94 2009
a 369 368 92 1678
a 369 370 86 1983
a 369 394 88 1787
a 370 345 92 1831
a 370 369 89 1622
a 370 371 85 1951
a 370 395 81 1893
a 371 346 95 1695
a 371 370 87 1861
a 371 372 100 1920
a 371 396 92 1623
a 372 347 87 1693
a 372 371 80 1667
a 372 373 92 1759
a 372 397 96 1777
a 373 348 85 1886
a 373 372 99 1902
a 373 374 86 1712
a 373 398 96 1911
a 374 349 99 1854
a 374 373 89 1759
a 374 399 93 1859
a 375 350 91 1837
a 375 376 87 1891
a 375 400 96 1783
a 376 351 91 1631
a 376 375 100 1999
a 376 377 100 1970
a 376 401 92 1920
a 377 352 98 1754
a 377 376 87 1792
a 377 378 85 1987
a 377 402 95 1976
a 378 353 95 1664
a 378 377 81 1894
a 378 379 100 1789
a 378 403 95 1629
a 379 354 88 1985
a 379 378 84 1657
a 379 380 84 1711
a 379 404 100 1767
a 380 355 87 1891
a 380 379 80 1629
a 380 381 95 1721
a 380 405 99 1918
a 381 356 89 1775
a 381 380 93 1879
a 381 382 85 1898
a 381 406 81 1921
a 382 357 83 1808
a 382 381 96 1763
a 382 383 97 1947
a 382 407 88 1817
a 383 358 86 1638
a 383 382 91 1820
a 383 384 92 1667
a 383 408 89 1707
a 384 359 99 1807
a 384 383 87 1841
a 384 385 94 1685
a 384 409 83 1950
a 385 360 95 1726
a 385 384 84 1787
a 385 386 97 1965
a 385 410 96 1864
a 386 361 94 2000
a 386 385 81 2006
a 386 387 82 1807
a 386 411 87 1679
a 387 362 92 1931
a 387 386 91 1820
a 387 388 82 1651
a 387 412 81 1926
a 388 363 85 1998
a 388 387 82 1748
a 388 389 93 1997
a 388 413 93 1800
a 389 364 97 1738
a 389 388 88 2017
a 389 390 83 1741
a 389 414 94 1887
a 390 365 100 1635
a 390 389 98 1823
a 390 391 91 1670
a 390 415 84 1988
a 391 366 86 1827
a 391 390 89 1624
a 391 392 86 1791
a 391 416 80 1827
a 392 367 91 1848
a 392 391 100 1700
a 392 393 96 1836
a 392 417 84 1792
a 393 368 89 1821
a 393 392 100 1664
a 393 394 100 1641
a 393 418 88 1877
a 394 369 100 1700
a 394 393 95 1777
a 394 395 93 1911
a 394 419 92 1983
a 395 370 93 1792
a 395 394 80 1923
a 395 396 85 1698
a 395 420 80 1744
a 396 371 86 1958
a 396 395 92 1933
a 396 397 91 1882
a 396 421 92 1844
a 397 372 91 1910
a 397 396 84 1879
a 397 398 98 1784
a 397 422 87 1778
a 398 373 98 2020
a 398 397 100 1641
a 398 399 95 1822
a 398 423 93 1623
a 399 374 80 1846
a 399 398 86 1985
a 399 424 98 1716
a 400 375 83 1992
a 400 401 86 1792
a 400 425 95 1621
a 401 376 97 1955
a 401 400 80 1718
a 401 402 85 1920
a 401 426 81 1706
a 402 377 97 1651
a 402 401 86 1837
a 402 403 87 1712
a 402 427 99 1851
a 403 378 91 1668
a 403 402 84 1834
a 403 404 88 2009
a 403 428 80 1897
a 404 379 82 1772
a 404 403 88 1916
a 404 405 86 1730
a 404 429 86 1923
a 405 380 96 1876
a 405 404 82 1668
a 405 406 87 1791
a 405 430 99 1941
a 406 381 100 1730
a 406 405 80 1659
a 406 407 96 1631
a 406 431 82 1754
a 407 382 98 1936
a 407 406 88 1961
a 407 408 96 1954
a 407 432 87 1626
a 408 383 83 1829
a 408 407 91 1741
a 408 409 93 1915
a 408 433 100 1838
a 409 384 97 1910
a 409 408 100 1891
a 409 410 89 1942
a 409 434 82 1781
a 410 385 83 1968
a 410 409 80 1654
a 410 411 87 1622
a 410 435 100 1859
a 411 386 80 1782
a 411 410 91 2017
a 411 412 97 1858
a 411 436 91 1658
a 412 387 96 1931
a 412 411 94 1624
a 412 413 91 1908
a 412 437 88 1647
a 413 388 85 2019
a 413 412 92 1977
a 413 414 80 1718
a 413 438 97 1868
a 414 389 80 1822
a 414 413 95 1686
a 414 415 84 1771
a 414 439 93 1687
a 415 390 82 1885
a 415 414 95 1731
a 415 416 95 1648
a 415 440 87 1658
a 416 391 93 1858
a 416 415 97 1900
a 416 417 100 1931
a 416 441 100 1973
a 417 392 80 1908
a 417 416 82 1959
a 417 418 83 1842
a 417 442 84 1747
a 418 393 83 1905
a 418 417 89 1725
a 418 419 95 1652
a 418 443 93 2020
a 419 394 100 1693
a 419 418 100 2002
a 419 420 80 1855
a 419 444 94 1911
a 420 395 100 1971
a 420 419 84 1736
a 420 421 96 1723
a 420 445 87 2020
a 421 396 95 1883
a 421 420 96 1763
a 421 422 100 1664
a 421 446 81 1711
a 422 397 91 1640
a 422 421 80 1698
a 422 423 98 1981
a 422 447 94 1952
a 423 398 95 1877
a 423 422 80 1946
a 423 424 84 1662
a 423 448 94 1979
a 424 399 89 1666
a 424 423 93 1781
a 424 449 98 1789
a 425 400 88 1834
a 425 426 80 1693
a 425 450 86 1858
a 426 401 87 2012
a 426 425 92 1851
a 426 427 84 1709
a 426 451 88 1735
a 427 402 86 1863
a 427 426 91 1939
a 427 428 80 1979
a 427 452 100 1948
a 428 403 94 1752
a 428 427 85 1747
a 428 429 91 1824
a 428 453 94 2011
a 429 404 80 1847
a 429 428 89 1745
a 429 430 96 1783
a 429 454 81 1906
a 430 405 94 1642
a 430 429 84 1908
a 430 431 88 1701
a 430 455 95 1624
a 431 406 92 1642
a 431 430 81 1649
a 431 432 98 1661
a 431 456 83 1909
a 432 407 91 1965
a 432 431 94 1675
a 432 433 93 1656
a 432 457 92 1984
a 433 408 95 1680
a 433 432 82 1820
a 433 434 99 1745
a 433 458 99 1813
a 434 409 93 1684
a 434 433 98 1923
a 434 435 87 1766
a 434 459 95 1857
a 435 410 94 1752
a 435 434 85 1810
a 435 436 93 1956
a 435 460 93 1900
a 436 411 100 1740
a 436 435 100 1846
a 436 437 86 1961
a 436 461 82 1891
a 437 412 93 1985
a 437 436 84 1712
a 437 438 98 1967
a 437 462 92 1975
a 438 413 100 1700
a 438 437 91 1686
a 438 439 80 1860
a 438 463 92 1882
a 439 414 95 1968
a 439 438 100 1665
a 439 440 89 1719
a 439 464 94 2009
a 440 415 85 1768
a 440 439 84 1818
a 440 441 82 1967
a 440 465 93 1999
a 441 416 92 1627
a 441 440 84 1713
a 441 442 95 1684
a 441 466 87 1935
a 442 417 86 1726
a 442 441 98 1784
a 442 443 92 1800
a 442 467 95 1951
a 443 418 96 1855
a 443 442 88 2015
a 443 444 82 1677
a 443 468 94 1792
a 444 419 81 1644
a 444 443 96 1674
a 444 445 98 1789
a 444 469 95 1708
a 445 420 88 1683
a 445 444 84 1799
a 445 446 91 1824
a 445 470 96 1825
a 446 421 96 1927
a 446 445 81 1858
a 446 447 96 1710
a 446 471 81 1773
a 447 422 86 2015
a 447 446 100 1874
a 447 448 94 1675
a 447 472 89 1723
a 448 423 83 1916
a 448 447 84 1870
a 448 449 99 1675
a 448 473 83 1799
a 449 424 85 1896
a 449 448 87 1885
a 449 474 93 1866
a 450 425 95 1822
a 450 451 97 1843
a 450 475 99 1643
a 451 426 80 1672
a 451 450 88 1963
a 451 452 88 1743
a 451 476 85 1920
a 452 427 100 1933
a 452 451 96 1845
a 452 453 84 1731
a 452 477 85 1887
a 453 428 87 1655
a 453 452 86 1882
a 453 454 94 1923
a 453 478 96 1671
a 454 429 82 1880
a 454 453 99 1997
a 454 455 85 1645
a 454 479 99 1626
a 455 430 85 1779
a 455 454 98 1890
a 455 456 93 1874
a 455 480 85 1940
a 456 431 92 1888
a 456 455 84 2016
a 456 457 99 1693
a 456 481 99 1679
a 457 432 96 1994
a 457 456 87 1849
a 457 458 98 1786
a 457 482 93 1696
a 458 433 91 1785
a 458 457 96 1763
a 458 459 83 1778
a 458 483 99 1692
a 459 434 94 1780
a 459 458 100 1929
a 459 460 99 1629
a 459 484 82 1883
a 460 435 91 1852
a 460 459 92 1766
a 460 461 89 1903
a 460 485 100 1925
a 461 436 99 1640
a 461 460 99 1720
a 461 462 87 1923
a 461 486 98 1982
a 462 437 100 1795
a 462 461 89 1723
a 462 463 88 1817
a 462 487 100 1778
a 463 438 93 1935
a 463 462 83 1710
a 463 464 86 1873
a 463 488 91 1711
a 464 439 82 1855
a 464 463 96 1740
a 464 465 84 2019
a 464 489 84 1879
a 465 440 96 1876
a 465 464 88 1898
a 465 466 97 1637
a 465 490 97 1891
a 466 441 96 1672
a 466 465 86 1929
a 466 467 80 1712
a 466 491 80 1717
a 467 442 95 1861
a 467 466 81 1970
a 467 468 95 1959
a 467 492 82 1647
a 468 443 83 1700
a 468 467 95 1952
a 468 469 95 1700
a 468 493 85 2019
a 469 444 83 1967
a 469 468 100 1816
a 469 470 91 1943
a 469 494 88 1971
a 470 445 92 1971
a 470 469 89 1720
a 470 471 97 1842
a 470 495 93 1891
a 471 446 98 1784
a 471 470 97 2001
a 471 472 89 1779
a 471 496 91 1625
a 472 447 83 1810
a 472 471 80 1634
a 472 473 82 1855
a 472 497 96 1896
a 473 448 80 2011
a 473 472 92 1786
a 473 474 87 1623
a 473 498 93 1805
a 474 449 98 1696
a 474 473 98 1983
a 474 499 99 1863
a 475 450 87 1885
a 475 476 81 1788
a 475 500 86 1898
a 476 451 84 1818
a 476 475 88 1943
a 476 477 87 1680
a 476 501 82 1886
a 477 452 85 1899
a 477 476 98 1985
a 477 478 89 1791
a 477 502 88 1651
a 478 453 88 1675
a 478 477 94 1866
a 478 479 98 1945
a 478 503 98 1793
a 479 454 88 1958
a 479 478 88 1929
a 479 480 94 1867
a 479 504 85 2015
a 480 455 89 1997
a 480 479 95 1907
a 480 481 96 1925
a 480 505 86 1926
a 481 456 98 1796
a 481 480 86 1938
a 481 482 95 1624
a 481 506 88 1836
a 482 457 98 1759
a 482 481 95 1760
a 482 483 83 1964
a 482 507 96 1873
a 483 458 82 1686
a 483 482 85 1955
a 483 484 81 1972
a 483 508 93 2009
a 484 459 95 1730
a 484 483 93 1688
a 484 485 96 1932
a 484 509 92 1739
a 485 460 80 1715
a 485 484 99 1628
a 485 486 91 2009
a 485 510 92 1995
a 486 461 86 1852
a 486 485 99 1683
a 486 487 95 1992
a 486 511 100 1635
a 487 462 85 1637
a 487 486 95 1842
a 487 488 87 1664
a 487 512 92 1893
a 488 463 86 1968
a 488 487 98 1768
a 488 489 92 1910
a 488 513 84 1929
a 489 464 80 1676
a 489 488 95 1804
a 489 490 97 1680
a 489 514 100 1662
a 490 465 81 1895
a 490 489 96 1865
a 490 491 87 1719
a 490 515 98 1837
a 491 466 86 1875
a 491 490 92 1671
a 491 492 96 1761
a 491 516 99 1888
a 492 467 95 1654
a 492 491 92 1990
a 492 493 87 1736
a 492 517 89 1969
a 493 468 91 2001
a 493 492 98 1939
a 493 494 85 1654
a 493 518 85 1704
a 494 469 96 1844
a 494 493 83 1624
a 494 495 97 1925
a 494 519 85 1627
a 495 470 85 1993
a 495 494 99 1970
a 495 496 88 1992
a 495 520 86 1866
a 496 471 97 1770
a 496 495 84 1809
a 496 497 92 1811
a 496 521 92 1647
a 497 472 86 1765
a 497 496 96 1680
a 497 498 87 1682
a 497 522 97 1766
a 498 473 95 1720
a 498 497 83 2015
a 498 499 100 1742
a 498 523 80 1997
a 499 474 100 1960
a 499 498 95 1967
a 499 524 88 1842
a 500 475 91 2007
a 500 501 82 1788
a 500 525 84 1742
a 501 476 93 1906
a 501 500 94 1721
a 501 502 96 1646
a 501 526 91 1898
a 502 477 86 1896
a 502 501 82 1723
a 502 503 85 1658
a 502 527 96 1680
a 503 478 87 1894
a 503 502 89 1634
a 503 504 85 1774
a 503 528 85 1839
a 504 479 87 1807
a 504 503 92 1847
a 504 505 87 1721
a 504 529 81 2017
a 505 480 96 2014
a 505 504 100 1768
a 505 506 87 1973
a 505 530 98 1739
a 506 481 80 1667
a 506 505 97 1933
a 506 507 88 1959
a 506 531 87 1896
a 507 482 81 1953
a 507 506 91 1966
a 507 508 99 1909
a 507 532 95 1763
a 508 483 80 1839
a 508 507 92 1727
a 508 509 88 1769
a 508 533 80 1624
a 509 484 85 1997
a 509 508 94 1630
a 509 510 87 1979
a 509 534 93 1672
a 510 485 99 1644
a 510 509 85 1884
a 510 511 96 1938
a 510 535 89 1629
a 511 486 89 1987
a 511 510 85 1814
a 511 512 91 1767
a 511 536 84 1763
a 512 487 96 1800
a 512 511 81 1842
a 512 513 82 1974
a 512 537 96 1766
a 513 488 93 1639
a 513 512 95 1669
a 513 514 86 1846
a 513 538 87 1742
a 514 489 81 1812
a 514 513 91 1641
a 514 515 95 1976
a 514 539 82 1779
a 515 490 85 1808
a 515 514 82 1642
a 515 516 88 1727
a 515 540 95 1965
a 516 491 96 1911
a 516 515 99 1694
a 516 517 85 1867
a 516 541 96 1705
a 517 492 99 1898
a 517 516 92 1816
a 517 518 97 1963
a 517 542 91 1816
a 518 493 88 1941
a 518 517 92 1705
a 518 519 88 1967
a 518 543 84 1835
a 519 494 100 1828
a 519 518 85 1808
a 519 520 86 1997
a 519 544 83 1642
a 520 495 95 2001
a 520 519 82 1941
a 520 521 87 1720
a 520 545 87 1818
a 521 496 94 1748
a 521 520 92 1816
a 521 522 96 1768
a 521 546 95 1836
a 522 497 82 1632
a 522 521 87 1652
a 522 523 85 1772
a 522 547 94 1723
a 523 498 92 1901
a 523 522 83 2012
a 523 524 82 1859
a 523 548 87 1868
a 524 499 92 1958
a 524 523 86 1844
a 524 549 93 1794
a 525 500 87 1842
a 525 526 97 1837
a 525 550 97 1887
a 526 501 88 1802
a 526 525 98 1670
a 526 527 85 1972
a 526 551 88 1993
a 527 502 84 1664
a 527 526 80 1653
a 527 528 80 1780
a 527 552 98 1947
a 528 503 83 1725
a 528 527 85 1766
a 528 529 80 1778
a 528 553 91 1922
a 529 504 82 1990
a 529 528 91 1924
a 529 530 100 1735
a 529 554 82 1760
a 530 505 88 1759
a 530 529 89 1758
a 530 531 91 1979
a 530 555 86 2017
a 531 506 95 1985
a 531 530 100 1974
a 531 532 84 1962
a 531 556 96 1949
a 532 507 86 1984
a 532 531 95 1957
a 532 533 97 2016
a 532 557 85 1799
a 533 508 92 1898
a 533 532 82 1677
a 533 534 100 1982
a 533 558 91 1739
a 534 509 81 1735
a 534 533 94 1765
a 534 535 87 1856
a 534 559 88 1644
a 535 510 98 1987
a 535 534 100 1821
a 535 536 87 1743
a 535 560 81 1648
a 536 511 97 1851
a 536 535 99 2011
a 536 537 81 1835
a 536 561 81 1653
a 537 512 93 1649
a 537 536 88 1621
a 537 538 95 1737
a 537 562 83 1741
a 538 513 98 1878
a 538 537 81 1630
a 538 539 95 1841
a 538 563 98 1673
a 539 514 94 1891
a 539 538 81 1767
a 539 540 87 1662
a 539 564 80 1816
a 540 515 98 1820
a 540 539 93 1899
a 540 541 97 1858
a 540 565 87 1668
a 541 516 86 1963
a 541 540 87 1841
a 541 542 92 1634
a 541 566 86 1955
a 542 517 92 1639
a 542 541 96 1817
a 542 543 81 1853
a 542 567 93 1637
a 543 518 98 1730
a 543 542 80 1669
a 543 544 89 1955
a 543 568 85 1817
a 544 519 86 1711
a 544 543 91 1841
a 544 545 93 1815
a 544 569 95 1886
a 545 520 95 1801
a 545 544 87 1832
a 545 546 92 1825
a 545 570 95 1886
a 546 521 85 1822
a 546 545 100 1964
a 546 547 97 1945
a 546 571 92 1647
a 547 522 100 1803
a 547 546 84 1723
a 547 548 88 1806
a 547 572 97 1860
a 548 523 92 1923
a 548 547 100 1754
a 548 549 80 1795
a 548 573 86 1650
a 549 524 91 2012
a 549 548 91 1953
a 549 574 97 1635
a 550 525 95 1806
a 550 551 84 1831
a 550 575 81 1932
a 551 526 88 1956
a 551 550 89 1844
a 551 552 88 1925
a 551 576 89 1911
a 552 527 83 1792
a 552 551 87 1646
a 552 553 87 1880
a 552 577 96 1906
a 553 528 92 1897
a 553 552 81 1862
a 553 554 81 1787
a 553 578 84 1671
a 554 529 85 2009
a 554 553 84 1808
a 554 555 84 1724
a 554 579 83 1657
a 555 530 82 1956
a 555 554 92 1850
a 555 556 89 1873
a 555 580 89 1851
a 556 531 100 1938
a 556 555 89 1819
a 556 557 91 1686
a 556 581 80 1965
a 557 532 86 1876
a 557 556 80 1629
a 557 558 87 1906
a 557 582 99 1819
a 558 533 99 1963
a 558 557 86 1651
a 558 559 88 1862
a 558 583 87 1799
a 559 534 85 1899
a 559 558 81 1819
a 559 560 83 1841
a 559 584 92 1850
a 560 535 94 1764
a 560 559 84 1816
a 560 561 100 1770
a 560 585 82 1647
a 561 536 81 1999
a 561 560 92 1711
a 561 562 100 1988
a 561 586 84 1637
a 562 537 91 1834
a 562 561 85 1812
a 562 563 83 1756
a 562 587 96 1994
a 563 538 95 1674
a 563 562 95 1884
a 563 564 91 1688
a 563 588 99 1948
a 564 539 97 1939
a 564 563 98 1717
a 564 565 85 1740
a 564 589 80 1766
a 565 540 88 1888
a 565 564 85 1977
a 565 566 82 1743
a 565 590 91 1832
a 566 541 96 1733
a 566 565 100 1735
a 566 567 87 1721
a 566 591 80 1900
a 567 542 99 1953
a 567 566 80 2009
a 567 568 97 1787
a 567 592 99 1776
a 568 543 98 1924
a 568 567 88 1694
a 568 569 96 1630
a 568 593 85 1688
a 569 544 85 1775
a 569 568 85 1649
a 569 570 100 1819
a 569 594 81 2018
a 570 545 94 1987
a 570 569 94 1685
a 570 571 100 1725
a 570 595 87 1850
a 571 546 91 1840
a 571 570 94 1837
a 571 572 87 1875
a 571 596 96 1999
a 572 547 87 1628
a 572 571 93 1864
a 572 573 97 1952
a 572 597 100 1976
a 573 548 80 1752
a 573 572 91 1954
a 573 574 93 1857
a 573 598 91 1773
a 574 549 92 1998
a 574 573 91 1792
a 574 599 83 1838
a 575 550 93 1901
a 575 576 99 1725
a 575 600 84 1743
a 576 551 86 1906
a 576 575 87 1768
a 576 577 85 1857
a 576 601 94 1735
a 577 552 84 1746
a 577 576 81 1844
a 577 578 97 1818
a 577 602 82 1978
a 578 553 89 1734
a 578 577 88 1687
a 578 579 87 1889
a 578 603 98 1905
a 579 554 83 1880
a 579 578 99 1685
a 579 580 85 1729
a 579 604 97 1883
a 580 555 80 1697
a 580 579 93 1773
a 580 581 91 1962
a 580 605 91 1659
a 581 556 80 1829
a 581 580 89 1803
a 581 582 85 1931
a 581 606 87 1708
a 582 557 86 1621
a 582 581 97 2011
a 582 583 98 1751
a 582 607 96 1842
a 583 558 86 1875
a 583 582 97 1857
a 583 584 83 1760
a 583 608 89 1643
a 584 559 89 1781
a 584 583 97 1690
a 584 585 80 1891
a 584 609 98 1882
a 585 560 96 1644
a 585 584 88 1916
a 585 586 96 1658
a 585 610 80 1890
a 586 561 92 1625
a 586 585 82 1708
a 586 587 96 1699
a 586 611 91 1637
a 587 562 96 1702
a 587 586 96 1947
a 587 588 92 1957
a 587 612 84 1887
a 588 563 88 1855
a 588 587 99 1631
a 588 589 91 1835
a 588 613 96 1990
a 589 564 84 1713
a 589 588 84 1642
a 589 590 95 1823
a 589 614 80 1874
a 590 565 86 1846
a 590 589 97 1902
a 590 591 100 1918
a 590 615 87 1794
a 591 566 97 1937
a 591 590 89 1808
a 591 592 92 1943
a 591 616 95 2013
a 592 567 85 1631
a 592 591 95 1996
a 592 593 93 1886
a 592 617 82 1965
a 593 568 98 1684
a 593 592 82 1693
a 593 594 80 1761
a 593 618 88 1864
a 594 569 89 1621
a 594 593 97 1730
a 594 595 93 1914
a 594 619 86 1933
a 595 570 82 1913
a 595 594 84 1871
a 595 596 87 1674
a 595 620 82 1798
a 596 571 98 1687
a 596 595 99 1720
a 596 597 83 1678
a 596 621 87 1630
a 597 572 83 1984
a 597 596 91 1876
a 597 598 97 1764
a 597 622 83 1973
a 598 573 96 1980
a 598 597 94 1789
a 598 599 80 1765
a 598 623 89 1843
a 599 574 95 1763
a 599 598 86 1786
a 599 624 98 1892
a 600 575 93 1649
a 600 601 84 1913
a 601 576 94 1726
a 601 600 91 1643
a 601 602 97 1702
a 602 577 85 1867
a 602 601 86 1751
a 602 603 94 1933
a 603 578 92 1666
a 603 602 85 1689
a 603 604 97 1990
a 604 579 88 1769
a 604 603 88 1731
a 604 605 84 1672
a 605 580 83 1880
a 605 604 85 1770
a 605 606 85 1655
a 606 581 85 1968
a 606 605 96 1973
a 606 607 86 1859
a 607 582 85 1640
a 607 606 99 1862
a 607 608 95 1674
a 608 583 87 1828
a 608 607 92 2016
a 608 609 99 1707
a 609 584 100 1803
a 609 608 84 1696
a 609 610 96 1673
a 610 585 97 1930
a 610 609 81 1806
a 610 611 93 1766
a 611 586 87 1833
a 611 610 100 1723
a 611 612 85 1707
a 612 587 86 1699
a 612 611 80 1898
a 612 613 83 1828
a 613 588 100 1854
a 613 612 82 1716
a 613 614 91 1949
a 614 589 83 1631
a 614 613 92 1713
a 614 615 84 1636
a 615 590 84 1860
a 615 614 98 1775
a 615 616 97 1987
a 616 591 100 1671
a 616 615 94 1983
a 616 617 99 1714
a 617 592 89 1711
a 617 616 84 1885
a 617 618 96 1770
a 618 593 100 1801
a 618 617 98 1795
a 618 619 100 1825
a 619 594 89 1699
a 619 618 86 1750
a 619 620 92 1863
a 620 595 88 1651
a 620 619 96 1654
a 620 621 99 1853
a 621 596 91 1873
a 621 620 86 1860
a 621 622 99 1933
a 622 597 92 1992
a 622 621 96 1755
a 622 623 87 1731
a 623 598 100 1646
a 623 622 85 1644
a 623 624 97 1753
a 624 599 98 1990
a 624 623 95 1855
