c multi commodity flow
c grid2
c
c problem vertices edges commodities
p mcf 25 80 100
c
c origin destination demand
k 17 14 69
k 5 0 79
k 10 20 20
k 6 14 51
k 3 20 84
k 19 9 42
k 11 9 55
k 23 10 33
k 10 24 63
k 19 20 87
k 18 11 13
k 13 9 18
k 17 10 16
k 17 22 58
k 17 3 85
k 9 22 75
k 5 2 93
k 20 16 82
k 0 15 43
k 1 17 97
k 17 24 44
k 22 15 55
k 8 6 80
k 22 3 79
k 1 20 54
k 19 23 85
k 17 2 55
k 11 7 42
k 14 2 11
k 5 18 36
k 6 10 29
k 23 24 59
k 9 7 86
k 2 4 91
k 0 18 16
k 21 6 78
k 6 0 30
k 5 19 33
k 21 17 15
k 6 16 69
k 24 8 51
k 19 7 57
k 5 14 65
k 7 16 60
k 7 12 81
k 12 22 78
k 21 15 59
k 16 20 38
k 10 5 38
k 22 4 96
k 4 2 34
k 4 21 37
k 12 6 100
k 5 22 92
k 9 1 83
k 6 17 83
k 16 14 84
k 15 13 38
k 13 2 12
k 12 10 28
k 2 21 63
k 15 14 92
k 0 6 52
k 4 3 83
k 3 5 17
k 10 12 57
k 8 9 60
k 8 11 22
k 3 14 95
k 24 15 59
k 20 13 80
k 11 8 40
k 8 1 72
k 1 11 75
k 17 4 47
k 20 11 91
k 14 18 17
k 13 3 11
k 18 21 16
k 9 15 45
k 24 0 95
k 22 12 57
k 12 23 74
k 16 23 85
k 5 15 43
k 7 17 16
k 6 7 100
k 5 8 49
k 17 7 11
k 13 24 20
k 4 24 39
k 13 22 91
k 0 17 60
k 3 15 74
k 16 7 70
k 22 2 15
k 2 24 29
k 13 12 48
k 10 0 52
k 18 6 96
c
c source target cost capacity
a 0 1 91 235
a 0 5 97 382
a 1 0 95 201
a 1 2 82 237
a 1 6 92 249
a 2 1 85 451
a 2 3 95 514
a 2 7 97 388
a 3 2 93 274
a 3 4 83 241
a 3 8 85 291
a 4 3 99 240
a 4 9 87 209
a 5 0 80 226
a 5 6 85 581
a 5 10 98 410
a 6 1 88 353
a 6 5 93 541
a 6 7 84 523
a 6 11 85 322
a 7 2 81 448
a 7 6 96 256
a 7 8 96 382
a 7 12 88 380
a 8 3 87 293
a 8 7 98 484
a 8 9 84 308
a 8 13 97 517
a 9 4 100 367
a 9 8 83 381
a 9 14 99 315
a 10 5 94 512
a 10 11 88 251
a 10 15 86 496
a 11 6 96 402
a 11 10 83 399
a 11 12 98 475
a 11 16 85 549
a 12 7 93 331
a 12 11 86 366
a 12 13 93 399
a 12 17 94 480
a 13 8 82 363
a 13 12 96 481
a 13 14 91 537
a 13 18 88 249
a 14 9 92 476
a 14 13 98 418
a 14 19 83 348
a 15 10 82 431
a 15 16 88 571
a 15 20 94 355
a 16 11 96 281
a 16 15 94 293
a 16 17 80 380
a 16 21 94 380
a 17 12 86 326
a 17 16 100 588
a 17 18 100 390
a 17 22 94 395
a 18 13 82 241
a 18 17 89 550
a 18 19 98 495
a 18 23 88 268
a 19 14 100 504
a 19 18 89 343
a 19 24 81 483
a 20 15 92 195
a 20 21 98 369
a 21 16 92 426
a 21 20 92 283
a 21 22 92 230
a 22 17 96 473
a 22 21 94 302
a 22 23 99 473
a 23 18 97 568
a 23 22 97 377
a 23 24 92 502
a 24 19 89 560
a 24 23 95 308
