c multi commodity flow
c grid1
c
c problem vertices edges commodities
p mcf 25 80 50
c
c origin destination demand
k 17 14 69
k 5 0 79
k 10 20 20
k 6 14 51
k 3 20 84
k 19 9 42
k 11 9 55
k 23 10 33
k 10 24 63
k 19 20 87
k 18 11 13
k 13 9 18
k 17 10 16
k 17 22 58
k 17 3 85
k 9 22 75
k 5 2 93
k 20 16 82
k 0 15 43
k 1 17 97
k 17 24 44
k 22 15 55
k 8 6 80
k 22 3 79
k 1 20 54
k 19 23 85
k 17 2 55
k 11 7 42
k 14 2 11
k 5 18 36
k 6 10 29
k 23 24 59
k 9 7 86
k 2 4 91
k 0 18 16
k 21 6 78
k 6 0 30
k 5 19 33
k 21 17 15
k 6 16 69
k 24 8 51
k 19 7 57
k 5 14 65
k 7 16 60
k 7 12 81
k 12 22 78
k 21 15 59
k 16 20 38
k 10 5 38
k 22 4 96
c
c source target cost capacity
a 0 1 91 139
a 0 5 97 286
a 1 0 95 105
a 1 2 82 141
a 1 6 92 153
a 2 1 85 355
a 2 3 95 418
a 2 7 97 292
a 3 2 93 178
a 3 4 83 145
a 3 8 85 195
a 4 3 99 144
a 4 9 87 113
a 5 0 80 130
a 5 6 85 485
a 5 10 98 314
a 6 1 88 257
a 6 5 93 445
a 6 7 84 427
a 6 11 85 226
a 7 2 81 352
a 7 6 96 160
a 7 8 96 286
a 7 12 88 284
a 8 3 87 197
a 8 7 98 388
a 8 9 84 212
a 8 13 97 421
a 9 4 100 271
a 9 8 83 285
a 9 14 99 219
a 10 5 94 416
a 10 11 88 155
a 10 15 86 400
a 11 6 96 306
a 11 10 83 303
a 11 12 98 379
a 11 16 85 453
a 12 7 93 235
a 12 11 86 270
a 12 13 93 303
a 12 17 94 384
a 13 8 82 267
a 13 12 96 385
a 13 14 91 441
a 13 18 88 153
a 14 9 92 380
a 14 13 98 322
a 14 19 83 252
a 15 10 82 335
a 15 16 88 475
a 15 20 94 259
a 16 11 96 185
a 16 15 94 197
a 16 17 80 284
a 16 21 94 284
a 17 12 86 230
a 17 16 100 492
a 17 18 100 294
a 17 22 94 299
a 18 13 82 145
a 18 17 89 454
a 18 19 98 399
a 18 23 88 172
a 19 14 100 408
a 19 18 89 247
a 19 24 81 387
a 20 15 92 99
a 20 21 98 273
a 21 16 92 330
a 21 20 92 187
a 21 22 92 134
a 22 17 96 377
a 22 21 94 206
a 22 23 99 377
a 23 18 97 472
a 23 22 97 281
a 23 24 92 406
a 24 19 89 464
a 24 23 95 212
