c multi commodity flow
c grid9
c
c problem vertices edges commodities
p mcf 625 2400 1000
c
c origin destination demand
k 140 114 71
k 268 96 76
k 318 605 56
k 437 580 58
k 282 366 64
k 396 469 48
k 427 523 38
k 264 364 50
k 199 100 45
k 77 612 16
k 564 272 96
k 555 173 18
k 336 48 72
k 23 579 47
k 222 247 29
k 601 251 98
k 425 589 67
k 389 101 23
k 517 107 75
k 404 490 16
k 399 528 47
k 324 601 91
k 169 250 53
k 603 619 52
k 267 323 71
k 179 594 67
k 571 327 40
k 559 326 79
k 74 478 56
k 406 300 93
k 292 352 44
k 308 585 54
k 120 509 84
k 197 319 47
k 273 278 46
k 560 272 63
k 47 453 93
k 494 170 21
k 52 505 25
k 201 584 49
k 100 345 14
k 72 320 67
k 43 419 92
k 458 98 11
k 43 240 68
k 558 358 89
k 187 551 85
k 218 491 100
k 296 583 20
k 339 70 80
k 8 479 70
k 388 120 49
k 133 513 99
k 109 456 29
k 406 527 46
k 534 489 50
k 15 144 11
k 1 182 62
k 314 38 30
k 79 307 97
k 406 36 33
k 419 143 69
k 451 266 54
k 404 286 81
k 379 154 76
k 281 367 77
k 424 275 26
k 151 246 98
k 250 277 68
k 412 74 96
k 137 170 37
k 52 448 87
k 286 400 57
k 157 116 67
k 532 15 87
k 219 585 68
k 362 586 75
k 601 486 68
k 248 35 94
k 603 214 25
k 102 86 44
k 572 245 76
k 75 451 36
k 33 342 35
k 3 153 22
k 75 56 53
k 556 290 24
k 190 542 82
k 592 384 14
k 448 304 21
k 241 406 70
k 546 75 59
k 99 522 77
k 279 608 85
k 559 37 54
k 609 523 13
k 205 32 39
k 110 586 71
k 450 275 22
k 529 278 69
k 340 527 21
k 593 179 85
k 461 14 68
k 138 269 90
k 99 227 76
k 265 6 32
k 81 258 91
k 606 18 34
k 250 522 50
k 82 77 53
k 514 478 47
k 40 293 63
k 19 72 63
k 279 453 71
k 423 393 83
k 336 181 45
k 504 281 78
k 422 290 64
k 586 257 87
k 353 496 84
k 38 58 54
k 118 136 70
k 619 506 33
k 219 75 21
k 93 580 59
k 611 136 73
k 596 107 96
k 604 12 93
k 37 481 15
k 345 285 64
k 85 92 49
k 494 516 35
k 609 308 83
k 370 389 64
k 555 358 55
k 450 415 97
k 32 396 25
k 156 214 22
k 550 607 14
k 492 280 84
k 130 396 49
k 323 26 20
k 215 360 57
k 235 408 66
k 124 245 59
k 344 110 77
k 192 190 38
k 402 283 37
k 472 151 87
k 238 75 49
k 210 350 96
k 220 122 13
k 49 38 67
k 556 321 20
k 524 181 42
k 462 497 12
k 292 393 38
k 303 197 53
k 291 119 81
k 364 26 48
k 217 572 100
k 223 238 46
k 373 304 15
k 79 228 30
k 312 270 36
k 461 508 21
k 315 97 53
k 20 67 72
k 481 204 94
k 38 551 46
k 105 31 21
k 609 497 11
k 14 230 43
k 278 504 34
k 202 485 86
k 58 302 83
k 400 290 63
k 230 98 59
k 455 487 73
k 564 415 32
k 207 557 59
k 622 104 80
k 135 313 33
k 534 506 25
k 347 549 44
k 8 465 81
k 342 30 33
k 121 32 35
k 192 441 82
k 255 290 42
k 368 164 35
k 158 21 71
k 363 604 85
k 56 184 47
k 542 374 86
k 545 305 63
k 169 103 26
k 471 243 27
k 13 450 62
k 48 335 91
k 494 182 75
k 570 420 67
k 100 138 81
k 414 168 30
k 130 334 15
k 290 335 64
k 447 232 39
k 548 396 93
k 103 496 73
k 472 264 24
k 469 191 77
k 511 89 26
k 225 88 100
k 311 347 51
k 195 339 92
k 455 288 26
k 554 550 29
k 294 392 58
k 515 167 12
k 520 237 70
k 126 245 87
k 252 438 55
k 46 156 11
k 546 139 18
k 624 233 82
k 602 77 50
k 503 527 52
k 10 134 28
k 491 419 30
k 143 455 63
k 288 584 18
k 154 516 72
k 271 213 82
k 356 62 90
k 69 172 62
k 600 413 63
k 294 63 45
k 213 118 80
k 43 53 31
k 540 548 97
k 269 510 49
k 180 42 21
k 174 220 13
k 540 440 81
k 6 125 58
k 124 588 75
k 238 60 17
k 144 199 43
k 129 556 30
k 382 295 42
k 374 464 89
k 410 20 45
k 244 216 92
k 16 167 77
k 580 507 94
k 156 422 60
k 478 572 23
k 492 225 83
k 290 320 24
k 365 553 46
k 160 605 15
k 38 279 28
k 420 249 95
k 193 539 34
k 40 330 91
k 428 230 30
k 522 586 42
k 586 538 56
k 206 38 62
k 236 329 43
k 115 407 18
k 90 586 94
k 585 162 59
k 289 193 65
k 6 299 79
k 282 494 78
k 311 107 46
k 476 14 80
k 329 344 69
k 460 585 65
k 27 390 94
k 504 242 92
k 485 616 28
k 286 12 89
k 286 208 84
k 30 69 13
k 216 565 61
k 619 335 90
k 113 373 96
k 118 361 35
k 123 179 56
k 4 469 32
k 136 623 47
k 202 119 64
k 220 537 96
k 177 55 83
k 611 619 22
k 12 236 36
k 483 400 40
k 531 484 70
k 612 519 40
k 8 516 43
k 100 194 29
k 558 19 57
k 599 427 66
k 414 585 99
k 613 46 38
k 189 350 95
k 609 520 17
k 100 322 25
k 190 185 71
k 515 617 77
k 304 208 61
k 486 109 63
k 405 616 76
k 291 107 71
k 619 389 23
k 86 558 51
k 386 216 42
k 457 51 45
k 319 540 64
k 168 547 32
k 52 272 93
k 377 76 61
k 451 35 55
k 600 292 49
k 622 201 97
k 438 378 90
k 144 219 71
k 575 273 17
k 99 370 96
k 576 312 17
k 603 139 37
k 596 287 45
k 183 536 91
k 558 522 37
k 269 420 42
k 375 44 13
k 589 105 57
k 232 483 64
k 91 49 26
k 51 541 50
k 152 461 37
k 152 563 12
k 624 554 18
k 14 163 59
k 54 550 18
k 186 469 92
k 532 490 53
k 507 342 31
k 446 360 75
k 258 65 43
k 83 312 69
k 19 347 30
k 167 352 32
k 204 53 21
k 458 570 80
k 530 442 43
k 209 229 26
k 393 378 88
k 594 378 91
k 490 447 31
k 5 103 53
k 93 96 49
k 502 328 88
k 472 461 88
k 314 568 61
k 242 311 59
k 286 569 84
k 504 159 72
k 537 375 29
k 93 192 88
k 53 85 15
k 273 277 47
k 473 69 48
k 20 149 98
k 558 394 21
k 571 220 84
k 609 310 39
k 585 316 81
k 407 336 86
k 315 397 54
k 335 99 19
k 139 297 42
k 285 157 17
k 5 85 16
k 31 502 96
k 458 198 41
k 25 319 11
k 320 68 47
k 192 358 35
k 158 144 36
k 250 114 79
k 477 214 14
k 398 176 79
k 405 186 78
k 18 256 14
k 46 618 32
k 44 84 93
k 167 294 63
k 319 169 75
k 103 221 43
k 524 542 57
k 511 468 53
k 503 382 98
k 528 282 57
k 146 426 57
k 210 31 84
k 592 123 96
k 590 375 41
k 232 568 14
k 268 525 35
k 309 533 59
k 247 514 92
k 544 493 80
k 264 12 88
k 292 466 35
k 549 224 62
k 5 177 64
k 380 74 24
k 48 276 81
k 586 32 79
k 218 199 67
k 126 204 31
k 17 593 18
k 601 562 50
k 250 236 64
k 125 240 22
k 415 206 96
k 592 347 52
k 207 524 70
k 487 548 39
k 470 67 58
k 286 20 41
k 161 600 71
k 251 592 95
k 105 47 86
k 406 278 74
k 99 585 90
k 167 610 56
k 177 428 95
k 517 5 11
k 578 571 28
k 181 157 60
k 205 420 56
k 237 78 73
k 376 240 93
k 150 94 25
k 314 45 79
k 332 506 58
k 199 533 18
k 132 554 69
k 80 165 37
k 515 160 18
k 617 122 54
k 45 207 56
k 391 149 82
k 437 505 37
k 153 379 17
k 34 599 88
k 362 446 36
k 83 74 93
k 445 341 44
k 87 266 42
k 429 157 82
k 428 500 90
k 55 367 33
k 245 529 99
k 548 45 22
k 568 198 46
k 66 362 71
k 566 161 72
k 229 416 60
k 308 262 74
k 552 15 16
k 315 209 15
k 587 566 31
k 44 559 55
k 438 49 54
k 547 551 29
k 146 496 25
k 48 574 69
k 468 51 71
k 167 71 26
k 199 313 38
k 368 495 59
k 531 13 91
k 268 176 68
k 208 536 89
k 323 207 53
k 445 526 71
k 581 411 52
k 301 595 41
k 63 442 57
k 459 0 51
k 330 266 11
k 99 623 27
k 43 4 28
k 559 109 25
k 469 302 62
k 298 70 91
k 251 191 50
k 467 333 90
k 188 450 78
k 2 110 40
k 57 326 34
k 51 294 35
k 327 483 44
k 601 268 82
k 502 520 48
k 149 139 39
k 309 509 71
k 427 589 25
k 529 600 69
k 412 158 94
k 607 239 37
k 385 407 28
k 232 43 74
k 406 516 81
k 504 501 87
k 393 47 50
k 109 363 83
k 585 421 26
k 7 136 70
k 581 256 13
k 29 433 64
k 10 103 23
k 62 487 41
k 227 69 50
k 30 531 54
k 522 543 72
k 564 619 87
k 226 422 85
k 391 622 28
k 529 586 40
k 297 494 82
k 219 453 93
k 619 528 55
k 595 126 82
k 168 217 44
k 544 56 92
k 392 613 15
k 236 243 18
k 146 92 99
k 133 10 61
k 241 32 29
k 3 233 83
k 616 232 80
k 521 110 93
k 18 524 72
k 124 538 92
k 443 71 21
k 210 398 72
k 406 319 16
k 405 257 77
k 597 289 48
k 200 260 85
k 551 493 99
k 165 137 60
k 607 611 19
k 521 515 46
k 174 229 92
k 414 334 48
k 468 370 30
k 477 130 26
k 499 193 53
k 163 98 75
k 257 304 68
k 563 180 17
k 486 479 25
k 326 556 96
k 81 582 21
k 618 440 86
k 197 455 51
k 233 230 37
k 124 420 33
k 333 614 33
k 290 95 96
k 210 104 61
k 277 533 65
k 392 319 14
k 85 126 11
k 252 373 89
k 380 21 20
k 392 468 91
k 86 573 12
k 105 53 86
k 553 196 92
k 560 170 83
k 146 36 97
k 176 352 65
k 147 69 79
k 282 525 100
k 398 275 63
k 451 472 38
k 410 379 33
k 477 82 82
k 532 325 59
k 588 481 60
k 44 261 83
k 310 193 66
k 162 315 13
k 255 576 47
k 604 306 91
k 301 36 53
k 223 503 22
k 359 106 40
k 288 482 38
k 432 174 29
k 41 43 57
k 497 48 86
k 590 432 100
k 312 35 74
k 617 374 74
k 162 451 21
k 590 604 29
k 6 58 50
k 35 275 47
k 258 275 40
k 248 490 57
k 464 155 69
k 283 562 36
k 603 510 19
k 591 537 60
k 273 207 35
k 137 500 66
k 595 519 69
k 285 279 83
k 175 518 22
k 275 149 25
k 583 358 29
k 234 495 62
k 199 438 53
k 286 76 82
k 517 253 24
k 65 53 27
k 221 564 36
k 600 178 18
k 266 12 44
k 41 266 76
k 52 507 57
k 246 281 53
k 75 164 64
k 349 528 46
k 494 114 70
k 371 510 32
k 537 90 94
k 79 574 60
k 214 510 83
k 22 353 93
k 559 589 43
k 343 613 88
k 494 362 67
k 380 37 27
k 192 508 67
k 585 213 41
k 9 39 91
k 490 47 52
k 385 560 18
k 410 142 95
k 264 343 44
k 364 562 30
k 254 555 91
k 529 423 66
k 328 98 63
k 102 340 41
k 545 454 52
k 600 209 15
k 367 489 52
k 229 293 13
k 130 491 51
k 596 213 89
k 493 228 68
k 379 82 85
k 231 274 73
k 143 152 73
k 613 366 46
k 618 277 59
k 302 602 85
k 334 353 94
k 388 139 75
k 487 296 89
k 67 482 84
k 296 374 54
k 394 214 46
k 383 438 82
k 563 527 22
k 477 265 58
k 311 606 70
k 222 358 49
k 449 496 81
k 585 448 50
k 234 243 56
k 23 423 52
k 410 290 20
k 373 211 29
k 290 472 18
k 463 171 95
k 62 282 55
k 576 173 35
k 295 91 40
k 546 326 38
k 177 297 89
k 342 592 24
k 262 450 35
k 441 68 78
k 256 623 32
k 314 240 76
k 355 93 22
k 376 401 57
k 531 622 100
k 209 232 84
k 487 597 62
k 533 326 44
k 285 182 49
k 65 10 63
k 27 588 46
k 305 380 90
k 330 221 100
k 244 520 59
k 317 208 99
k 0 291 66
k 278 608 84
k 601 519 77
k 461 523 68
k 242 274 95
k 328 441 24
k 169 416 91
k 333 133 38
k 252 236 68
k 67 324 100
k 279 230 100
k 29 358 76
k 267 162 89
k 257 321 80
k 567 434 17
k 327 15 60
k 549 325 84
k 129 99 37
k 176 383 89
k 246 516 51
k 342 214 45
k 502 573 78
k 480 614 98
k 35 452 78
k 491 445 56
k 262 429 19
k 386 581 23
k 49 377 63
k 583 319 41
k 272 604 61
k 541 605 40
k 92 80 26
k 561 262 76
k 365 82 56
k 620 243 45
k 314 324 29
k 194 581 51
k 372 464 65
k 410 601 64
k 106 75 87
k 81 145 67
k 208 189 42
k 101 284 38
k 475 582 55
k 80 164 68
k 592 210 94
k 507 19 76
k 77 457 62
k 100 442 96
k 59 143 63
k 506 28 11
k 386 608 85
k 379 130 48
k 451 449 38
k 536 156 94
k 194 61 24
k 574 374 30
k 298 279 22
k 77 615 18
k 535 269 41
k 411 255 17
k 171 298 79
k 437 206 21
k 227 183 23
k 589 280 95
k 10 114 99
k 162 506 65
k 0 328 75
k 434 460 80
k 25 265 43
k 8 390 47
k 409 22 92
k 388 350 64
k 190 251 80
k 416 608 100
k 253 348 58
k 187 595 55
k 524 61 50
k 319 315 48
k 54 168 15
k 193 220 63
k 313 458 71
k 188 246 78
k 465 261 84
k 488 467 90
k 358 68 33
k 61 73 45
k 154 388 32
k 194 46 92
k 129 171 70
k 440 258 18
k 526 619 20
k 373 90 95
k 181 247 91
k 550 319 35
k 588 461 45
k 468 566 91
k 447 164 31
k 600 64 45
k 566 263 80
k 408 178 66
k 392 199 70
k 39 89 73
k 72 302 32
k 185 269 71
k 404 391 42
k 328 599 63
k 75 157 87
k 300 372 35
k 391 418 80
k 451 470 69
k 79 18 36
k 497 303 63
k 593 258 97
k 588 605 49
k 388 286 16
k 182 196 99
k 577 322 56
k 279 388 38
k 256 504 19
k 464 236 52
k 174 57 73
k 257 31 57
k 527 203 50
k 561 254 81
k 200 596 62
k 536 123 51
k 323 213 11
k 407 307 75
k 470 451 16
k 164 545 46
k 150 146 18
k 320 533 75
k 449 444 20
k 2 63 99
k 324 600 30
k 184 157 53
k 48 6 100
k 170 25 40
k 240 181 59
k 269 187 85
k 277 401 77
k 395 317 26
k 497 234 24
k 509 296 39
k 33 146 74
k 549 417 16
k 275 535 40
k 360 63 95
k 582 52 39
k 208 557 87
k 121 81 44
k 443 57 29
k 285 26 17
k 164 198 54
k 8 587 99
k 580 455 48
k 497 65 81
k 345 103 55
k 354 593 73
k 438 156 11
k 180 84 27
k 189 196 15
k 229 290 51
k 514 347 77
k 168 380 66
k 311 112 17
k 424 582 83
k 295 486 16
k 252 502 51
k 257 272 25
k 14 257 84
k 80 11 94
k 14 203 52
k 561 373 94
k 308 398 25
k 172 22 64
k 326 233 11
k 147 617 50
k 461 530 51
k 183 92 90
k 219 423 37
k 409 97 48
k 520 27 42
k 267 89 97
k 373 303 51
k 153 146 83
k 530 506 54
k 173 302 66
k 465 322 86
k 223 183 51
k 257 237 76
k 418 355 81
k 361 180 17
k 116 137 52
k 620 50 78
k 219 222 40
k 518 457 55
k 423 91 95
k 157 518 61
k 252 67 100
k 334 299 40
k 258 601 81
k 127 518 96
k 480 344 41
k 426 467 51
k 401 587 19
k 289 73 45
k 506 144 74
k 99 145 81
k 62 9 14
k 245 84 43
k 198 211 96
k 327 550 46
k 486 457 63
k 251 601 88
k 520 500 12
k 408 1 45
k 196 256 12
k 119 237 81
k 469 556 21
k 489 360 47
k 79 339 65
k 134 258 100
k 28 110 64
k 609 121 21
k 615 609 53
k 105 323 98
k 51 35 19
k 337 329 40
k 88 543 83
k 461 33 68
k 239 426 36
k 290 451 18
k 450 16 62
k 273 136 40
k 479 335 82
k 213 411 58
k 286 344 16
k 493 51 54
k 479 286 47
k 538 268 85
k 331 269 15
k 391 555 19
k 464 250 32
k 246 621 92
k 337 18 28
k 517 170 44
k 361 423 20
k 419 242 30
k 248 31 43
k 138 352 82
k 232 7 69
k 79 244 53
k 120 612 53
k 615 504 96
k 23 93 49
k 574 49 57
k 462 349 69
k 180 427 27
k 138 193 66
k 87 95 21
k 601 192 19
k 300 610 80
k 265 180 48
k 180 277 99
k 462 394 70
k 364 456 48
k 473 287 11
k 318 326 88
k 255 336 51
k 251 481 78
k 132 291 94
k 387 500 80
k 345 320 47
k 4 467 80
k 554 564 84
k 307 25 53
k 151 349 35
c
c source target cost capacity
a 0 1 91 763
a 0 25 97 910
a 1 0 95 729
a 1 2 82 765
a 1 26 92 777
a 2 1 85 979
a 2 3 95 1042
a 2 27 97 916
a 3 2 93 802
a 3 4 83 769
a 3 28 85 819
a 4 3 99 768
a 4 5 87 737
a 4 29 80 754
a 5 4 85 1109
a 5 6 98 938
a 5 30 88 881
a 6 5 93 1069
a 6 7 84 1051
a 6 31 85 850
a 7 6 81 976
a 7 8 96 784
a 7 32 96 910
a 8 7 88 908
a 8 9 87 821
a 8 33 98 1012
a 9 8 84 836
a 9 10 97 1045
a 9 34 100 895
a 10 9 83 909
a 10 11 99 843
a 10 35 94 1040
a 11 10 88 779
a 11 12 86 1024
a 11 36 96 930
a 12 11 83 927
a 12 13 98 1003
a 12 37 85 1077
a 13 12 93 859
a 13 14 86 894
a 13 38 93 927
a 14 13 94 1008
a 14 15 82 891
a 14 39 96 1009
a 15 14 91 1065
a 15 16 88 777
a 15 40 92 1004
a 16 15 98 946
a 16 17 83 876
a 16 41 82 959
a 17 16 88 1099
a 17 18 94 883
a 17 42 96 809
a 18 17 94 821
a 18 19 80 908
a 18 43 94 908
a 19 18 86 854
a 19 20 100 1116
a 19 44 100 918
a 20 19 94 923
a 20 21 82 769
a 20 45 89 1078
a 21 20 98 1023
a 21 22 88 796
a 21 46 100 1032
a 22 21 89 871
a 22 23 81 1011
a 22 47 92 723
a 23 22 98 897
a 23 24 92 954
a 23 48 92 811
a 24 23 92 758
a 24 49 96 1001
a 25 0 94 830
a 25 26 99 1001
a 25 50 97 1096
a 26 1 97 905
a 26 25 92 1030
a 26 27 89 1088
a 26 51 95 836
a 27 2 82 998
a 27 26 84 816
a 27 28 89 889
a 27 52 99 820
a 28 3 96 772
a 28 27 81 1039
a 28 29 94 906
a 28 53 94 1089
a 29 4 95 882
a 29 28 80 1032
a 29 30 81 1017
a 29 54 95 929
a 30 5 94 997
a 30 29 95 1001
a 30 31 81 998
a 30 55 88 865
a 31 6 81 863
a 31 30 94 764
a 31 32 80 981
a 31 56 98 965
a 32 7 94 993
a 32 31 80 1110
a 32 33 86 964
a 32 57 95 821
a 33 8 82 776
a 33 32 98 1042
a 33 34 85 1093
a 33 58 81 767
a 34 9 95 848
a 34 33 86 759
a 34 35 91 1010
a 34 59 93 891
a 35 10 87 1109
a 35 34 96 846
a 35 36 99 800
a 35 60 99 1019
a 36 11 89 819
a 36 35 98 729
a 36 37 93 1038
a 36 61 87 1008
a 37 12 91 977
a 37 36 83 864
a 37 38 85 847
a 37 62 96 945
a 38 13 97 988
a 38 37 96 919
a 38 39 82 1087
a 38 63 82 975
a 39 14 84 1053
a 39 38 94 803
a 39 40 86 787
a 39 64 100 757
a 40 15 93 1062
a 40 39 93 830
a 40 41 96 1118
a 40 65 87 1083
a 41 16 94 1041
a 41 40 87 1042
a 41 42 83 1048
a 41 66 83 845
a 42 17 96 725
a 42 41 96 796
a 42 43 89 955
a 42 67 83 1085
a 43 18 91 905
a 43 42 92 1041
a 43 44 92 748
a 43 68 85 925
a 44 19 94 938
a 44 43 94 771
a 44 45 95 775
a 44 69 84 1110
a 45 20 83 1043
a 45 44 84 903
a 45 46 94 857
a 45 70 89 738
a 46 21 85 994
a 46 45 92 1056
a 46 47 85 945
a 46 71 98 942
a 47 22 92 1016
a 47 46 99 876
a 47 48 97 1113
a 47 72 89 1087
a 48 23 84 914
a 48 47 80 986
a 48 49 80 813
a 48 73 97 833
a 49 24 98 821
a 49 48 86 814
a 49 74 94 1085
a 50 25 85 841
a 50 51 91 805
a 50 75 84 762
a 51 26 88 848
a 51 50 84 1076
a 51 52 81 724
a 51 76 82 784
a 52 27 83 984
a 52 51 86 1073
a 52 53 91 758
a 52 77 100 832
a 53 28 83 923
a 53 52 95 726
a 53 54 85 828
a 53 78 80 826
a 54 29 91 1035
a 54 53 84 762
a 54 55 86 899
a 54 79 94 826
a 55 30 85 763
a 55 54 85 1070
a 55 56 82 807
a 55 80 84 1056
a 56 31 97 983
a 56 55 94 833
a 56 57 95 793
a 56 81 81 840
a 57 32 85 926
a 57 56 85 1045
a 57 58 100 980
a 57 82 91 929
a 58 33 82 960
a 58 57 80 955
a 58 59 85 993
a 58 83 96 1063
a 59 34 83 748
a 59 58 84 1013
a 59 60 88 736
a 59 84 88 842
a 60 35 91 901
a 60 59 94 1084
a 60 61 86 743
a 60 85 92 966
a 61 36 92 829
a 61 60 93 876
a 61 62 83 1111
a 61 86 99 898
a 62 37 86 906
a 62 61 84 962
a 62 63 88 1030
a 62 87 86 832
a 63 38 88 871
a 63 62 85 949
a 63 64 94 1118
a 63 88 98 806
a 64 39 88 954
a 64 63 94 760
a 64 65 81 984
a 64 89 93 839
a 65 40 98 871
a 65 64 100 783
a 65 66 93 1019
a 65 90 87 946
a 66 41 91 768
a 66 65 95 872
a 66 67 100 832
a 66 91 91 894
a 67 42 84 856
a 67 66 97 730
a 67 68 85 952
a 67 92 89 972
a 68 43 93 1027
a 68 67 95 864
a 68 69 84 996
a 68 93 82 815
a 69 44 97 775
a 69 68 89 1065
a 69 70 88 914
a 69 94 91 772
a 70 45 100 733
a 70 69 86 766
a 70 71 98 947
a 70 95 96 861
a 71 46 88 937
a 71 70 92 1059
a 71 72 98 878
a 71 96 94 976
a 72 47 89 725
a 72 71 93 1118
a 72 73 82 1008
a 72 97 85 1020
a 73 48 82 999
a 73 72 98 798
a 73 74 85 1075
a 73 98 97 1012
a 74 49 96 939
a 74 73 85 968
a 74 99 84 1102
a 75 50 85 1039
a 75 76 84 1106
a 75 100 87 949
a 76 51 81 821
a 76 75 99 1116
a 76 77 93 1026
a 76 101 86 1011
a 77 52 94 856
a 77 76 82 808
a 77 78 85 782
a 77 102 88 889
a 78 53 81 1093
a 78 77 81 1089
a 78 79 82 1116
a 78 103 96 1093
a 79 54 98 1050
a 79 78 82 1089
a 79 80 91 765
a 79 104 92 766
a 80 55 96 852
a 80 79 94 1003
a 80 81 86 729
a 80 105 93 849
a 81 56 85 824
a 81 80 88 1005
a 81 82 88 999
a 81 106 88 726
a 82 57 88 725
a 82 81 94 1061
a 82 83 98 1043
a 82 107 87 1102
a 83 58 91 1022
a 83 82 84 1068
a 83 84 81 773
a 83 108 94 881
a 84 59 94 828
a 84 83 97 1006
a 84 85 88 903
a 84 109 81 807
a 85 60 100 901
a 85 84 93 963
a 85 86 83 1007
a 85 110 83 829
a 86 61 93 743
a 86 85 96 1076
a 86 87 97 992
a 86 111 87 748
a 87 62 99 976
a 87 86 82 882
a 87 88 81 1098
a 87 112 84 723
a 88 63 94 846
a 88 87 80 911
a 88 89 87 939
a 88 113 82 779
a 89 64 81 827
a 89 88 88 805
a 89 90 93 1099
a 89 114 98 1095
a 90 65 91 982
a 90 89 97 815
a 90 91 89 985
a 90 115 92 1025
a 91 66 93 1048
a 91 90 95 937
a 91 92 88 867
a 91 116 93 1023
a 92 67 89 894
a 92 91 86 961
a 92 93 91 998
a 92 117 96 1024
a 93 68 96 946
a 93 92 80 883
a 93 94 81 947
a 93 118 98 1054
a 94 69 100 795
a 94 93 100 949
a 94 95 97 837
a 94 119 80 823
a 95 70 88 799
a 95 94 82 789
a 95 96 80 815
a 95 120 89 871
a 96 71 93 900
a 96 95 85 913
a 96 97 81 864
a 96 121 99 822
a 97 72 100 1053
a 97 96 96 819
a 97 98 80 862
a 97 122 97 916
a 98 73 96 1097
a 98 97 91 983
a 98 99 91 1010
a 98 123 83 772
a 99 74 96 871
a 99 98 94 992
a 99 124 81 936
a 100 75 98 759
a 100 101 96 781
a 100 125 94 1086
a 101 76 88 789
a 101 100 87 1119
a 101 102 88 844
a 101 126 87 961
a 102 77 92 1034
a 102 101 95 1021
a 102 103 93 820
a 102 127 97 1110
a 103 78 89 1062
a 103 102 89 1098
a 103 104 87 1031
a 103 128 88 950
a 104 79 82 934
a 104 103 97 839
a 104 105 97 893
a 104 129 82 1009
a 105 80 96 750
a 105 104 98 781
a 105 106 88 770
a 105 130 84 1031
a 106 81 97 790
a 106 105 94 890
a 106 107 81 959
a 106 131 89 860
a 107 82 84 899
a 107 106 91 1068
a 107 108 96 1024
a 107 132 82 765
a 108 83 89 1068
a 108 107 87 763
a 108 109 96 885
a 108 133 89 874
a 109 84 81 893
a 109 108 97 839
a 109 110 98 884
a 109 134 93 776
a 110 85 87 1038
a 110 109 100 1074
a 110 111 93 1025
a 110 135 80 950
a 111 86 89 819
a 111 110 97 842
a 111 112 80 1022
a 111 136 86 1090
a 112 87 81 1009
a 112 111 80 742
a 112 113 84 943
a 112 137 84 985
a 113 88 96 783
a 113 112 96 744
a 113 114 86 890
a 113 138 97 1016
a 114 89 95 722
a 114 113 100 1006
a 114 115 88 1093
a 114 139 99 732
a 115 90 87 771
a 115 114 94 924
a 115 116 94 874
a 115 140 93 977
a 116 91 88 1085
a 116 115 96 993
a 116 117 95 1044
a 116 141 94 807
a 117 92 97 1061
a 117 116 92 1016
a 117 118 82 994
a 117 142 80 1095
a 118 93 83 867
a 118 117 80 846
a 118 119 88 1054
a 118 143 80 847
a 119 94 81 795
a 119 118 91 810
a 119 120 86 957
a 119 144 93 925
a 120 95 81 733
a 120 119 91 786
a 120 121 83 1003
a 120 145 91 817
a 121 96 84 1085
a 121 120 95 1090
a 121 122 83 756
a 121 146 97 733
a 122 97 89 1035
a 122 121 80 938
a 122 123 94 1063
a 122 147 85 1070
a 123 98 88 1081
a 123 122 89 839
a 123 124 88 1026
a 123 148 98 734
a 124 99 96 949
a 124 123 80 1098
a 124 149 95 928
a 125 100 80 754
a 125 126 80 986
a 125 150 83 772
a 126 101 89 739
a 126 125 97 1072
a 126 127 92 967
a 126 151 80 854
a 127 102 98 790
a 127 126 85 966
a 127 128 89 815
a 127 152 95 843
a 128 103 81 1061
a 128 127 99 954
a 128 129 85 736
a 128 153 93 860
a 129 104 98 865
a 129 128 94 1067
a 129 130 91 914
a 129 154 96 883
a 130 105 86 954
a 130 129 95 931
a 130 131 96 1043
a 130 155 95 850
a 131 106 88 1070
a 131 130 86 933
a 131 132 89 1025
a 131 156 93 798
a 132 107 97 923
a 132 131 95 732
a 132 133 81 757
a 132 157 89 811
a 133 108 98 849
a 133 132 86 769
a 133 134 85 1094
a 133 158 95 1115
a 134 109 83 920
a 134 133 80 1050
a 134 135 94 721
a 134 159 85 907
a 135 110 82 752
a 135 134 82 860
a 135 136 88 1041
a 135 160 91 1073
a 136 111 96 797
a 136 135 94 867
a 136 137 85 985
a 136 161 83 944
a 137 112 95 957
a 137 136 87 884
a 137 138 83 1069
a 137 162 82 1075
a 138 113 95 905
a 138 137 91 745
a 138 139 80 997
a 138 163 82 992
a 139 114 87 751
a 139 138 99 768
a 139 140 89 933
a 139 164 91 1077
a 140 115 81 847
a 140 139 96 854
a 140 141 84 747
a 140 165 91 756
a 141 116 87 954
a 141 140 97 1097
a 141 142 99 953
a 141 166 87 940
a 142 117 92 779
a 142 141 96 957
a 142 143 95 849
a 142 167 82 898
a 143 118 84 897
a 143 142 88 1069
a 143 144 97 773
a 143 168 91 1117
a 144 119 95 863
a 144 143 93 740
a 144 145 100 784
a 144 169 98 1103
a 145 120 91 746
a 145 144 94 805
a 145 146 87 1082
a 145 170 92 904
a 146 121 89 867
a 146 145 89 899
a 146 147 84 888
a 146 171 81 902
a 147 122 87 783
a 147 146 88 808
a 147 148 95 1075
a 147 172 97 1037
a 148 123 87 1115
a 148 147 98 969
a 148 149 95 892
a 148 173 82 843
a 149 124 99 828
a 149 148 83 968
a 149 174 100 865
a 150 125 85 1031
a 150 151 94 793
a 150 175 95 1110
a 151 126 91 1009
a 151 150 95 809
a 151 152 99 1019
a 151 176 97 721
a 152 127 86 850
a 152 151 96 880
a 152 153 92 797
a 152 177 91 1037
a 153 128 83 776
a 153 152 93 1091
a 153 154 98 736
a 153 178 83 756
a 154 129 96 827
a 154 153 82 1100
a 154 155 83 736
a 154 179 80 903
a 155 130 96 841
a 155 154 88 1006
a 155 156 87 880
a 155 180 81 1076
a 156 131 94 856
a 156 155 87 726
a 156 157 95 883
a 156 181 97 935
a 157 132 88 901
a 157 156 88 1068
a 157 158 87 1095
a 157 182 91 1001
a 158 133 97 1070
a 158 157 97 859
a 158 159 95 1076
a 158 183 81 1015
a 159 134 83 996
a 159 158 83 1109
a 159 160 83 752
a 159 184 98 731
a 160 135 89 846
a 160 159 97 954
a 160 161 95 972
a 160 185 98 1008
a 161 136 81 941
a 161 160 97 749
a 161 162 98 869
a 161 186 87 848
a 162 137 83 913
a 162 161 84 1075
a 162 163 100 846
a 162 187 85 1056
a 163 138 94 1120
a 163 162 95 1016
a 163 164 96 991
a 163 188 96 980
a 164 139 92 820
a 164 163 98 882
a 164 165 85 943
a 164 189 86 998
a 165 140 99 1026
a 165 164 99 1117
a 165 166 81 1014
a 165 190 80 803
a 166 141 80 948
a 166 165 93 982
a 166 167 99 981
a 166 191 93 962
a 167 142 100 743
a 167 166 91 755
a 167 168 88 765
a 167 192 98 1003
a 168 143 97 1074
a 168 167 94 1021
a 168 169 98 1001
a 168 193 85 1094
a 169 144 83 996
a 169 168 83 806
a 169 170 80 924
a 169 194 98 982
a 170 145 95 1087
a 170 169 95 932
a 170 171 86 769
a 170 195 82 842
a 171 146 93 928
a 171 170 89 734
a 171 172 92 906
a 171 196 95 917
a 172 147 86 1049
a 172 171 87 927
a 172 173 82 927
a 172 197 100 988
a 173 148 87 850
a 173 172 89 761
a 173 174 100 883
a 173 198 96 965
a 174 149 89 1013
a 174 173 84 1045
a 174 199 96 1098
a 175 150 88 831
a 175 176 97 722
a 175 200 83 791
a 176 151 93 764
a 176 175 81 826
a 176 177 89 984
a 176 201 83 1047
a 177 152 85 932
a 177 176 94 920
a 177 178 95 795
a 177 202 98 878
a 178 153 89 917
a 178 177 96 844
a 178 179 92 1033
a 178 203 87 1060
a 179 154 87 912
a 179 178 80 936
a 179 180 88 804
a 179 204 81 847
a 180 155 99 1050
a 180 179 95 1070
a 180 181 96 762
a 180 205 81 973
a 181 156 91 903
a 181 180 89 727
a 181 182 82 898
a 181 206 92 1062
a 182 157 81 838
a 182 181 95 1070
a 182 183 100 920
a 182 207 91 983
a 183 158 96 854
a 183 182 85 889
a 183 184 82 738
a 183 208 81 750
a 184 159 97 1094
a 184 183 81 878
a 184 185 85 763
a 184 209 83 889
a 185 160 85 853
a 185 184 92 899
a 185 186 85 732
a 185 210 83 1069
a 186 161 97 1101
a 186 185 97 1109
a 186 187 91 772
a 186 211 81 937
a 187 162 84 922
a 187 186 84 797
a 187 188 86 1023
a 187 212 91 930
a 188 163 95 887
a 188 187 92 1013
a 188 189 88 1115
a 188 213 85 1020
a 189 164 95 975
a 189 188 92 822
a 189 190 91 1031
a 189 214 87 765
a 190 165 84 851
a 190 189 88 886
a 190 191 91 1058
a 190 215 80 1016
a 191 166 97 915
a 191 190 87 991
a 191 192 100 739
a 191 216 80 1049
a 192 167 92 738
a 192 191 92 825
a 192 193 80 938
a 192 217 87 1087
a 193 168 87 888
a 193 192 95 1034
a 193 194 87 936
a 193 218 96 769
a 194 169 94 770
a 194 193 80 1039
a 194 195 95 1066
a 194 219 92 728
a 195 170 85 884
a 195 194 87 1075
a 195 196 99 801
a 195 220 95 1047
a 196 171 86 918
a 196 195 91 903
a 196 197 91 801
a 196 221 80 954
a 197 172 87 888
a 197 196 92 1068
a 197 198 80 847
a 197 222 99 1107
a 198 173 81 732
a 198 197 80 768
a 198 199 83 956
a 198 223 82 852
a 199 174 95 782
a 199 198 98 978
a 199 224 84 807
a 200 175 92 996
a 200 201 89 915
a 200 225 91 920
a 201 176 81 769
a 201 200 94 874
a 201 202 88 799
a 201 226 94 912
a 202 177 86 873
a 202 201 92 1058
a 202 203 93 1051
a 202 227 100 884
a 203 178 97 1010
a 203 202 80 883
a 203 204 84 917
a 203 228 100 804
a 204 179 93 1088
a 204 203 92 948
a 204 205 91 1081
a 204 229 89 1087
a 205 180 80 852
a 205 204 85 948
a 205 206 85 821
a 205 230 91 848
a 206 181 94 882
a 206 205 82 1009
a 206 207 97 930
a 206 231 95 860
a 207 182 94 880
a 207 206 83 886
a 207 208 95 796
a 207 232 83 1080
a 208 183 84 762
a 208 207 85 785
a 208 209 98 1082
a 208 233 94 802
a 209 184 84 1058
a 209 208 100 966
a 209 210 93 784
a 209 234 99 910
a 210 185 84 950
a 210 209 83 1101
a 210 211 83 911
a 210 235 80 1082
a 211 186 87 840
a 211 210 80 943
a 211 212 98 781
a 211 236 82 1008
a 212 187 82 975
a 212 211 100 871
a 212 213 83 751
a 212 237 92 900
a 213 188 100 1038
a 213 212 84 1064
a 213 214 80 993
a 213 238 93 731
a 214 189 88 1011
a 214 213 95 1081
a 214 215 93 928
a 214 239 96 1094
a 215 190 96 1033
a 215 214 80 1004
a 215 216 91 935
a 215 240 95 1114
a 216 191 93 962
a 216 215 94 1099
a 216 217 87 934
a 216 241 100 1100
a 217 192 95 942
a 217 216 99 768
a 217 218 82 1081
a 217 242 96 993
a 218 193 94 908
a 218 217 82 951
a 218 219 94 754
a 218 243 81 1056
a 219 194 80 726
a 219 218 100 735
a 219 220 93 1072
a 219 244 89 1097
a 220 195 92 888
a 220 219 99 742
a 220 221 94 743
a 220 245 97 1062
a 221 196 99 1064
a 221 220 86 851
a 221 222 86 859
a 221 246 86 876
a 222 197 95 843
a 222 221 99 821
a 222 223 94 852
a 222 247 86 787
a 223 198 91 756
a 223 222 98 974
a 223 224 87 812
a 223 248 87 883
a 224 199 82 1103
a 224 223 83 1105
a 224 249 98 804
a 225 200 89 1029
a 225 226 89 1095
a 225 250 80 774
a 226 201 94 765
a 226 225 91 1110
a 226 227 81 1026
a 226 251 95 751
a 227 202 95 822
a 227 226 93 820
a 227 228 94 779
a 227 252 83 774
a 228 203 97 824
a 228 227 86 870
a 228 229 98 990
a 228 253 84 973
a 229 204 80 907
a 229 228 89 884
a 229 230 99 974
a 229 254 97 945
a 230 205 94 1113
a 230 229 99 1026
a 230 231 87 927
a 230 255 87 1013
a 231 206 80 1059
a 231 230 91 1046
a 231 232 85 926
a 231 256 94 856
a 232 207 86 881
a 232 231 92 981
a 232 233 81 1017
a 232 257 98 861
a 233 208 80 859
a 233 232 82 792
a 233 234 93 932
a 233 258 91 963
a 234 209 91 947
a 234 233 89 802
a 234 235 82 923
a 234 259 95 729
a 235 210 94 794
a 235 234 98 972
a 235 236 87 1046
a 235 260 83 1060
a 236 211 100 1107
a 236 235 95 912
a 236 237 84 784
a 236 261 88 865
a 237 212 86 931
a 237 236 91 1061
a 237 238 87 749
a 237 262 91 1071
a 238 213 92 885
a 238 237 81 915
a 238 239 91 751
a 238 263 84 930
a 239 214 87 949
a 239 238 94 764
a 239 240 98 760
a 239 264 81 995
a 240 215 81 831
a 240 239 84 785
a 240 241 83 1076
a 240 265 86 912
a 241 216 84 1109
a 241 240 80 780
a 241 242 85 1001
a 241 266 82 803
a 242 217 89 775
a 242 241 81 794
a 242 243 86 754
a 242 267 82 800
a 243 218 82 986
a 243 242 95 1101
a 243 244 95 1111
a 243 268 97 1085
a 244 219 87 1031
a 244 243 87 996
a 244 245 91 1109
a 244 269 89 1007
a 245 220 91 742
a 245 244 96 877
a 245 246 91 1109
a 245 270 96 839
a 246 221 87 943
a 246 245 96 1063
a 246 247 81 736
a 246 271 100 732
a 247 222 87 956
a 247 246 83 1022
a 247 248 83 1011
a 247 272 95 824
a 248 223 83 790
a 248 247 88 864
a 248 249 88 986
a 248 273 98 1088
a 249 224 92 997
a 249 248 93 769
a 249 274 82 991
a 250 225 89 850
a 250 251 91 1038
a 250 275 85 1000
a 251 226 95 809
a 251 250 100 969
a 251 252 100 752
a 251 276 91 980
a 252 227 92 895
a 252 251 93 1024
a 252 253 85 941
a 252 277 92 883
a 253 228 84 941
a 253 252 94 872
a 253 254 85 903
a 253 278 82 1005
a 254 229 100 1110
a 254 253 98 949
a 254 255 85 892
a 254 279 87 777
a 255 230 86 1044
a 255 254 93 1065
a 255 256 83 954
a 255 280 86 1088
a 256 231 95 769
a 256 255 88 865
a 256 257 93 923
a 256 281 84 972
a 257 232 82 993
a 257 256 81 909
a 257 258 80 1005
a 257 282 83 725
a 258 233 100 926
a 258 257 84 745
a 258 259 92 960
a 258 283 97 921
a 259 234 83 1120
a 259 258 81 927
a 259 260 91 883
a 259 284 88 972
a 260 235 87 1059
a 260 259 91 943
a 260 261 93 822
a 260 285 94 722
a 261 236 83 995
a 261 260 83 826
a 261 262 100 1014
a 261 286 80 1103
a 262 237 93 945
a 262 261 86 787
a 262 263 100 776
a 262 287 97 952
a 263 238 100 774
a 263 262 97 1066
a 263 264 89 1052
a 263 288 88 819
a 264 239 88 1063
a 264 263 91 725
a 264 265 92 1032
a 264 289 100 850
a 265 240 85 1081
a 265 264 97 782
a 265 266 94 1054
a 265 290 85 802
a 266 241 88 769
a 266 265 80 820
a 266 267 97 1001
a 266 291 81 846
a 267 242 100 1053
a 267 266 92 851
a 267 268 86 809
a 267 292 89 827
a 268 243 89 1000
a 268 267 96 794
a 268 269 92 1095
a 268 293 82 1047
a 269 244 82 922
a 269 268 98 917
a 269 270 83 914
a 269 294 81 1019
a 270 245 85 746
a 270 269 91 828
a 270 271 93 1075
a 270 295 84 871
a 271 246 93 761
a 271 270 80 756
a 271 272 100 798
a 271 296 81 1057
a 272 247 80 859
a 272 271 93 1101
a 272 273 86 957
a 272 297 83 1028
a 273 248 81 970
a 273 272 89 801
a 273 274 86 900
a 273 298 91 939
a 274 249 86 820
a 274 273 82 891
a 274 299 88 862
a 275 250 87 1051
a 275 276 80 913
a 275 300 84 1009
a 276 251 95 997
a 276 275 98 882
a 276 277 97 851
a 276 301 94 816
a 277 252 97 1017
a 277 276 80 782
a 277 278 82 911
a 277 302 91 884
a 278 253 96 1079
a 278 277 80 785
a 278 279 86 981
a 278 303 84 1031
a 279 254 93 1107
a 279 278 100 1004
a 279 280 100 780
a 279 304 88 1045
a 280 255 98 777
a 280 279 82 835
a 280 281 87 1059
a 280 305 98 976
a 281 256 88 976
a 281 280 80 823
a 281 282 93 917
a 281 306 91 748
a 282 257 82 937
a 282 281 91 865
a 282 283 81 917
a 282 307 81 1064
a 283 258 99 1080
a 283 282 100 1000
a 283 284 89 743
a 283 308 83 954
a 284 259 86 949
a 284 283 91 861
a 284 285 96 1085
a 284 309 81 736
a 285 260 81 1086
a 285 284 93 838
a 285 286 92 890
a 285 310 83 953
a 286 261 86 1023
a 286 285 98 1024
a 286 287 98 858
a 286 311 93 847
a 287 262 89 1028
a 287 286 92 1008
a 287 288 91 740
a 287 312 80 931
a 288 263 85 1013
a 288 287 100 969
a 288 289 87 905
a 288 313 94 820
a 289 264 87 1004
a 289 288 98 739
a 289 290 85 917
a 289 314 94 892
a 290 265 94 999
a 290 289 85 894
a 290 291 80 835
a 290 315 97 932
a 291 266 100 1028
a 291 290 87 945
a 291 292 100 721
a 291 316 87 727
a 292 267 94 809
a 292 291 93 1077
a 292 293 92 912
a 292 317 83 968
a 293 268 91 1036
a 293 292 80 912
a 293 294 87 921
a 293 318 83 1036
a 294 269 99 895
a 294 293 91 944
a 294 295 94 1120
a 294 319 100 812
a 295 270 94 1031
a 295 294 96 928
a 295 296 89 1092
a 295 320 96 1098
a 296 271 88 966
a 296 295 88 867
a 296 297 98 774
a 296 321 93 991
a 297 272 97 992
a 297 296 98 868
a 297 298 100 1105
a 297 322 91 789
a 298 273 98 755
a 298 297 87 729
a 298 299 100 1086
a 298 323 82 775
a 299 274 86 919
a 299 298 98 724
a 299 324 92 767
a 300 275 84 856
a 300 301 88 954
a 300 325 96 830
a 301 276 80 1078
a 301 300 100 1016
a 301 302 80 1036
a 301 326 86 1091
a 302 277 84 808
a 302 301 91 734
a 302 303 96 1085
a 302 327 84 742
a 303 278 88 848
a 303 302 91 950
a 303 304 80 947
a 303 328 89 797
a 304 279 94 820
a 304 303 94 1119
a 304 305 98 732
a 304 329 80 921
a 305 280 89 983
a 305 304 88 937
a 305 306 82 932
a 305 330 94 889
a 306 281 96 950
a 306 305 97 885
a 306 307 95 911
a 306 331 99 1062
a 307 282 85 921
a 307 306 97 760
a 307 308 80 1001
a 307 332 86 963
a 308 283 83 934
a 308 307 96 758
a 308 309 81 801
a 308 333 99 807
a 309 284 83 1068
a 309 308 94 1068
a 309 310 84 897
a 309 334 95 1047
a 310 285 94 888
a 310 309 89 935
a 310 311 98 1019
a 310 335 81 803
a 311 286 87 1062
a 311 310 92 771
a 311 312 88 1043
a 311 336 85 1035
a 312 287 97 1049
a 312 311 85 1053
a 312 313 98 1048
a 312 337 84 913
a 313 288 80 984
a 313 312 89 789
a 313 314 92 850
a 313 338 83 870
a 314 289 89 860
a 314 313 93 910
a 314 315 84 813
a 314 339 97 769
a 315 290 89 726
a 315 314 100 943
a 315 316 87 762
a 315 340 100 1076
a 316 291 92 1014
a 316 315 85 737
a 316 317 84 804
a 316 341 98 1081
a 317 292 100 1103
a 317 316 88 801
a 317 318 87 863
a 317 342 91 841
a 318 293 82 839
a 318 317 84 1015
a 318 319 84 759
a 318 343 80 898
a 319 294 97 1116
a 319 318 97 876
a 319 320 95 825
a 319 344 99 849
a 320 295 84 1039
a 320 319 95 1048
a 320 321 99 887
a 320 345 100 812
a 321 296 94 969
a 321 320 82 969
a 321 322 91 811
a 321 346 86 865
a 322 297 97 981
a 322 321 87 1085
a 322 323 86 842
a 322 347 83 916
a 323 298 94 829
a 323 322 100 866
a 323 324 100 926
a 323 348 80 865
a 324 299 98 938
a 324 323 80 783
a 324 349 93 855
a 325 300 84 1117
a 325 326 82 944
a 325 350 96 980
a 326 301 99 820
a 326 325 95 921
a 326 327 92 875
a 326 351 84 836
a 327 302 92 1007
a 327 326 83 986
a 327 328 97 1106
a 327 352 91 950
a 328 303 99 1037
a 328 327 98 1034
a 328 329 81 988
a 328 353 93 940
a 329 304 94 1058
a 329 328 81 772
a 329 330 80 1065
a 329 354 100 986
a 330 305 97 918
a 330 329 92 915
a 330 331 100 795
a 330 355 98 915
a 331 306 82 818
a 331 330 84 756
a 331 332 92 1090
a 331 356 93 760
a 332 307 93 1055
a 332 331 82 918
a 332 333 94 773
a 332 357 87 975
a 333 308 82 1083
a 333 332 92 963
a 333 334 81 1087
a 333 358 89 1057
a 334 309 93 1088
a 334 333 100 924
a 334 335 84 948
a 334 359 80 748
a 335 310 85 1101
a 335 334 82 813
a 335 336 97 1063
a 335 360 98 968
a 336 311 84 858
a 336 335 84 774
a 336 337 86 834
a 336 361 93 1049
a 337 312 95 1009
a 337 336 95 737
a 337 338 99 938
a 337 362 97 1034
a 338 313 99 911
a 338 337 88 1050
a 338 339 96 723
a 338 363 89 795
a 339 314 95 799
a 339 338 81 929
a 339 340 94 909
a 339 364 92 742
a 340 315 84 748
a 340 339 91 1011
a 340 341 95 723
a 340 365 92 1079
a 341 316 82 1053
a 341 340 96 856
a 341 342 95 767
a 341 366 81 772
a 342 317 99 825
a 342 341 87 871
a 342 343 97 746
a 342 367 100 791
a 343 318 91 1017
a 343 342 86 1114
a 343 344 80 956
a 343 368 91 790
a 344 319 87 1107
a 344 343 93 837
a 344 345 92 1049
a 344 369 85 986
a 345 320 94 825
a 345 344 91 840
a 345 346 80 992
a 345 370 96 797
a 346 321 83 967
a 346 345 83 888
a 346 347 86 923
a 346 371 93 806
a 347 322 93 1078
a 347 346 96 1064
a 347 348 81 826
a 347 372 91 817
a 348 323 96 842
a 348 347 98 909
a 348 349 81 731
a 348 373 83 949
a 349 324 97 972
a 349 348 80 822
a 349 374 95 755
a 350 325 92 951
a 350 351 96 828
a 350 375 92 775
a 351 326 99 896
a 351 350 91 1089
a 351 352 84 969
a 351 376 97 810
a 352 327 91 1090
a 352 351 84 967
a 352 353 99 1039
a 352 377 97 782
a 353 328 91 1045
a 353 352 92 849
a 353 354 82 830
a 353 378 86 997
a 354 329 96 767
a 354 353 87 1046
a 354 355 86 901
a 354 379 99 831
a 355 330 81 890
a 355 354 85 1119
a 355 356 96 989
a 355 380 97 974
a 356 331 97 914
a 356 355 87 878
a 356 357 95 1011
a 356 381 100 762
a 357 332 93 876
a 357 356 96 926
a 357 358 82 878
a 357 382 98 1072
a 358 333 91 961
a 358 357 92 1109
a 358 359 86 731
a 358 383 83 1032
a 359 334 100 963
a 359 358 94 1055
a 359 360 85 1006
a 359 384 93 1011
a 360 335 97 910
a 360 359 86 733
a 360 361 83 748
a 360 385 88 953
a 361 336 95 769
a 361 360 87 822
a 361 362 96 784
a 361 386 80 915
a 362 337 81 942
a 362 361 96 839
a 362 363 100 966
a 362 387 97 873
a 363 338 93 1057
a 363 362 98 789
a 363 364 82 901
a 363 388 98 1064
a 364 339 89 786
a 364 363 92 1106
a 364 365 82 967
a 364 389 89 1109
a 365 340 81 976
a 365 364 83 1038
a 365 366 86 1053
a 365 390 82 806
a 366 341 82 833
a 366 365 88 1049
a 366 367 97 1005
a 366 391 92 828
a 367 342 86 1048
a 367 366 84 991
a 367 368 99 1018
a 367 392 96 1012
a 368 343 94 997
a 368 367 98 814
a 368 369 93 763
a 368 393 92 883
a 369 344 94 1109
a 369 368 92 778
a 369 370 86 1083
a 369 394 88 887
a 370 345 92 931
a 370 369 89 722
a 370 371 85 1051
a 370 395 81 993
a 371 346 95 795
a 371 370 87 961
a 371 372 100 1020
a 371 396 92 723
a 372 347 87 793
a 372 371 80 767
a 372 373 92 859
a 372 397 96 877
a 373 348 85 986
a 373 372 99 1002
a 373 374 86 812
a 373 398 96 1011
a 374 349 99 954
a 374 373 89 859
a 374 399 93 959
a 375 350 91 937
a 375 376 87 991
a 375 400 96 883
a 376 351 91 731
a 376 375 100 1099
a 376 377 100 1070
a 376 401 92 1020
a 377 352 98 854
a 377 376 87 892
a 377 378 85 1087
a 377 402 95 1076
a 378 353 95 764
a 378 377 81 994
a 378 379 100 889
a 378 403 95 729
a 379 354 88 1085
a 379 378 84 757
a 379 380 84 811
a 379 404 100 867
a 380 355 87 991
a 380 379 80 729
a 380 381 95 821
a 380 405 99 1018
a 381 356 89 875
a 381 380 93 979
a 381 382 85 998
a 381 406 81 1021
a 382 357 83 908
a 382 381 96 863
a 382 383 97 1047
a 382 407 88 917
a 383 358 86 738
a 383 382 91 920
a 383 384 92 767
a 383 408 89 807
a 384 359 99 907
a 384 383 87 941
a 384 385 94 785
a 384 409 83 1050
a 385 360 95 826
a 385 384 84 887
a 385 386 97 1065
a 385 410 96 964
a 386 361 94 1100
a 386 385 81 1106
a 386 387 82 907
a 386 411 87 779
a 387 362 92 1031
a 387 386 91 920
a 387 388 82 751
a 387 412 81 1026
a 388 363 85 1098
a 388 387 82 848
a 388 389 93 1097
a 388 413 93 900
a 389 364 97 838
a 389 388 88 1117
a 389 390 83 841
a 389 414 94 987
a 390 365 100 735
a 390 389 98 923
a 390 391 91 770
a 390 415 84 1088
a 391 366 86 927
a 391 390 89 724
a 391 392 86 891
a 391 416 80 927
a 392 367 91 948
a 392 391 100 800
a 392 393 96 936
a 392 417 84 892
a 393 368 89 921
a 393 392 100 764
a 393 394 100 741
a 393 418 88 977
a 394 369 100 800
a 394 393 95 877
a 394 395 93 1011
a 394 419 92 1083
a 395 370 93 892
a 395 394 80 1023
a 395 396 85 798
a 395 420 80 844
a 396 371 86 1058
a 396 395 92 1033
a 396 397 91 982
a 396 421 92 944
a 397 372 91 1010
a 397 396 84 979
a 397 398 98 884
a 397 422 87 878
a 398 373 98 1120
a 398 397 100 741
a 398 399 95 922
a 398 423 93 723
a 399 374 80 946
a 399 398 86 1085
a 399 424 98 816
a 400 375 83 1092
a 400 401 86 892
a 400 425 95 721
a 401 376 97 1055
a 401 400 80 818
a 401 402 85 1020
a 401 426 81 806
a 402 377 97 751
a 402 401 86 937
a 402 403 87 812
a 402 427 99 951
a 403 378 91 768
a 403 402 84 934
a 403 404 88 1109
a 403 428 80 997
a 404 379 82 872
a 404 403 88 1016
a 404 405 86 830
a 404 429 86 1023
a 405 380 96 976
a 405 404 82 768
a 405 406 87 891
a 405 430 99 1041
a 406 381 100 830
a 406 405 80 759
a 406 407 96 731
a 406 431 82 854
a 407 382 98 1036
a 407 406 88 1061
a 407 408 96 1054
a 407 432 87 726
a 408 383 83 929
a 408 407 91 841
a 408 409 93 1015
a 408 433 100 938
a 409 384 97 1010
a 409 408 100 991
a 409 410 89 1042
a 409 434 82 881
a 410 385 83 1068
a 410 409 80 754
a 410 411 87 722
a 410 435 100 959
a 411 386 80 882
a 411 410 91 1117
a 411 412 97 958
a 411 436 91 758
a 412 387 96 1031
a 412 411 94 724
a 412 413 91 1008
a 412 437 88 747
a 413 388 85 1119
a 413 412 92 1077
a 413 414 80 818
a 413 438 97 968
a 414 389 80 922
a 414 413 95 786
a 414 415 84 871
a 414 439 93 787
a 415 390 82 985
a 415 414 95 831
a 415 416 95 748
a 415 440 87 758
a 416 391 93 958
a 416 415 97 1000
a 416 417 100 1031
a 416 441 100 1073
a 417 392 80 1008
a 417 416 82 1059
a 417 418 83 942
a 417 442 84 847
a 418 393 83 1005
a 418 417 89 825
a 418 419 95 752
a 418 443 93 1120
a 419 394 100 793
a 419 418 100 1102
a 419 420 80 955
a 419 444 94 1011
a 420 395 100 1071
a 420 419 84 836
a 420 421 96 823
a 420 445 87 1120
a 421 396 95 983
a 421 420 96 863
a 421 422 100 764
a 421 446 81 811
a 422 397 91 740
a 422 421 80 798
a 422 423 98 1081
a 422 447 94 1052
a 423 398 95 977
a 423 422 80 1046
a 423 424 84 762
a 423 448 94 1079
a 424 399 89 766
a 424 423 93 881
a 424 449 98 889
a 425 400 88 934
a 425 426 80 793
a 425 450 86 958
a 426 401 87 1112
a 426 425 92 951
a 426 427 84 809
a 426 451 88 835
a 427 402 86 963
a 427 426 91 1039
a 427 428 80 1079
a 427 452 100 1048
a 428 403 94 852
a 428 427 85 847
a 428 429 91 924
a 428 453 94 1111
a 429 404 80 947
a 429 428 89 845
a 429 430 96 883
a 429 454 81 1006
a 430 405 94 742
a 430 429 84 1008
a 430 431 88 801
a 430 455 95 724
a 431 406 92 742
a 431 430 81 749
a 431 432 98 761
a 431 456 83 1009
a 432 407 91 1065
a 432 431 94 775
a 432 433 93 756
a 432 457 92 1084
a 433 408 95 780
a 433 432 82 920
a 433 434 99 845
a 433 458 99 913
a 434 409 93 784
a 434 433 98 1023
a 434 435 87 866
a 434 459 95 957
a 435 410 94 852
a 435 434 85 910
a 435 436 93 1056
a 435 460 93 1000
a 436 411 100 840
a 436 435 100 946
a 436 437 86 1061
a 436 461 82 991
a 437 412 93 1085
a 437 436 84 812
a 437 438 98 1067
a 437 462 92 1075
a 438 413 100 800
a 438 437 91 786
a 438 439 80 960
a 438 463 92 982
a 439 414 95 1068
a 439 438 100 765
a 439 440 89 819
a 439 464 94 1109
a 440 415 85 868
a 440 439 84 918
a 440 441 82 1067
a 440 465 93 1099
a 441 416 92 727
a 441 440 84 813
a 441 442 95 784
a 441 466 87 1035
a 442 417 86 826
a 442 441 98 884
a 442 443 92 900
a 442 467 95 1051
a 443 418 96 955
a 443 442 88 1115
a 443 444 82 777
a 443 468 94 892
a 444 419 81 744
a 444 443 96 774
a 444 445 98 889
a 444 469 95 808
a 445 420 88 783
a 445 444 84 899
a 445 446 91 924
a 445 470 96 925
a 446 421 96 1027
a 446 445 81 958
a 446 447 96 810
a 446 471 81 873
a 447 422 86 1115
a 447 446 100 974
a 447 448 94 775
a 447 472 89 823
a 448 423 83 1016
a 448 447 84 970
a 448 449 99 775
a 448 473 83 899
a 449 424 85 996
a 449 448 87 985
a 449 474 93 966
a 450 425 95 922
a 450 451 97 943
a 450 475 99 743
a 451 426 80 772
a 451 450 88 1063
a 451 452 88 843
a 451 476 85 1020
a 452 427 100 1033
a 452 451 96 945
a 452 453 84 831
a 452 477 85 987
a 453 428 87 755
a 453 452 86 982
a 453 454 94 1023
a 453 478 96 771
a 454 429 82 980
a 454 453 99 1097
a 454 455 85 745
a 454 479 99 726
a 455 430 85 879
a 455 454 98 990
a 455 456 93 974
a 455 480 85 1040
a 456 431 92 988
a 456 455 84 1116
a 456 457 99 793
a 456 481 99 779
a 457 432 96 1094
a 457 456 87 949
a 457 458 98 886
a 457 482 93 796
a 458 433 91 885
a 458 457 96 863
a 458 459 83 878
a 458 483 99 792
a 459 434 94 880
a 459 458 100 1029
a 459 460 99 729
a 459 484 82 983
a 460 435 91 952
a 460 459 92 866
a 460 461 89 1003
a 460 485 100 1025
a 461 436 99 740
a 461 460 99 820
a 461 462 87 1023
a 461 486 98 1082
a 462 437 100 895
a 462 461 89 823
a 462 463 88 917
a 462 487 100 878
a 463 438 93 1035
a 463 462 83 810
a 463 464 86 973
a 463 488 91 811
a 464 439 82 955
a 464 463 96 840
a 464 465 84 1119
a 464 489 84 979
a 465 440 96 976
a 465 464 88 998
a 465 466 97 737
a 465 490 97 991
a 466 441 96 772
a 466 465 86 1029
a 466 467 80 812
a 466 491 80 817
a 467 442 95 961
a 467 466 81 1070
a 467 468 95 1059
a 467 492 82 747
a 468 443 83 800
a 468 467 95 1052
a 468 469 95 800
a 468 493 85 1119
a 469 444 83 1067
a 469 468 100 916
a 469 470 91 1043
a 469 494 88 1071
a 470 445 92 1071
a 470 469 89 820
a 470 471 97 942
a 470 495 93 991
a 471 446 98 884
a 471 470 97 1101
a 471 472 89 879
a 471 496 91 725
a 472 447 83 910
a 472 471 80 734
a 472 473 82 955
a 472 497 96 996
a 473 448 80 1111
a 473 472 92 886
a 473 474 87 723
a 473 498 93 905
a 474 449 98 796
a 474 473 98 1083
a 474 499 99 963
a 475 450 87 985
a 475 476 81 888
a 475 500 86 998
a 476 451 84 918
a 476 475 88 1043
a 476 477 87 780
a 476 501 82 986
a 477 452 85 999
a 477 476 98 1085
a 477 478 89 891
a 477 502 88 751
a 478 453 88 775
a 478 477 94 966
a 478 479 98 1045
a 478 503 98 893
a 479 454 88 1058
a 479 478 88 1029
a 479 480 94 967
a 479 504 85 1115
a 480 455 89 1097
a 480 479 95 1007
a 480 481 96 1025
a 480 505 86 1026
a 481 456 98 896
a 481 480 86 1038
a 481 482 95 724
a 481 506 88 936
a 482 457 98 859
a 482 481 95 860
a 482 483 83 1064
a 482 507 96 973
a 483 458 82 786
a 483 482 85 1055
a 483 484 81 1072
a 483 508 93 1109
a 484 459 95 830
a 484 483 93 788
a 484 485 96 1032
a 484 509 92 839
a 485 460 80 815
a 485 484 99 728
a 485 486 91 1109
a 485 510 92 1095
a 486 461 86 952
a 486 485 99 783
a 486 487 95 1092
a 486 511 100 735
a 487 462 85 737
a 487 486 95 942
a 487 488 87 764
a 487 512 92 993
a 488 463 86 1068
a 488 487 98 868
a 488 489 92 1010
a 488 513 84 1029
a 489 464 80 776
a 489 488 95 904
a 489 490 97 780
a 489 514 100 762
a 490 465 81 995
a 490 489 96 965
a 490 491 87 819
a 490 515 98 937
a 491 466 86 975
a 491 490 92 771
a 491 492 96 861
a 491 516 99 988
a 492 467 95 754
a 492 491 92 1090
a 492 493 87 836
a 492 517 89 1069
a 493 468 91 1101
a 493 492 98 1039
a 493 494 85 754
a 493 518 85 804
a 494 469 96 944
a 494 493 83 724
a 494 495 97 1025
a 494 519 85 727
a 495 470 85 1093
a 495 494 99 1070
a 495 496 88 1092
a 495 520 86 966
a 496 471 97 870
a 496 495 84 909
a 496 497 92 911
a 496 521 92 747
a 497 472 86 865
a 497 496 96 780
a 497 498 87 782
a 497 522 97 866
a 498 473 95 820
a 498 497 83 1115
a 498 499 100 842
a 498 523 80 1097
a 499 474 100 1060
a 499 498 95 1067
a 499 524 88 942
a 500 475 91 1107
a 500 501 82 888
a 500 525 84 842
a 501 476 93 1006
a 501 500 94 821
a 501 502 96 746
a 501 526 91 998
a 502 477 86 996
a 502 501 82 823
a 502 503 85 758
a 502 527 96 780
a 503 478 87 994
a 503 502 89 734
a 503 504 85 874
a 503 528 85 939
a 504 479 87 907
a 504 503 92 947
a 504 505 87 821
a 504 529 81 1117
a 505 480 96 1114
a 505 504 100 868
a 505 506 87 1073
a 505 530 98 839
a 506 481 80 767
a 506 505 97 1033
a 506 507 88 1059
a 506 531 87 996
a 507 482 81 1053
a 507 506 91 1066
a 507 508 99 1009
a 507 532 95 863
a 508 483 80 939
a 508 507 92 827
a 508 509 88 869
a 508 533 80 724
a 509 484 85 1097
a 509 508 94 730
a 509 510 87 1079
a 509 534 93 772
a 510 485 99 744
a 510 509 85 984
a 510 511 96 1038
a 510 535 89 729
a 511 486 89 1087
a 511 510 85 914
a 511 512 91 867
a 511 536 84 863
a 512 487 96 900
a 512 511 81 942
a 512 513 82 1074
a 512 537 96 866
a 513 488 93 739
a 513 512 95 769
a 513 514 86 946
a 513 538 87 842
a 514 489 81 912
a 514 513 91 741
a 514 515 95 1076
a 514 539 82 879
a 515 490 85 908
a 515 514 82 742
a 515 516 88 827
a 515 540 95 1065
a 516 491 96 1011
a 516 515 99 794
a 516 517 85 967
a 516 541 96 805
a 517 492 99 998
a 517 516 92 916
a 517 518 97 1063
a 517 542 91 916
a 518 493 88 1041
a 518 517 92 805
a 518 519 88 1067
a 518 543 84 935
a 519 494 100 928
a 519 518 85 908
a 519 520 86 1097
a 519 544 83 742
a 520 495 95 1101
a 520 519 82 1041
a 520 521 87 820
a 520 545 87 918
a 521 496 94 848
a 521 520 92 916
a 521 522 96 868
a 521 546 95 936
a 522 497 82 732
a 522 521 87 752
a 522 523 85 872
a 522 547 94 823
a 523 498 92 1001
a 523 522 83 1112
a 523 524 82 959
a 523 548 87 968
a 524 499 92 1058
a 524 523 86 944
a 524 549 93 894
a 525 500 87 942
a 525 526 97 937
a 525 550 97 987
a 526 501 88 902
a 526 525 98 770
a 526 527 85 1072
a 526 551 88 1093
a 527 502 84 764
a 527 526 80 753
a 527 528 80 880
a 527 552 98 1047
a 528 503 83 825
a 528 527 85 866
a 528 529 80 878
a 528 553 91 1022
a 529 504 82 1090
a 529 528 91 1024
a 529 530 100 835
a 529 554 82 860
a 530 505 88 859
a 530 529 89 858
a 530 531 91 1079
a 530 555 86 1117
a 531 506 95 1085
a 531 530 100 1074
a 531 532 84 1062
a 531 556 96 1049
a 532 507 86 1084
a 532 531 95 1057
a 532 533 97 1116
a 532 557 85 899
a 533 508 92 998
a 533 532 82 777
a 533 534 100 1082
a 533 558 91 839
a 534 509 81 835
a 534 533 94 865
a 534 535 87 956
a 534 559 88 744
a 535 510 98 1087
a 535 534 100 921
a 535 536 87 843
a 535 560 81 748
a 536 511 97 951
a 536 535 99 1111
a 536 537 81 935
a 536 561 81 753
a 537 512 93 749
a 537 536 88 721
a 537 538 95 837
a 537 562 83 841
a 538 513 98 978
a 538 537 81 730
a 538 539 95 941
a 538 563 98 773
a 539 514 94 991
a 539 538 81 867
a 539 540 87 762
a 539 564 80 916
a 540 515 98 920
a 540 539 93 999
a 540 541 97 958
a 540 565 87 768
a 541 516 86 1063
a 541 540 87 941
a 541 542 92 734
a 541 566 86 1055
a 542 517 92 739
a 542 541 96 917
a 542 543 81 953
a 542 567 93 737
a 543 518 98 830
a 543 542 80 769
a 543 544 89 1055
a 543 568 85 917
a 544 519 86 811
a 544 543 91 941
a 544 545 93 915
a 544 569 95 986
a 545 520 95 901
a 545 544 87 932
a 545 546 92 925
a 545 570 95 986
a 546 521 85 922
a 546 545 100 1064
a 546 547 97 1045
a 546 571 92 747
a 547 522 100 903
a 547 546 84 823
a 547 548 88 906
a 547 572 97 960
a 548 523 92 1023
a 548 547 100 854
a 548 549 80 895
a 548 573 86 750
a 549 524 91 1112
a 549 548 91 1053
a 549 574 97 735
a 550 525 95 906
a 550 551 84 931
a 550 575 81 1032
a 551 526 88 1056
a 551 550 89 944
a 551 552 88 1025
a 551 576 89 1011
a 552 527 83 892
a 552 551 87 746
a 552 553 87 980
a 552 577 96 1006
a 553 528 92 997
a 553 552 81 962
a 553 554 81 887
a 553 578 84 771
a 554 529 85 1109
a 554 553 84 908
a 554 555 84 824
a 554 579 83 757
a 555 530 82 1056
a 555 554 92 950
a 555 556 89 973
a 555 580 89 951
a 556 531 100 1038
a 556 555 89 919
a 556 557 91 786
a 556 581 80 1065
a 557 532 86 976
a 557 556 80 729
a 557 558 87 1006
a 557 582 99 919
a 558 533 99 1063
a 558 557 86 751
a 558 559 88 962
a 558 583 87 899
a 559 534 85 999
a 559 558 81 919
a 559 560 83 941
a 559 584 92 950
a 560 535 94 864
a 560 559 84 916
a 560 561 100 870
a 560 585 82 747
a 561 536 81 1099
a 561 560 92 811
a 561 562 100 1088
a 561 586 84 737
a 562 537 91 934
a 562 561 85 912
a 562 563 83 856
a 562 587 96 1094
a 563 538 95 774
a 563 562 95 984
a 563 564 91 788
a 563 588 99 1048
a 564 539 97 1039
a 564 563 98 817
a 564 565 85 840
a 564 589 80 866
a 565 540 88 988
a 565 564 85 1077
a 565 566 82 843
a 565 590 91 932
a 566 541 96 833
a 566 565 100 835
a 566 567 87 821
a 566 591 80 1000
a 567 542 99 1053
a 567 566 80 1109
a 567 568 97 887
a 567 592 99 876
a 568 543 98 1024
a 568 567 88 794
a 568 569 96 730
a 568 593 85 788
a 569 544 85 875
a 569 568 85 749
a 569 570 100 919
a 569 594 81 1118
a 570 545 94 1087
a 570 569 94 785
a 570 571 100 825
a 570 595 87 950
a 571 546 91 940
a 571 570 94 937
a 571 572 87 975
a 571 596 96 1099
a 572 547 87 728
a 572 571 93 964
a 572 573 97 1052
a 572 597 100 1076
a 573 548 80 852
a 573 572 91 1054
a 573 574 93 957
a 573 598 91 873
a 574 549 92 1098
a 574 573 91 892
a 574 599 83 938
a 575 550 93 1001
a 575 576 99 825
a 575 600 84 843
a 576 551 86 1006
a 576 575 87 868
a 576 577 85 957
a 576 601 94 835
a 577 552 84 846
a 577 576 81 944
a 577 578 97 918
a 577 602 82 1078
a 578 553 89 834
a 578 577 88 787
a 578 579 87 989
a 578 603 98 1005
a 579 554 83 980
a 579 578 99 785
a 579 580 85 829
a 579 604 97 983
a 580 555 80 797
a 580 579 93 873
a 580 581 91 1062
a 580 605 91 759
a 581 556 80 929
a 581 580 89 903
a 581 582 85 1031
a 581 606 87 808
a 582 557 86 721
a 582 581 97 1111
a 582 583 98 851
a 582 607 96 942
a 583 558 86 975
a 583 582 97 957
a 583 584 83 860
a 583 608 89 743
a 584 559 89 881
a 584 583 97 790
a 584 585 80 991
a 584 609 98 982
a 585 560 96 744
a 585 584 88 1016
a 585 586 96 758
a 585 610 80 990
a 586 561 92 725
a 586 585 82 808
a 586 587 96 799
a 586 611 91 737
a 587 562 96 802
a 587 586 96 1047
a 587 588 92 1057
a 587 612 84 987
a 588 563 88 955
a 588 587 99 731
a 588 589 91 935
a 588 613 96 1090
a 589 564 84 813
a 589 588 84 742
a 589 590 95 923
a 589 614 80 974
a 590 565 86 946
a 590 589 97 1002
a 590 591 100 1018
a 590 615 87 894
a 591 566 97 1037
a 591 590 89 908
a 591 592 92 1043
a 591 616 95 1113
a 592 567 85 731
a 592 591 95 1096
a 592 593 93 986
a 592 617 82 1065
a 593 568 98 784
a 593 592 82 793
a 593 594 80 861
a 593 618 88 964
a 594 569 89 721
a 594 593 97 830
a 594 595 93 1014
a 594 619 86 1033
a 595 570 82 1013
a 595 594 84 971
a 595 596 87 774
a 595 620 82 898
a 596 571 98 787
a 596 595 99 820
a 596 597 83 778
a 596 621 87 730
a 597 572 83 1084
a 597 596 91 976
a 597 598 97 864
a 597 622 83 1073
a 598 573 96 1080
a 598 597 94 889
a 598 599 80 865
a 598 623 89 943
a 599 574 95 863
a 599 598 86 886
a 599 624 98 992
a 600 575 93 749
a 600 601 84 1013
a 601 576 94 826
a 601 600 91 743
a 601 602 97 802
a 602 577 85 967
a 602 601 86 851
a 602 603 94 1033
a 603 578 92 766
a 603 602 85 789
a 603 604 97 1090
a 604 579 88 869
a 604 603 88 831
a 604 605 84 772
a 605 580 83 980
a 605 604 85 870
a 605 606 85 755
a 606 581 85 1068
a 606 605 96 1073
a 606 607 86 959
a 607 582 85 740
a 607 606 99 962
a 607 608 95 774
a 608 583 87 928
a 608 607 92 1116
a 608 609 99 807
a 609 584 100 903
a 609 608 84 796
a 609 610 96 773
a 610 585 97 1030
a 610 609 81 906
a 610 611 93 866
a 611 586 87 933
a 611 610 100 823
a 611 612 85 807
a 612 587 86 799
a 612 611 80 998
a 612 613 83 928
a 613 588 100 954
a 613 612 82 816
a 613 614 91 1049
a 614 589 83 731
a 614 613 92 813
a 614 615 84 736
a 615 590 84 960
a 615 614 98 875
a 615 616 97 1087
a 616 591 100 771
a 616 615 94 1083
a 616 617 99 814
a 617 592 89 811
a 617 616 84 985
a 617 618 96 870
a 618 593 100 901
a 618 617 98 895
a 618 619 100 925
a 619 594 89 799
a 619 618 86 850
a 619 620 92 963
a 620 595 88 751
a 620 619 96 754
a 620 621 99 953
a 621 596 91 973
a 621 620 86 960
a 621 622 99 1033
a 622 597 92 1092
a 622 621 96 855
a 622 623 87 831
a 623 598 100 746
a 623 622 85 744
a 623 624 97 853
a 624 599 98 1090
a 624 623 95 955
