c multi commodity flow
c
c problem vertices edges commodities
p mcf 625 2400 500
c
c origin destination demand
k 140 114 71
k 268 96 76
k 318 605 56
k 437 580 58
k 282 366 64
k 396 469 48
k 427 523 38
k 264 364 50
k 199 100 45
k 77 612 16
k 564 272 96
k 555 173 18
k 336 48 72
k 23 579 47
k 222 247 29
k 601 251 98
k 425 589 67
k 389 101 23
k 517 107 75
k 404 490 16
k 399 528 47
k 324 601 91
k 169 250 53
k 603 619 52
k 267 323 71
k 179 594 67
k 571 327 40
k 559 326 79
k 74 478 56
k 406 300 93
k 292 352 44
k 308 585 54
k 120 509 84
k 197 319 47
k 273 278 46
k 560 272 63
k 47 453 93
k 494 170 21
k 52 505 25
k 201 584 49
k 100 345 14
k 72 320 67
k 43 419 92
k 458 98 11
k 43 240 68
k 558 358 89
k 187 551 85
k 218 491 100
k 296 583 20
k 339 70 80
k 8 479 70
k 388 120 49
k 133 513 99
k 109 456 29
k 406 527 46
k 534 489 50
k 15 144 11
k 1 182 62
k 314 38 30
k 79 307 97
k 406 36 33
k 419 143 69
k 451 266 54
k 404 286 81
k 379 154 76
k 281 367 77
k 424 275 26
k 151 246 98
k 250 277 68
k 412 74 96
k 137 170 37
k 52 448 87
k 286 400 57
k 157 116 67
k 532 15 87
k 219 585 68
k 362 586 75
k 601 486 68
k 248 35 94
k 603 214 25
k 102 86 44
k 572 245 76
k 75 451 36
k 33 342 35
k 3 153 22
k 75 56 53
k 556 290 24
k 190 542 82
k 592 384 14
k 448 304 21
k 241 406 70
k 546 75 59
k 99 522 77
k 279 608 85
k 559 37 54
k 609 523 13
k 205 32 39
k 110 586 71
k 450 275 22
k 529 278 69
k 340 527 21
k 593 179 85
k 461 14 68
k 138 269 90
k 99 227 76
k 265 6 32
k 81 258 91
k 606 18 34
k 250 522 50
k 82 77 53
k 514 478 47
k 40 293 63
k 19 72 63
k 279 453 71
k 423 393 83
k 336 181 45
k 504 281 78
k 422 290 64
k 586 257 87
k 353 496 84
k 38 58 54
k 118 136 70
k 619 506 33
k 219 75 21
k 93 580 59
k 611 136 73
k 596 107 96
k 604 12 93
k 37 481 15
k 345 285 64
k 85 92 49
k 494 516 35
k 609 308 83
k 370 389 64
k 555 358 55
k 450 415 97
k 32 396 25
k 156 214 22
k 550 607 14
k 492 280 84
k 130 396 49
k 323 26 20
k 215 360 57
k 235 408 66
k 124 245 59
k 344 110 77
k 192 190 38
k 402 283 37
k 472 151 87
k 238 75 49
k 210 350 96
k 220 122 13
k 49 38 67
k 556 321 20
k 524 181 42
k 462 497 12
k 292 393 38
k 303 197 53
k 291 119 81
k 364 26 48
k 217 572 100
k 223 238 46
k 373 304 15
k 79 228 30
k 312 270 36
k 461 508 21
k 315 97 53
k 20 67 72
k 481 204 94
k 38 551 46
k 105 31 21
k 609 497 11
k 14 230 43
k 278 504 34
k 202 485 86
k 58 302 83
k 400 290 63
k 230 98 59
k 455 487 73
k 564 415 32
k 207 557 59
k 622 104 80
k 135 313 33
k 534 506 25
k 347 549 44
k 8 465 81
k 342 30 33
k 121 32 35
k 192 441 82
k 255 290 42
k 368 164 35
k 158 21 71
k 363 604 85
k 56 184 47
k 542 374 86
k 545 305 63
k 169 103 26
k 471 243 27
k 13 450 62
k 48 335 91
k 494 182 75
k 570 420 67
k 100 138 81
k 414 168 30
k 130 334 15
k 290 335 64
k 447 232 39
k 548 396 93
k 103 496 73
k 472 264 24
k 469 191 77
k 511 89 26
k 225 88 100
k 311 347 51
k 195 339 92
k 455 288 26
k 554 550 29
k 294 392 58
k 515 167 12
k 520 237 70
k 126 245 87
k 252 438 55
k 46 156 11
k 546 139 18
k 624 233 82
k 602 77 50
k 503 527 52
k 10 134 28
k 491 419 30
k 143 455 63
k 288 584 18
k 154 516 72
k 271 213 82
k 356 62 90
k 69 172 62
k 600 413 63
k 294 63 45
k 213 118 80
k 43 53 31
k 540 548 97
k 269 510 49
k 180 42 21
k 174 220 13
k 540 440 81
k 6 125 58
k 124 588 75
k 238 60 17
k 144 199 43
k 129 556 30
k 382 295 42
k 374 464 89
k 410 20 45
k 244 216 92
k 16 167 77
k 580 507 94
k 156 422 60
k 478 572 23
k 492 225 83
k 290 320 24
k 365 553 46
k 160 605 15
k 38 279 28
k 420 249 95
k 193 539 34
k 40 330 91
k 428 230 30
k 522 586 42
k 586 538 56
k 206 38 62
k 236 329 43
k 115 407 18
k 90 586 94
k 585 162 59
k 289 193 65
k 6 299 79
k 282 494 78
k 311 107 46
k 476 14 80
k 329 344 69
k 460 585 65
k 27 390 94
k 504 242 92
k 485 616 28
k 286 12 89
k 286 208 84
k 30 69 13
k 216 565 61
k 619 335 90
k 113 373 96
k 118 361 35
k 123 179 56
k 4 469 32
k 136 623 47
k 202 119 64
k 220 537 96
k 177 55 83
k 611 619 22
k 12 236 36
k 483 400 40
k 531 484 70
k 612 519 40
k 8 516 43
k 100 194 29
k 558 19 57
k 599 427 66
k 414 585 99
k 613 46 38
k 189 350 95
k 609 520 17
k 100 322 25
k 190 185 71
k 515 617 77
k 304 208 61
k 486 109 63
k 405 616 76
k 291 107 71
k 619 389 23
k 86 558 51
k 386 216 42
k 457 51 45
k 319 540 64
k 168 547 32
k 52 272 93
k 377 76 61
k 451 35 55
k 600 292 49
k 622 201 97
k 438 378 90
k 144 219 71
k 575 273 17
k 99 370 96
k 576 312 17
k 603 139 37
k 596 287 45
k 183 536 91
k 558 522 37
k 269 420 42
k 375 44 13
k 589 105 57
k 232 483 64
k 91 49 26
k 51 541 50
k 152 461 37
k 152 563 12
k 624 554 18
k 14 163 59
k 54 550 18
k 186 469 92
k 532 490 53
k 507 342 31
k 446 360 75
k 258 65 43
k 83 312 69
k 19 347 30
k 167 352 32
k 204 53 21
k 458 570 80
k 530 442 43
k 209 229 26
k 393 378 88
k 594 378 91
k 490 447 31
k 5 103 53
k 93 96 49
k 502 328 88
k 472 461 88
k 314 568 61
k 242 311 59
k 286 569 84
k 504 159 72
k 537 375 29
k 93 192 88
k 53 85 15
k 273 277 47
k 473 69 48
k 20 149 98
k 558 394 21
k 571 220 84
k 609 310 39
k 585 316 81
k 407 336 86
k 315 397 54
k 335 99 19
k 139 297 42
k 285 157 17
k 5 85 16
k 31 502 96
k 458 198 41
k 25 319 11
k 320 68 47
k 192 358 35
k 158 144 36
k 250 114 79
k 477 214 14
k 398 176 79
k 405 186 78
k 18 256 14
k 46 618 32
k 44 84 93
k 167 294 63
k 319 169 75
k 103 221 43
k 524 542 57
k 511 468 53
k 503 382 98
k 528 282 57
k 146 426 57
k 210 31 84
k 592 123 96
k 590 375 41
k 232 568 14
k 268 525 35
k 309 533 59
k 247 514 92
k 544 493 80
k 264 12 88
k 292 466 35
k 549 224 62
k 5 177 64
k 380 74 24
k 48 276 81
k 586 32 79
k 218 199 67
k 126 204 31
k 17 593 18
k 601 562 50
k 250 236 64
k 125 240 22
k 415 206 96
k 592 347 52
k 207 524 70
k 487 548 39
k 470 67 58
k 286 20 41
k 161 600 71
k 251 592 95
k 105 47 86
k 406 278 74
k 99 585 90
k 167 610 56
k 177 428 95
k 517 5 11
k 578 571 28
k 181 157 60
k 205 420 56
k 237 78 73
k 376 240 93
k 150 94 25
k 314 45 79
k 332 506 58
k 199 533 18
k 132 554 69
k 80 165 37
k 515 160 18
k 617 122 54
k 45 207 56
k 391 149 82
k 437 505 37
k 153 379 17
k 34 599 88
k 362 446 36
k 83 74 93
k 445 341 44
k 87 266 42
k 429 157 82
k 428 500 90
k 55 367 33
k 245 529 99
k 548 45 22
k 568 198 46
k 66 362 71
k 566 161 72
k 229 416 60
k 308 262 74
k 552 15 16
k 315 209 15
k 587 566 31
k 44 559 55
k 438 49 54
k 547 551 29
k 146 496 25
k 48 574 69
k 468 51 71
k 167 71 26
k 199 313 38
k 368 495 59
k 531 13 91
k 268 176 68
k 208 536 89
k 323 207 53
k 445 526 71
k 581 411 52
k 301 595 41
k 63 442 57
k 459 0 51
k 330 266 11
k 99 623 27
k 43 4 28
k 559 109 25
k 469 302 62
c
c source target cost capacity
a 0 1 91 403
a 0 25 97 550
a 1 0 95 369
a 1 2 82 405
a 1 26 92 417
a 2 1 85 619
a 2 3 95 682
a 2 27 97 556
a 3 2 93 442
a 3 4 83 409
a 3 28 85 459
a 4 3 99 408
a 4 5 87 377
a 4 29 80 394
a 5 4 85 749
a 5 6 98 578
a 5 30 88 521
a 6 5 93 709
a 6 7 84 691
a 6 31 85 490
a 7 6 81 616
a 7 8 96 424
a 7 32 96 550
a 8 7 88 548
a 8 9 87 461
a 8 33 98 652
a 9 8 84 476
a 9 10 97 685
a 9 34 100 535
a 10 9 83 549
a 10 11 99 483
a 10 35 94 680
a 11 10 88 419
a 11 12 86 664
a 11 36 96 570
a 12 11 83 567
a 12 13 98 643
a 12 37 85 717
a 13 12 93 499
a 13 14 86 534
a 13 38 93 567
a 14 13 94 648
a 14 15 82 531
a 14 39 96 649
a 15 14 91 705
a 15 16 88 417
a 15 40 92 644
a 16 15 98 586
a 16 17 83 516
a 16 41 82 599
a 17 16 88 739
a 17 18 94 523
a 17 42 96 449
a 18 17 94 461
a 18 19 80 548
a 18 43 94 548
a 19 18 86 494
a 19 20 100 756
a 19 44 100 558
a 20 19 94 563
a 20 21 82 409
a 20 45 89 718
a 21 20 98 663
a 21 22 88 436
a 21 46 100 672
a 22 21 89 511
a 22 23 81 651
a 22 47 92 363
a 23 22 98 537
a 23 24 92 594
a 23 48 92 451
a 24 23 92 398
a 24 49 96 641
a 25 0 94 470
a 25 26 99 641
a 25 50 97 736
a 26 1 97 545
a 26 25 92 670
a 26 27 89 728
a 26 51 95 476
a 27 2 82 638
a 27 26 84 456
a 27 28 89 529
a 27 52 99 460
a 28 3 96 412
a 28 27 81 679
a 28 29 94 546
a 28 53 94 729
a 29 4 95 522
a 29 28 80 672
a 29 30 81 657
a 29 54 95 569
a 30 5 94 637
a 30 29 95 641
a 30 31 81 638
a 30 55 88 505
a 31 6 81 503
a 31 30 94 404
a 31 32 80 621
a 31 56 98 605
a 32 7 94 633
a 32 31 80 750
a 32 33 86 604
a 32 57 95 461
a 33 8 82 416
a 33 32 98 682
a 33 34 85 733
a 33 58 81 407
a 34 9 95 488
a 34 33 86 399
a 34 35 91 650
a 34 59 93 531
a 35 10 87 749
a 35 34 96 486
a 35 36 99 440
a 35 60 99 659
a 36 11 89 459
a 36 35 98 369
a 36 37 93 678
a 36 61 87 648
a 37 12 91 617
a 37 36 83 504
a 37 38 85 487
a 37 62 96 585
a 38 13 97 628
a 38 37 96 559
a 38 39 82 727
a 38 63 82 615
a 39 14 84 693
a 39 38 94 443
a 39 40 86 427
a 39 64 100 397
a 40 15 93 702
a 40 39 93 470
a 40 41 96 758
a 40 65 87 723
a 41 16 94 681
a 41 40 87 682
a 41 42 83 688
a 41 66 83 485
a 42 17 96 365
a 42 41 96 436
a 42 43 89 595
a 42 67 83 725
a 43 18 91 545
a 43 42 92 681
a 43 44 92 388
a 43 68 85 565
a 44 19 94 578
a 44 43 94 411
a 44 45 95 415
a 44 69 84 750
a 45 20 83 683
a 45 44 84 543
a 45 46 94 497
a 45 70 89 378
a 46 21 85 634
a 46 45 92 696
a 46 47 85 585
a 46 71 98 582
a 47 22 92 656
a 47 46 99 516
a 47 48 97 753
a 47 72 89 727
a 48 23 84 554
a 48 47 80 626
a 48 49 80 453
a 48 73 97 473
a 49 24 98 461
a 49 48 86 454
a 49 74 94 725
a 50 25 85 481
a 50 51 91 445
a 50 75 84 402
a 51 26 88 488
a 51 50 84 716
a 51 52 81 364
a 51 76 82 424
a 52 27 83 624
a 52 51 86 713
a 52 53 91 398
a 52 77 100 472
a 53 28 83 563
a 53 52 95 366
a 53 54 85 468
a 53 78 80 466
a 54 29 91 675
a 54 53 84 402
a 54 55 86 539
a 54 79 94 466
a 55 30 85 403
a 55 54 85 710
a 55 56 82 447
a 55 80 84 696
a 56 31 97 623
a 56 55 94 473
a 56 57 95 433
a 56 81 81 480
a 57 32 85 566
a 57 56 85 685
a 57 58 100 620
a 57 82 91 569
a 58 33 82 600
a 58 57 80 595
a 58 59 85 633
a 58 83 96 703
a 59 34 83 388
a 59 58 84 653
a 59 60 88 376
a 59 84 88 482
a 60 35 91 541
a 60 59 94 724
a 60 61 86 383
a 60 85 92 606
a 61 36 92 469
a 61 60 93 516
a 61 62 83 751
a 61 86 99 538
a 62 37 86 546
a 62 61 84 602
a 62 63 88 670
a 62 87 86 472
a 63 38 88 511
a 63 62 85 589
a 63 64 94 758
a 63 88 98 446
a 64 39 88 594
a 64 63 94 400
a 64 65 81 624
a 64 89 93 479
a 65 40 98 511
a 65 64 100 423
a 65 66 93 659
a 65 90 87 586
a 66 41 91 408
a 66 65 95 512
a 66 67 100 472
a 66 91 91 534
a 67 42 84 496
a 67 66 97 370
a 67 68 85 592
a 67 92 89 612
a 68 43 93 667
a 68 67 95 504
a 68 69 84 636
a 68 93 82 455
a 69 44 97 415
a 69 68 89 705
a 69 70 88 554
a 69 94 91 412
a 70 45 100 373
a 70 69 86 406
a 70 71 98 587
a 70 95 96 501
a 71 46 88 577
a 71 70 92 699
a 71 72 98 518
a 71 96 94 616
a 72 47 89 365
a 72 71 93 758
a 72 73 82 648
a 72 97 85 660
a 73 48 82 639
a 73 72 98 438
a 73 74 85 715
a 73 98 97 652
a 74 49 96 579
a 74 73 85 608
a 74 99 84 742
a 75 50 85 679
a 75 76 84 746
a 75 100 87 589
a 76 51 81 461
a 76 75 99 756
a 76 77 93 666
a 76 101 86 651
a 77 52 94 496
a 77 76 82 448
a 77 78 85 422
a 77 102 88 529
a 78 53 81 733
a 78 77 81 729
a 78 79 82 756
a 78 103 96 733
a 79 54 98 690
a 79 78 82 729
a 79 80 91 405
a 79 104 92 406
a 80 55 96 492
a 80 79 94 643
a 80 81 86 369
a 80 105 93 489
a 81 56 85 464
a 81 80 88 645
a 81 82 88 639
a 81 106 88 366
a 82 57 88 365
a 82 81 94 701
a 82 83 98 683
a 82 107 87 742
a 83 58 91 662
a 83 82 84 708
a 83 84 81 413
a 83 108 94 521
a 84 59 94 468
a 84 83 97 646
a 84 85 88 543
a 84 109 81 447
a 85 60 100 541
a 85 84 93 603
a 85 86 83 647
a 85 110 83 469
a 86 61 93 383
a 86 85 96 716
a 86 87 97 632
a 86 111 87 388
a 87 62 99 616
a 87 86 82 522
a 87 88 81 738
a 87 112 84 363
a 88 63 94 486
a 88 87 80 551
a 88 89 87 579
a 88 113 82 419
a 89 64 81 467
a 89 88 88 445
a 89 90 93 739
a 89 114 98 735
a 90 65 91 622
a 90 89 97 455
a 90 91 89 625
a 90 115 92 665
a 91 66 93 688
a 91 90 95 577
a 91 92 88 507
a 91 116 93 663
a 92 67 89 534
a 92 91 86 601
a 92 93 91 638
a 92 117 96 664
a 93 68 96 586
a 93 92 80 523
a 93 94 81 587
a 93 118 98 694
a 94 69 100 435
a 94 93 100 589
a 94 95 97 477
a 94 119 80 463
a 95 70 88 439
a 95 94 82 429
a 95 96 80 455
a 95 120 89 511
a 96 71 93 540
a 96 95 85 553
a 96 97 81 504
a 96 121 99 462
a 97 72 100 693
a 97 96 96 459
a 97 98 80 502
a 97 122 97 556
a 98 73 96 737
a 98 97 91 623
a 98 99 91 650
a 98 123 83 412
a 99 74 96 511
a 99 98 94 632
a 99 124 81 576
a 100 75 98 399
a 100 101 96 421
a 100 125 94 726
a 101 76 88 429
a 101 100 87 759
a 101 102 88 484
a 101 126 87 601
a 102 77 92 674
a 102 101 95 661
a 102 103 93 460
a 102 127 97 750
a 103 78 89 702
a 103 102 89 738
a 103 104 87 671
a 103 128 88 590
a 104 79 82 574
a 104 103 97 479
a 104 105 97 533
a 104 129 82 649
a 105 80 96 390
a 105 104 98 421
a 105 106 88 410
a 105 130 84 671
a 106 81 97 430
a 106 105 94 530
a 106 107 81 599
a 106 131 89 500
a 107 82 84 539
a 107 106 91 708
a 107 108 96 664
a 107 132 82 405
a 108 83 89 708
a 108 107 87 403
a 108 109 96 525
a 108 133 89 514
a 109 84 81 533
a 109 108 97 479
a 109 110 98 524
a 109 134 93 416
a 110 85 87 678
a 110 109 100 714
a 110 111 93 665
a 110 135 80 590
a 111 86 89 459
a 111 110 97 482
a 111 112 80 662
a 111 136 86 730
a 112 87 81 649
a 112 111 80 382
a 112 113 84 583
a 112 137 84 625
a 113 88 96 423
a 113 112 96 384
a 113 114 86 530
a 113 138 97 656
a 114 89 95 362
a 114 113 100 646
a 114 115 88 733
a 114 139 99 372
a 115 90 87 411
a 115 114 94 564
a 115 116 94 514
a 115 140 93 617
a 116 91 88 725
a 116 115 96 633
a 116 117 95 684
a 116 141 94 447
a 117 92 97 701
a 117 116 92 656
a 117 118 82 634
a 117 142 80 735
a 118 93 83 507
a 118 117 80 486
a 118 119 88 694
a 118 143 80 487
a 119 94 81 435
a 119 118 91 450
a 119 120 86 597
a 119 144 93 565
a 120 95 81 373
a 120 119 91 426
a 120 121 83 643
a 120 145 91 457
a 121 96 84 725
a 121 120 95 730
a 121 122 83 396
a 121 146 97 373
a 122 97 89 675
a 122 121 80 578
a 122 123 94 703
a 122 147 85 710
a 123 98 88 721
a 123 122 89 479
a 123 124 88 666
a 123 148 98 374
a 124 99 96 589
a 124 123 80 738
a 124 149 95 568
a 125 100 80 394
a 125 126 80 626
a 125 150 83 412
a 126 101 89 379
a 126 125 97 712
a 126 127 92 607
a 126 151 80 494
a 127 102 98 430
a 127 126 85 606
a 127 128 89 455
a 127 152 95 483
a 128 103 81 701
a 128 127 99 594
a 128 129 85 376
a 128 153 93 500
a 129 104 98 505
a 129 128 94 707
a 129 130 91 554
a 129 154 96 523
a 130 105 86 594
a 130 129 95 571
a 130 131 96 683
a 130 155 95 490
a 131 106 88 710
a 131 130 86 573
a 131 132 89 665
a 131 156 93 438
a 132 107 97 563
a 132 131 95 372
a 132 133 81 397
a 132 157 89 451
a 133 108 98 489
a 133 132 86 409
a 133 134 85 734
a 133 158 95 755
a 134 109 83 560
a 134 133 80 690
a 134 135 94 361
a 134 159 85 547
a 135 110 82 392
a 135 134 82 500
a 135 136 88 681
a 135 160 91 713
a 136 111 96 437
a 136 135 94 507
a 136 137 85 625
a 136 161 83 584
a 137 112 95 597
a 137 136 87 524
a 137 138 83 709
a 137 162 82 715
a 138 113 95 545
a 138 137 91 385
a 138 139 80 637
a 138 163 82 632
a 139 114 87 391
a 139 138 99 408
a 139 140 89 573
a 139 164 91 717
a 140 115 81 487
a 140 139 96 494
a 140 141 84 387
a 140 165 91 396
a 141 116 87 594
a 141 140 97 737
a 141 142 99 593
a 141 166 87 580
a 142 117 92 419
a 142 141 96 597
a 142 143 95 489
a 142 167 82 538
a 143 118 84 537
a 143 142 88 709
a 143 144 97 413
a 143 168 91 757
a 144 119 95 503
a 144 143 93 380
a 144 145 100 424
a 144 169 98 743
a 145 120 91 386
a 145 144 94 445
a 145 146 87 722
a 145 170 92 544
a 146 121 89 507
a 146 145 89 539
a 146 147 84 528
a 146 171 81 542
a 147 122 87 423
a 147 146 88 448
a 147 148 95 715
a 147 172 97 677
a 148 123 87 755
a 148 147 98 609
a 148 149 95 532
a 148 173 82 483
a 149 124 99 468
a 149 148 83 608
a 149 174 100 505
a 150 125 85 671
a 150 151 94 433
a 150 175 95 750
a 151 126 91 649
a 151 150 95 449
a 151 152 99 659
a 151 176 97 361
a 152 127 86 490
a 152 151 96 520
a 152 153 92 437
a 152 177 91 677
a 153 128 83 416
a 153 152 93 731
a 153 154 98 376
a 153 178 83 396
a 154 129 96 467
a 154 153 82 740
a 154 155 83 376
a 154 179 80 543
a 155 130 96 481
a 155 154 88 646
a 155 156 87 520
a 155 180 81 716
a 156 131 94 496
a 156 155 87 366
a 156 157 95 523
a 156 181 97 575
a 157 132 88 541
a 157 156 88 708
a 157 158 87 735
a 157 182 91 641
a 158 133 97 710
a 158 157 97 499
a 158 159 95 716
a 158 183 81 655
a 159 134 83 636
a 159 158 83 749
a 159 160 83 392
a 159 184 98 371
a 160 135 89 486
a 160 159 97 594
a 160 161 95 612
a 160 185 98 648
a 161 136 81 581
a 161 160 97 389
a 161 162 98 509
a 161 186 87 488
a 162 137 83 553
a 162 161 84 715
a 162 163 100 486
a 162 187 85 696
a 163 138 94 760
a 163 162 95 656
a 163 164 96 631
a 163 188 96 620
a 164 139 92 460
a 164 163 98 522
a 164 165 85 583
a 164 189 86 638
a 165 140 99 666
a 165 164 99 757
a 165 166 81 654
a 165 190 80 443
a 166 141 80 588
a 166 165 93 622
a 166 167 99 621
a 166 191 93 602
a 167 142 100 383
a 167 166 91 395
a 167 168 88 405
a 167 192 98 643
a 168 143 97 714
a 168 167 94 661
a 168 169 98 641
a 168 193 85 734
a 169 144 83 636
a 169 168 83 446
a 169 170 80 564
a 169 194 98 622
a 170 145 95 727
a 170 169 95 572
a 170 171 86 409
a 170 195 82 482
a 171 146 93 568
a 171 170 89 374
a 171 172 92 546
a 171 196 95 557
a 172 147 86 689
a 172 171 87 567
a 172 173 82 567
a 172 197 100 628
a 173 148 87 490
a 173 172 89 401
a 173 174 100 523
a 173 198 96 605
a 174 149 89 653
a 174 173 84 685
a 174 199 96 738
a 175 150 88 471
a 175 176 97 362
a 175 200 83 431
a 176 151 93 404
a 176 175 81 466
a 176 177 89 624
a 176 201 83 687
a 177 152 85 572
a 177 176 94 560
a 177 178 95 435
a 177 202 98 518
a 178 153 89 557
a 178 177 96 484
a 178 179 92 673
a 178 203 87 700
a 179 154 87 552
a 179 178 80 576
a 179 180 88 444
a 179 204 81 487
a 180 155 99 690
a 180 179 95 710
a 180 181 96 402
a 180 205 81 613
a 181 156 91 543
a 181 180 89 367
a 181 182 82 538
a 181 206 92 702
a 182 157 81 478
a 182 181 95 710
a 182 183 100 560
a 182 207 91 623
a 183 158 96 494
a 183 182 85 529
a 183 184 82 378
a 183 208 81 390
a 184 159 97 734
a 184 183 81 518
a 184 185 85 403
a 184 209 83 529
a 185 160 85 493
a 185 184 92 539
a 185 186 85 372
a 185 210 83 709
a 186 161 97 741
a 186 185 97 749
a 186 187 91 412
a 186 211 81 577
a 187 162 84 562
a 187 186 84 437
a 187 188 86 663
a 187 212 91 570
a 188 163 95 527
a 188 187 92 653
a 188 189 88 755
a 188 213 85 660
a 189 164 95 615
a 189 188 92 462
a 189 190 91 671
a 189 214 87 405
a 190 165 84 491
a 190 189 88 526
a 190 191 91 698
a 190 215 80 656
a 191 166 97 555
a 191 190 87 631
a 191 192 100 379
a 191 216 80 689
a 192 167 92 378
a 192 191 92 465
a 192 193 80 578
a 192 217 87 727
a 193 168 87 528
a 193 192 95 674
a 193 194 87 576
a 193 218 96 409
a 194 169 94 410
a 194 193 80 679
a 194 195 95 706
a 194 219 92 368
a 195 170 85 524
a 195 194 87 715
a 195 196 99 441
a 195 220 95 687
a 196 171 86 558
a 196 195 91 543
a 196 197 91 441
a 196 221 80 594
a 197 172 87 528
a 197 196 92 708
a 197 198 80 487
a 197 222 99 747
a 198 173 81 372
a 198 197 80 408
a 198 199 83 596
a 198 223 82 492
a 199 174 95 422
a 199 198 98 618
a 199 224 84 447
a 200 175 92 636
a 200 201 89 555
a 200 225 91 560
a 201 176 81 409
a 201 200 94 514
a 201 202 88 439
a 201 226 94 552
a 202 177 86 513
a 202 201 92 698
a 202 203 93 691
a 202 227 100 524
a 203 178 97 650
a 203 202 80 523
a 203 204 84 557
a 203 228 100 444
a 204 179 93 728
a 204 203 92 588
a 204 205 91 721
a 204 229 89 727
a 205 180 80 492
a 205 204 85 588
a 205 206 85 461
a 205 230 91 488
a 206 181 94 522
a 206 205 82 649
a 206 207 97 570
a 206 231 95 500
a 207 182 94 520
a 207 206 83 526
a 207 208 95 436
a 207 232 83 720
a 208 183 84 402
a 208 207 85 425
a 208 209 98 722
a 208 233 94 442
a 209 184 84 698
a 209 208 100 606
a 209 210 93 424
a 209 234 99 550
a 210 185 84 590
a 210 209 83 741
a 210 211 83 551
a 210 235 80 722
a 211 186 87 480
a 211 210 80 583
a 211 212 98 421
a 211 236 82 648
a 212 187 82 615
a 212 211 100 511
a 212 213 83 391
a 212 237 92 540
a 213 188 100 678
a 213 212 84 704
a 213 214 80 633
a 213 238 93 371
a 214 189 88 651
a 214 213 95 721
a 214 215 93 568
a 214 239 96 734
a 215 190 96 673
a 215 214 80 644
a 215 216 91 575
a 215 240 95 754
a 216 191 93 602
a 216 215 94 739
a 216 217 87 574
a 216 241 100 740
a 217 192 95 582
a 217 216 99 408
a 217 218 82 721
a 217 242 96 633
a 218 193 94 548
a 218 217 82 591
a 218 219 94 394
a 218 243 81 696
a 219 194 80 366
a 219 218 100 375
a 219 220 93 712
a 219 244 89 737
a 220 195 92 528
a 220 219 99 382
a 220 221 94 383
a 220 245 97 702
a 221 196 99 704
a 221 220 86 491
a 221 222 86 499
a 221 246 86 516
a 222 197 95 483
a 222 221 99 461
a 222 223 94 492
a 222 247 86 427
a 223 198 91 396
a 223 222 98 614
a 223 224 87 452
a 223 248 87 523
a 224 199 82 743
a 224 223 83 745
a 224 249 98 444
a 225 200 89 669
a 225 226 89 735
a 225 250 80 414
a 226 201 94 405
a 226 225 91 750
a 226 227 81 666
a 226 251 95 391
a 227 202 95 462
a 227 226 93 460
a 227 228 94 419
a 227 252 83 414
a 228 203 97 464
a 228 227 86 510
a 228 229 98 630
a 228 253 84 613
a 229 204 80 547
a 229 228 89 524
a 229 230 99 614
a 229 254 97 585
a 230 205 94 753
a 230 229 99 666
a 230 231 87 567
a 230 255 87 653
a 231 206 80 699
a 231 230 91 686
a 231 232 85 566
a 231 256 94 496
a 232 207 86 521
a 232 231 92 621
a 232 233 81 657
a 232 257 98 501
a 233 208 80 499
a 233 232 82 432
a 233 234 93 572
a 233 258 91 603
a 234 209 91 587
a 234 233 89 442
a 234 235 82 563
a 234 259 95 369
a 235 210 94 434
a 235 234 98 612
a 235 236 87 686
a 235 260 83 700
a 236 211 100 747
a 236 235 95 552
a 236 237 84 424
a 236 261 88 505
a 237 212 86 571
a 237 236 91 701
a 237 238 87 389
a 237 262 91 711
a 238 213 92 525
a 238 237 81 555
a 238 239 91 391
a 238 263 84 570
a 239 214 87 589
a 239 238 94 404
a 239 240 98 400
a 239 264 81 635
a 240 215 81 471
a 240 239 84 425
a 240 241 83 716
a 240 265 86 552
a 241 216 84 749
a 241 240 80 420
a 241 242 85 641
a 241 266 82 443
a 242 217 89 415
a 242 241 81 434
a 242 243 86 394
a 242 267 82 440
a 243 218 82 626
a 243 242 95 741
a 243 244 95 751
a 243 268 97 725
a 244 219 87 671
a 244 243 87 636
a 244 245 91 749
a 244 269 89 647
a 245 220 91 382
a 245 244 96 517
a 245 246 91 749
a 245 270 96 479
a 246 221 87 583
a 246 245 96 703
a 246 247 81 376
a 246 271 100 372
a 247 222 87 596
a 247 246 83 662
a 247 248 83 651
a 247 272 95 464
a 248 223 83 430
a 248 247 88 504
a 248 249 88 626
a 248 273 98 728
a 249 224 92 637
a 249 248 93 409
a 249 274 82 631
a 250 225 89 490
a 250 251 91 678
a 250 275 85 640
a 251 226 95 449
a 251 250 100 609
a 251 252 100 392
a 251 276 91 620
a 252 227 92 535
a 252 251 93 664
a 252 253 85 581
a 252 277 92 523
a 253 228 84 581
a 253 252 94 512
a 253 254 85 543
a 253 278 82 645
a 254 229 100 750
a 254 253 98 589
a 254 255 85 532
a 254 279 87 417
a 255 230 86 684
a 255 254 93 705
a 255 256 83 594
a 255 280 86 728
a 256 231 95 409
a 256 255 88 505
a 256 257 93 563
a 256 281 84 612
a 257 232 82 633
a 257 256 81 549
a 257 258 80 645
a 257 282 83 365
a 258 233 100 566
a 258 257 84 385
a 258 259 92 600
a 258 283 97 561
a 259 234 83 760
a 259 258 81 567
a 259 260 91 523
a 259 284 88 612
a 260 235 87 699
a 260 259 91 583
a 260 261 93 462
a 260 285 94 362
a 261 236 83 635
a 261 260 83 466
a 261 262 100 654
a 261 286 80 743
a 262 237 93 585
a 262 261 86 427
a 262 263 100 416
a 262 287 97 592
a 263 238 100 414
a 263 262 97 706
a 263 264 89 692
a 263 288 88 459
a 264 239 88 703
a 264 263 91 365
a 264 265 92 672
a 264 289 100 490
a 265 240 85 721
a 265 264 97 422
a 265 266 94 694
a 265 290 85 442
a 266 241 88 409
a 266 265 80 460
a 266 267 97 641
a 266 291 81 486
a 267 242 100 693
a 267 266 92 491
a 267 268 86 449
a 267 292 89 467
a 268 243 89 640
a 268 267 96 434
a 268 269 92 735
a 268 293 82 687
a 269 244 82 562
a 269 268 98 557
a 269 270 83 554
a 269 294 81 659
a 270 245 85 386
a 270 269 91 468
a 270 271 93 715
a 270 295 84 511
a 271 246 93 401
a 271 270 80 396
a 271 272 100 438
a 271 296 81 697
a 272 247 80 499
a 272 271 93 741
a 272 273 86 597
a 272 297 83 668
a 273 248 81 610
a 273 272 89 441
a 273 274 86 540
a 273 298 91 579
a 274 249 86 460
a 274 273 82 531
a 274 299 88 502
a 275 250 87 691
a 275 276 80 553
a 275 300 84 649
a 276 251 95 637
a 276 275 98 522
a 276 277 97 491
a 276 301 94 456
a 277 252 97 657
a 277 276 80 422
a 277 278 82 551
a 277 302 91 524
a 278 253 96 719
a 278 277 80 425
a 278 279 86 621
a 278 303 84 671
a 279 254 93 747
a 279 278 100 644
a 279 280 100 420
a 279 304 88 685
a 280 255 98 417
a 280 279 82 475
a 280 281 87 699
a 280 305 98 616
a 281 256 88 616
a 281 280 80 463
a 281 282 93 557
a 281 306 91 388
a 282 257 82 577
a 282 281 91 505
a 282 283 81 557
a 282 307 81 704
a 283 258 99 720
a 283 282 100 640
a 283 284 89 383
a 283 308 83 594
a 284 259 86 589
a 284 283 91 501
a 284 285 96 725
a 284 309 81 376
a 285 260 81 726
a 285 284 93 478
a 285 286 92 530
a 285 310 83 593
a 286 261 86 663
a 286 285 98 664
a 286 287 98 498
a 286 311 93 487
a 287 262 89 668
a 287 286 92 648
a 287 288 91 380
a 287 312 80 571
a 288 263 85 653
a 288 287 100 609
a 288 289 87 545
a 288 313 94 460
a 289 264 87 644
a 289 288 98 379
a 289 290 85 557
a 289 314 94 532
a 290 265 94 639
a 290 289 85 534
a 290 291 80 475
a 290 315 97 572
a 291 266 100 668
a 291 290 87 585
a 291 292 100 361
a 291 316 87 367
a 292 267 94 449
a 292 291 93 717
a 292 293 92 552
a 292 317 83 608
a 293 268 91 676
a 293 292 80 552
a 293 294 87 561
a 293 318 83 676
a 294 269 99 535
a 294 293 91 584
a 294 295 94 760
a 294 319 100 452
a 295 270 94 671
a 295 294 96 568
a 295 296 89 732
a 295 320 96 738
a 296 271 88 606
a 296 295 88 507
a 296 297 98 414
a 296 321 93 631
a 297 272 97 632
a 297 296 98 508
a 297 298 100 745
a 297 322 91 429
a 298 273 98 395
a 298 297 87 369
a 298 299 100 726
a 298 323 82 415
a 299 274 86 559
a 299 298 98 364
a 299 324 92 407
a 300 275 84 496
a 300 301 88 594
a 300 325 96 470
a 301 276 80 718
a 301 300 100 656
a 301 302 80 676
a 301 326 86 731
a 302 277 84 448
a 302 301 91 374
a 302 303 96 725
a 302 327 84 382
a 303 278 88 488
a 303 302 91 590
a 303 304 80 587
a 303 328 89 437
a 304 279 94 460
a 304 303 94 759
a 304 305 98 372
a 304 329 80 561
a 305 280 89 623
a 305 304 88 577
a 305 306 82 572
a 305 330 94 529
a 306 281 96 590
a 306 305 97 525
a 306 307 95 551
a 306 331 99 702
a 307 282 85 561
a 307 306 97 400
a 307 308 80 641
a 307 332 86 603
a 308 283 83 574
a 308 307 96 398
a 308 309 81 441
a 308 333 99 447
a 309 284 83 708
a 309 308 94 708
a 309 310 84 537
a 309 334 95 687
a 310 285 94 528
a 310 309 89 575
a 310 311 98 659
a 310 335 81 443
a 311 286 87 702
a 311 310 92 411
a 311 312 88 683
a 311 336 85 675
a 312 287 97 689
a 312 311 85 693
a 312 313 98 688
a 312 337 84 553
a 313 288 80 624
a 313 312 89 429
a 313 314 92 490
a 313 338 83 510
a 314 289 89 500
a 314 313 93 550
a 314 315 84 453
a 314 339 97 409
a 315 290 89 366
a 315 314 100 583
a 315 316 87 402
a 315 340 100 716
a 316 291 92 654
a 316 315 85 377
a 316 317 84 444
a 316 341 98 721
a 317 292 100 743
a 317 316 88 441
a 317 318 87 503
a 317 342 91 481
a 318 293 82 479
a 318 317 84 655
a 318 319 84 399
a 318 343 80 538
a 319 294 97 756
a 319 318 97 516
a 319 320 95 465
a 319 344 99 489
a 320 295 84 679
a 320 319 95 688
a 320 321 99 527
a 320 345 100 452
a 321 296 94 609
a 321 320 82 609
a 321 322 91 451
a 321 346 86 505
a 322 297 97 621
a 322 321 87 725
a 322 323 86 482
a 322 347 83 556
a 323 298 94 469
a 323 322 100 506
a 323 324 100 566
a 323 348 80 505
a 324 299 98 578
a 324 323 80 423
a 324 349 93 495
a 325 300 84 757
a 325 326 82 584
a 325 350 96 620
a 326 301 99 460
a 326 325 95 561
a 326 327 92 515
a 326 351 84 476
a 327 302 92 647
a 327 326 83 626
a 327 328 97 746
a 327 352 91 590
a 328 303 99 677
a 328 327 98 674
a 328 329 81 628
a 328 353 93 580
a 329 304 94 698
a 329 328 81 412
a 329 330 80 705
a 329 354 100 626
a 330 305 97 558
a 330 329 92 555
a 330 331 100 435
a 330 355 98 555
a 331 306 82 458
a 331 330 84 396
a 331 332 92 730
a 331 356 93 400
a 332 307 93 695
a 332 331 82 558
a 332 333 94 413
a 332 357 87 615
a 333 308 82 723
a 333 332 92 603
a 333 334 81 727
a 333 358 89 697
a 334 309 93 728
a 334 333 100 564
a 334 335 84 588
a 334 359 80 388
a 335 310 85 741
a 335 334 82 453
a 335 336 97 703
a 335 360 98 608
a 336 311 84 498
a 336 335 84 414
a 336 337 86 474
a 336 361 93 689
a 337 312 95 649
a 337 336 95 377
a 337 338 99 578
a 337 362 97 674
a 338 313 99 551
a 338 337 88 690
a 338 339 96 363
a 338 363 89 435
a 339 314 95 439
a 339 338 81 569
a 339 340 94 549
a 339 364 92 382
a 340 315 84 388
a 340 339 91 651
a 340 341 95 363
a 340 365 92 719
a 341 316 82 693
a 341 340 96 496
a 341 342 95 407
a 341 366 81 412
a 342 317 99 465
a 342 341 87 511
a 342 343 97 386
a 342 367 100 431
a 343 318 91 657
a 343 342 86 754
a 343 344 80 596
a 343 368 91 430
a 344 319 87 747
a 344 343 93 477
a 344 345 92 689
a 344 369 85 626
a 345 320 94 465
a 345 344 91 480
a 345 346 80 632
a 345 370 96 437
a 346 321 83 607
a 346 345 83 528
a 346 347 86 563
a 346 371 93 446
a 347 322 93 718
a 347 346 96 704
a 347 348 81 466
a 347 372 91 457
a 348 323 96 482
a 348 347 98 549
a 348 349 81 371
a 348 373 83 589
a 349 324 97 612
a 349 348 80 462
a 349 374 95 395
a 350 325 92 591
a 350 351 96 468
a 350 375 92 415
a 351 326 99 536
a 351 350 91 729
a 351 352 84 609
a 351 376 97 450
a 352 327 91 730
a 352 351 84 607
a 352 353 99 679
a 352 377 97 422
a 353 328 91 685
a 353 352 92 489
a 353 354 82 470
a 353 378 86 637
a 354 329 96 407
a 354 353 87 686
a 354 355 86 541
a 354 379 99 471
a 355 330 81 530
a 355 354 85 759
a 355 356 96 629
a 355 380 97 614
a 356 331 97 554
a 356 355 87 518
a 356 357 95 651
a 356 381 100 402
a 357 332 93 516
a 357 356 96 566
a 357 358 82 518
a 357 382 98 712
a 358 333 91 601
a 358 357 92 749
a 358 359 86 371
a 358 383 83 672
a 359 334 100 603
a 359 358 94 695
a 359 360 85 646
a 359 384 93 651
a 360 335 97 550
a 360 359 86 373
a 360 361 83 388
a 360 385 88 593
a 361 336 95 409
a 361 360 87 462
a 361 362 96 424
a 361 386 80 555
a 362 337 81 582
a 362 361 96 479
a 362 363 100 606
a 362 387 97 513
a 363 338 93 697
a 363 362 98 429
a 363 364 82 541
a 363 388 98 704
a 364 339 89 426
a 364 363 92 746
a 364 365 82 607
a 364 389 89 749
a 365 340 81 616
a 365 364 83 678
a 365 366 86 693
a 365 390 82 446
a 366 341 82 473
a 366 365 88 689
a 366 367 97 645
a 366 391 92 468
a 367 342 86 688
a 367 366 84 631
a 367 368 99 658
a 367 392 96 652
a 368 343 94 637
a 368 367 98 454
a 368 369 93 403
a 368 393 92 523
a 369 344 94 749
a 369 368 92 418
a 369 370 86 723
a 369 394 88 527
a 370 345 92 571
a 370 369 89 362
a 370 371 85 691
a 370 395 81 633
a 371 346 95 435
a 371 370 87 601
a 371 372 100 660
a 371 396 92 363
a 372 347 87 433
a 372 371 80 407
a 372 373 92 499
a 372 397 96 517
a 373 348 85 626
a 373 372 99 642
a 373 374 86 452
a 373 398 96 651
a 374 349 99 594
a 374 373 89 499
a 374 399 93 599
a 375 350 91 577
a 375 376 87 631
a 375 400 96 523
a 376 351 91 371
a 376 375 100 739
a 376 377 100 710
a 376 401 92 660
a 377 352 98 494
a 377 376 87 532
a 377 378 85 727
a 377 402 95 716
a 378 353 95 404
a 378 377 81 634
a 378 379 100 529
a 378 403 95 369
a 379 354 88 725
a 379 378 84 397
a 379 380 84 451
a 379 404 100 507
a 380 355 87 631
a 380 379 80 369
a 380 381 95 461
a 380 405 99 658
a 381 356 89 515
a 381 380 93 619
a 381 382 85 638
a 381 406 81 661
a 382 357 83 548
a 382 381 96 503
a 382 383 97 687
a 382 407 88 557
a 383 358 86 378
a 383 382 91 560
a 383 384 92 407
a 383 408 89 447
a 384 359 99 547
a 384 383 87 581
a 384 385 94 425
a 384 409 83 690
a 385 360 95 466
a 385 384 84 527
a 385 386 97 705
a 385 410 96 604
a 386 361 94 740
a 386 385 81 746
a 386 387 82 547
a 386 411 87 419
a 387 362 92 671
a 387 386 91 560
a 387 388 82 391
a 387 412 81 666
a 388 363 85 738
a 388 387 82 488
a 388 389 93 737
a 388 413 93 540
a 389 364 97 478
a 389 388 88 757
a 389 390 83 481
a 389 414 94 627
a 390 365 100 375
a 390 389 98 563
a 390 391 91 410
a 390 415 84 728
a 391 366 86 567
a 391 390 89 364
a 391 392 86 531
a 391 416 80 567
a 392 367 91 588
a 392 391 100 440
a 392 393 96 576
a 392 417 84 532
a 393 368 89 561
a 393 392 100 404
a 393 394 100 381
a 393 418 88 617
a 394 369 100 440
a 394 393 95 517
a 394 395 93 651
a 394 419 92 723
a 395 370 93 532
a 395 394 80 663
a 395 396 85 438
a 395 420 80 484
a 396 371 86 698
a 396 395 92 673
a 396 397 91 622
a 396 421 92 584
a 397 372 91 650
a 397 396 84 619
a 397 398 98 524
a 397 422 87 518
a 398 373 98 760
a 398 397 100 381
a 398 399 95 562
a 398 423 93 363
a 399 374 80 586
a 399 398 86 725
a 399 424 98 456
a 400 375 83 732
a 400 401 86 532
a 400 425 95 361
a 401 376 97 695
a 401 400 80 458
a 401 402 85 660
a 401 426 81 446
a 402 377 97 391
a 402 401 86 577
a 402 403 87 452
a 402 427 99 591
a 403 378 91 408
a 403 402 84 574
a 403 404 88 749
a 403 428 80 637
a 404 379 82 512
a 404 403 88 656
a 404 405 86 470
a 404 429 86 663
a 405 380 96 616
a 405 404 82 408
a 405 406 87 531
a 405 430 99 681
a 406 381 100 470
a 406 405 80 399
a 406 407 96 371
a 406 431 82 494
a 407 382 98 676
a 407 406 88 701
a 407 408 96 694
a 407 432 87 366
a 408 383 83 569
a 408 407 91 481
a 408 409 93 655
a 408 433 100 578
a 409 384 97 650
a 409 408 100 631
a 409 410 89 682
a 409 434 82 521
a 410 385 83 708
a 410 409 80 394
a 410 411 87 362
a 410 435 100 599
a 411 386 80 522
a 411 410 91 757
a 411 412 97 598
a 411 436 91 398
a 412 387 96 671
a 412 411 94 364
a 412 413 91 648
a 412 437 88 387
a 413 388 85 759
a 413 412 92 717
a 413 414 80 458
a 413 438 97 608
a 414 389 80 562
a 414 413 95 426
a 414 415 84 511
a 414 439 93 427
a 415 390 82 625
a 415 414 95 471
a 415 416 95 388
a 415 440 87 398
a 416 391 93 598
a 416 415 97 640
a 416 417 100 671
a 416 441 100 713
a 417 392 80 648
a 417 416 82 699
a 417 418 83 582
a 417 442 84 487
a 418 393 83 645
a 418 417 89 465
a 418 419 95 392
a 418 443 93 760
a 419 394 100 433
a 419 418 100 742
a 419 420 80 595
a 419 444 94 651
a 420 395 100 711
a 420 419 84 476
a 420 421 96 463
a 420 445 87 760
a 421 396 95 623
a 421 420 96 503
a 421 422 100 404
a 421 446 81 451
a 422 397 91 380
a 422 421 80 438
a 422 423 98 721
a 422 447 94 692
a 423 398 95 617
a 423 422 80 686
a 423 424 84 402
a 423 448 94 719
a 424 399 89 406
a 424 423 93 521
a 424 449 98 529
a 425 400 88 574
a 425 426 80 433
a 425 450 86 598
a 426 401 87 752
a 426 425 92 591
a 426 427 84 449
a 426 451 88 475
a 427 402 86 603
a 427 426 91 679
a 427 428 80 719
a 427 452 100 688
a 428 403 94 492
a 428 427 85 487
a 428 429 91 564
a 428 453 94 751
a 429 404 80 587
a 429 428 89 485
a 429 430 96 523
a 429 454 81 646
a 430 405 94 382
a 430 429 84 648
a 430 431 88 441
a 430 455 95 364
a 431 406 92 382
a 431 430 81 389
a 431 432 98 401
a 431 456 83 649
a 432 407 91 705
a 432 431 94 415
a 432 433 93 396
a 432 457 92 724
a 433 408 95 420
a 433 432 82 560
a 433 434 99 485
a 433 458 99 553
a 434 409 93 424
a 434 433 98 663
a 434 435 87 506
a 434 459 95 597
a 435 410 94 492
a 435 434 85 550
a 435 436 93 696
a 435 460 93 640
a 436 411 100 480
a 436 435 100 586
a 436 437 86 701
a 436 461 82 631
a 437 412 93 725
a 437 436 84 452
a 437 438 98 707
a 437 462 92 715
a 438 413 100 440
a 438 437 91 426
a 438 439 80 600
a 438 463 92 622
a 439 414 95 708
a 439 438 100 405
a 439 440 89 459
a 439 464 94 749
a 440 415 85 508
a 440 439 84 558
a 440 441 82 707
a 440 465 93 739
a 441 416 92 367
a 441 440 84 453
a 441 442 95 424
a 441 466 87 675
a 442 417 86 466
a 442 441 98 524
a 442 443 92 540
a 442 467 95 691
a 443 418 96 595
a 443 442 88 755
a 443 444 82 417
a 443 468 94 532
a 444 419 81 384
a 444 443 96 414
a 444 445 98 529
a 444 469 95 448
a 445 420 88 423
a 445 444 84 539
a 445 446 91 564
a 445 470 96 565
a 446 421 96 667
a 446 445 81 598
a 446 447 96 450
a 446 471 81 513
a 447 422 86 755
a 447 446 100 614
a 447 448 94 415
a 447 472 89 463
a 448 423 83 656
a 448 447 84 610
a 448 449 99 415
a 448 473 83 539
a 449 424 85 636
a 449 448 87 625
a 449 474 93 606
a 450 425 95 562
a 450 451 97 583
a 450 475 99 383
a 451 426 80 412
a 451 450 88 703
a 451 452 88 483
a 451 476 85 660
a 452 427 100 673
a 452 451 96 585
a 452 453 84 471
a 452 477 85 627
a 453 428 87 395
a 453 452 86 622
a 453 454 94 663
a 453 478 96 411
a 454 429 82 620
a 454 453 99 737
a 454 455 85 385
a 454 479 99 366
a 455 430 85 519
a 455 454 98 630
a 455 456 93 614
a 455 480 85 680
a 456 431 92 628
a 456 455 84 756
a 456 457 99 433
a 456 481 99 419
a 457 432 96 734
a 457 456 87 589
a 457 458 98 526
a 457 482 93 436
a 458 433 91 525
a 458 457 96 503
a 458 459 83 518
a 458 483 99 432
a 459 434 94 520
a 459 458 100 669
a 459 460 99 369
a 459 484 82 623
a 460 435 91 592
a 460 459 92 506
a 460 461 89 643
a 460 485 100 665
a 461 436 99 380
a 461 460 99 460
a 461 462 87 663
a 461 486 98 722
a 462 437 100 535
a 462 461 89 463
a 462 463 88 557
a 462 487 100 518
a 463 438 93 675
a 463 462 83 450
a 463 464 86 613
a 463 488 91 451
a 464 439 82 595
a 464 463 96 480
a 464 465 84 759
a 464 489 84 619
a 465 440 96 616
a 465 464 88 638
a 465 466 97 377
a 465 490 97 631
a 466 441 96 412
a 466 465 86 669
a 466 467 80 452
a 466 491 80 457
a 467 442 95 601
a 467 466 81 710
a 467 468 95 699
a 467 492 82 387
a 468 443 83 440
a 468 467 95 692
a 468 469 95 440
a 468 493 85 759
a 469 444 83 707
a 469 468 100 556
a 469 470 91 683
a 469 494 88 711
a 470 445 92 711
a 470 469 89 460
a 470 471 97 582
a 470 495 93 631
a 471 446 98 524
a 471 470 97 741
a 471 472 89 519
a 471 496 91 365
a 472 447 83 550
a 472 471 80 374
a 472 473 82 595
a 472 497 96 636
a 473 448 80 751
a 473 472 92 526
a 473 474 87 363
a 473 498 93 545
a 474 449 98 436
a 474 473 98 723
a 474 499 99 603
a 475 450 87 625
a 475 476 81 528
a 475 500 86 638
a 476 451 84 558
a 476 475 88 683
a 476 477 87 420
a 476 501 82 626
a 477 452 85 639
a 477 476 98 725
a 477 478 89 531
a 477 502 88 391
a 478 453 88 415
a 478 477 94 606
a 478 479 98 685
a 478 503 98 533
a 479 454 88 698
a 479 478 88 669
a 479 480 94 607
a 479 504 85 755
a 480 455 89 737
a 480 479 95 647
a 480 481 96 665
a 480 505 86 666
a 481 456 98 536
a 481 480 86 678
a 481 482 95 364
a 481 506 88 576
a 482 457 98 499
a 482 481 95 500
a 482 483 83 704
a 482 507 96 613
a 483 458 82 426
a 483 482 85 695
a 483 484 81 712
a 483 508 93 749
a 484 459 95 470
a 484 483 93 428
a 484 485 96 672
a 484 509 92 479
a 485 460 80 455
a 485 484 99 368
a 485 486 91 749
a 485 510 92 735
a 486 461 86 592
a 486 485 99 423
a 486 487 95 732
a 486 511 100 375
a 487 462 85 377
a 487 486 95 582
a 487 488 87 404
a 487 512 92 633
a 488 463 86 708
a 488 487 98 508
a 488 489 92 650
a 488 513 84 669
a 489 464 80 416
a 489 488 95 544
a 489 490 97 420
a 489 514 100 402
a 490 465 81 635
a 490 489 96 605
a 490 491 87 459
a 490 515 98 577
a 491 466 86 615
a 491 490 92 411
a 491 492 96 501
a 491 516 99 628
a 492 467 95 394
a 492 491 92 730
a 492 493 87 476
a 492 517 89 709
a 493 468 91 741
a 493 492 98 679
a 493 494 85 394
a 493 518 85 444
a 494 469 96 584
a 494 493 83 364
a 494 495 97 665
a 494 519 85 367
a 495 470 85 733
a 495 494 99 710
a 495 496 88 732
a 495 520 86 606
a 496 471 97 510
a 496 495 84 549
a 496 497 92 551
a 496 521 92 387
a 497 472 86 505
a 497 496 96 420
a 497 498 87 422
a 497 522 97 506
a 498 473 95 460
a 498 497 83 755
a 498 499 100 482
a 498 523 80 737
a 499 474 100 700
a 499 498 95 707
a 499 524 88 582
a 500 475 91 747
a 500 501 82 528
a 500 525 84 482
a 501 476 93 646
a 501 500 94 461
a 501 502 96 386
a 501 526 91 638
a 502 477 86 636
a 502 501 82 463
a 502 503 85 398
a 502 527 96 420
a 503 478 87 634
a 503 502 89 374
a 503 504 85 514
a 503 528 85 579
a 504 479 87 547
a 504 503 92 587
a 504 505 87 461
a 504 529 81 757
a 505 480 96 754
a 505 504 100 508
a 505 506 87 713
a 505 530 98 479
a 506 481 80 407
a 506 505 97 673
a 506 507 88 699
a 506 531 87 636
a 507 482 81 693
a 507 506 91 706
a 507 508 99 649
a 507 532 95 503
a 508 483 80 579
a 508 507 92 467
a 508 509 88 509
a 508 533 80 364
a 509 484 85 737
a 509 508 94 370
a 509 510 87 719
a 509 534 93 412
a 510 485 99 384
a 510 509 85 624
a 510 511 96 678
a 510 535 89 369
a 511 486 89 727
a 511 510 85 554
a 511 512 91 507
a 511 536 84 503
a 512 487 96 540
a 512 511 81 582
a 512 513 82 714
a 512 537 96 506
a 513 488 93 379
a 513 512 95 409
a 513 514 86 586
a 513 538 87 482
a 514 489 81 552
a 514 513 91 381
a 514 515 95 716
a 514 539 82 519
a 515 490 85 548
a 515 514 82 382
a 515 516 88 467
a 515 540 95 705
a 516 491 96 651
a 516 515 99 434
a 516 517 85 607
a 516 541 96 445
a 517 492 99 638
a 517 516 92 556
a 517 518 97 703
a 517 542 91 556
a 518 493 88 681
a 518 517 92 445
a 518 519 88 707
a 518 543 84 575
a 519 494 100 568
a 519 518 85 548
a 519 520 86 737
a 519 544 83 382
a 520 495 95 741
a 520 519 82 681
a 520 521 87 460
a 520 545 87 558
a 521 496 94 488
a 521 520 92 556
a 521 522 96 508
a 521 546 95 576
a 522 497 82 372
a 522 521 87 392
a 522 523 85 512
a 522 547 94 463
a 523 498 92 641
a 523 522 83 752
a 523 524 82 599
a 523 548 87 608
a 524 499 92 698
a 524 523 86 584
a 524 549 93 534
a 525 500 87 582
a 525 526 97 577
a 525 550 97 627
a 526 501 88 542
a 526 525 98 410
a 526 527 85 712
a 526 551 88 733
a 527 502 84 404
a 527 526 80 393
a 527 528 80 520
a 527 552 98 687
a 528 503 83 465
a 528 527 85 506
a 528 529 80 518
a 528 553 91 662
a 529 504 82 730
a 529 528 91 664
a 529 530 100 475
a 529 554 82 500
a 530 505 88 499
a 530 529 89 498
a 530 531 91 719
a 530 555 86 757
a 531 506 95 725
a 531 530 100 714
a 531 532 84 702
a 531 556 96 689
a 532 507 86 724
a 532 531 95 697
a 532 533 97 756
a 532 557 85 539
a 533 508 92 638
a 533 532 82 417
a 533 534 100 722
a 533 558 91 479
a 534 509 81 475
a 534 533 94 505
a 534 535 87 596
a 534 559 88 384
a 535 510 98 727
a 535 534 100 561
a 535 536 87 483
a 535 560 81 388
a 536 511 97 591
a 536 535 99 751
a 536 537 81 575
a 536 561 81 393
a 537 512 93 389
a 537 536 88 361
a 537 538 95 477
a 537 562 83 481
a 538 513 98 618
a 538 537 81 370
a 538 539 95 581
a 538 563 98 413
a 539 514 94 631
a 539 538 81 507
a 539 540 87 402
a 539 564 80 556
a 540 515 98 560
a 540 539 93 639
a 540 541 97 598
a 540 565 87 408
a 541 516 86 703
a 541 540 87 581
a 541 542 92 374
a 541 566 86 695
a 542 517 92 379
a 542 541 96 557
a 542 543 81 593
a 542 567 93 377
a 543 518 98 470
a 543 542 80 409
a 543 544 89 695
a 543 568 85 557
a 544 519 86 451
a 544 543 91 581
a 544 545 93 555
a 544 569 95 626
a 545 520 95 541
a 545 544 87 572
a 545 546 92 565
a 545 570 95 626
a 546 521 85 562
a 546 545 100 704
a 546 547 97 685
a 546 571 92 387
a 547 522 100 543
a 547 546 84 463
a 547 548 88 546
a 547 572 97 600
a 548 523 92 663
a 548 547 100 494
a 548 549 80 535
a 548 573 86 390
a 549 524 91 752
a 549 548 91 693
a 549 574 97 375
a 550 525 95 546
a 550 551 84 571
a 550 575 81 672
a 551 526 88 696
a 551 550 89 584
a 551 552 88 665
a 551 576 89 651
a 552 527 83 532
a 552 551 87 386
a 552 553 87 620
a 552 577 96 646
a 553 528 92 637
a 553 552 81 602
a 553 554 81 527
a 553 578 84 411
a 554 529 85 749
a 554 553 84 548
a 554 555 84 464
a 554 579 83 397
a 555 530 82 696
a 555 554 92 590
a 555 556 89 613
a 555 580 89 591
a 556 531 100 678
a 556 555 89 559
a 556 557 91 426
a 556 581 80 705
a 557 532 86 616
a 557 556 80 369
a 557 558 87 646
a 557 582 99 559
a 558 533 99 703
a 558 557 86 391
a 558 559 88 602
a 558 583 87 539
a 559 534 85 639
a 559 558 81 559
a 559 560 83 581
a 559 584 92 590
a 560 535 94 504
a 560 559 84 556
a 560 561 100 510
a 560 585 82 387
a 561 536 81 739
a 561 560 92 451
a 561 562 100 728
a 561 586 84 377
a 562 537 91 574
a 562 561 85 552
a 562 563 83 496
a 562 587 96 734
a 563 538 95 414
a 563 562 95 624
a 563 564 91 428
a 563 588 99 688
a 564 539 97 679
a 564 563 98 457
a 564 565 85 480
a 564 589 80 506
a 565 540 88 628
a 565 564 85 717
a 565 566 82 483
a 565 590 91 572
a 566 541 96 473
a 566 565 100 475
a 566 567 87 461
a 566 591 80 640
a 567 542 99 693
a 567 566 80 749
a 567 568 97 527
a 567 592 99 516
a 568 543 98 664
a 568 567 88 434
a 568 569 96 370
a 568 593 85 428
a 569 544 85 515
a 569 568 85 389
a 569 570 100 559
a 569 594 81 758
a 570 545 94 727
a 570 569 94 425
a 570 571 100 465
a 570 595 87 590
a 571 546 91 580
a 571 570 94 577
a 571 572 87 615
a 571 596 96 739
a 572 547 87 368
a 572 571 93 604
a 572 573 97 692
a 572 597 100 716
a 573 548 80 492
a 573 572 91 694
a 573 574 93 597
a 573 598 91 513
a 574 549 92 738
a 574 573 91 532
a 574 599 83 578
a 575 550 93 641
a 575 576 99 465
a 575 600 84 483
a 576 551 86 646
a 576 575 87 508
a 576 577 85 597
a 576 601 94 475
a 577 552 84 486
a 577 576 81 584
a 577 578 97 558
a 577 602 82 718
a 578 553 89 474
a 578 577 88 427
a 578 579 87 629
a 578 603 98 645
a 579 554 83 620
a 579 578 99 425
a 579 580 85 469
a 579 604 97 623
a 580 555 80 437
a 580 579 93 513
a 580 581 91 702
a 580 605 91 399
a 581 556 80 569
a 581 580 89 543
a 581 582 85 671
a 581 606 87 448
a 582 557 86 361
a 582 581 97 751
a 582 583 98 491
a 582 607 96 582
a 583 558 86 615
a 583 582 97 597
a 583 584 83 500
a 583 608 89 383
a 584 559 89 521
a 584 583 97 430
a 584 585 80 631
a 584 609 98 622
a 585 560 96 384
a 585 584 88 656
a 585 586 96 398
a 585 610 80 630
a 586 561 92 365
a 586 585 82 448
a 586 587 96 439
a 586 611 91 377
a 587 562 96 442
a 587 586 96 687
a 587 588 92 697
a 587 612 84 627
a 588 563 88 595
a 588 587 99 371
a 588 589 91 575
a 588 613 96 730
a 589 564 84 453
a 589 588 84 382
a 589 590 95 563
a 589 614 80 614
a 590 565 86 586
a 590 589 97 642
a 590 591 100 658
a 590 615 87 534
a 591 566 97 677
a 591 590 89 548
a 591 592 92 683
a 591 616 95 753
a 592 567 85 371
a 592 591 95 736
a 592 593 93 626
a 592 617 82 705
a 593 568 98 424
a 593 592 82 433
a 593 594 80 501
a 593 618 88 604
a 594 569 89 361
a 594 593 97 470
a 594 595 93 654
a 594 619 86 673
a 595 570 82 653
a 595 594 84 611
a 595 596 87 414
a 595 620 82 538
a 596 571 98 427
a 596 595 99 460
a 596 597 83 418
a 596 621 87 370
a 597 572 83 724
a 597 596 91 616
a 597 598 97 504
a 597 622 83 713
a 598 573 96 720
a 598 597 94 529
a 598 599 80 505
a 598 623 89 583
a 599 574 95 503
a 599 598 86 526
a 599 624 98 632
a 600 575 93 389
a 600 601 84 653
a 601 576 94 466
a 601 600 91 383
a 601 602 97 442
a 602 577 85 607
a 602 601 86 491
a 602 603 94 673
a 603 578 92 406
a 603 602 85 429
a 603 604 97 730
a 604 579 88 509
a 604 603 88 471
a 604 605 84 412
a 605 580 83 620
a 605 604 85 510
a 605 606 85 395
a 606 581 85 708
a 606 605 96 713
a 606 607 86 599
a 607 582 85 380
a 607 606 99 602
a 607 608 95 414
a 608 583 87 568
a 608 607 92 756
a 608 609 99 447
a 609 584 100 543
a 609 608 84 436
a 609 610 96 413
a 610 585 97 670
a 610 609 81 546
a 610 611 93 506
a 611 586 87 573
a 611 610 100 463
a 611 612 85 447
a 612 587 86 439
a 612 611 80 638
a 612 613 83 568
a 613 588 100 594
a 613 612 82 456
a 613 614 91 689
a 614 589 83 371
a 614 613 92 453
a 614 615 84 376
a 615 590 84 600
a 615 614 98 515
a 615 616 97 727
a 616 591 100 411
a 616 615 94 723
a 616 617 99 454
a 617 592 89 451
a 617 616 84 625
a 617 618 96 510
a 618 593 100 541
a 618 617 98 535
a 618 619 100 565
a 619 594 89 439
a 619 618 86 490
a 619 620 92 603
a 620 595 88 391
a 620 619 96 394
a 620 621 99 593
a 621 596 91 613
a 621 620 86 600
a 621 622 99 673
a 622 597 92 732
a 622 621 96 495
a 622 623 87 471
a 623 598 100 386
a 623 622 85 384
a 623 624 97 493
a 624 599 98 730
a 624 623 95 595
