c multi commodity flow
c planar500
c
c problem vertices edges commodities
p mcf 500 2842 3525
c
c origin destination demand
k 0 160 8
k 0 270 3
k 0 421 10
k 0 422 10
k 0 424 11
k 0 425 3
k 1 67 6
k 1 124 4
k 1 157 3
k 1 448 5
k 1 455 11
k 2 30 9
k 2 103 3
k 2 263 7
k 2 465 8
k 2 476 4
k 3 133 10
k 3 160 11
k 3 210 11
k 3 369 9
k 3 422 11
k 3 482 5
k 4 6 3
k 4 9 11
k 4 35 11
k 4 86 8
k 4 157 8
k 4 172 11
k 4 195 10
k 4 211 8
k 4 285 9
k 4 418 7
k 4 487 7
k 4 496 9
k 5 39 8
k 5 47 11
k 5 84 3
k 5 93 11
k 5 109 3
k 5 175 6
k 5 200 10
k 5 402 3
k 5 439 6
k 5 444 5
k 5 490 7
k 6 12 11
k 6 193 10
k 6 219 11
k 6 330 8
k 6 346 6
k 6 381 11
k 6 405 7
k 6 434 9
k 6 467 9
k 7 2 10
k 7 312 10
k 7 331 6
k 7 346 8
k 7 440 11
k 8 3 8
k 8 75 3
k 8 78 11
k 8 294 9
k 8 474 3
k 9 73 7
k 9 288 10
k 9 308 10
k 9 310 9
k 9 344 3
k 9 350 10
k 9 355 10
k 9 430 5
k 9 434 5
k 10 11 3
k 10 77 10
k 10 96 8
k 10 187 6
k 10 238 9
k 10 304 9
k 10 333 11
k 11 39 5
k 11 208 5
k 11 242 9
k 11 291 3
k 11 419 4
k 11 440 9
k 12 20 4
k 12 210 8
k 12 313 4
k 13 26 9
k 13 173 11
k 13 400 8
k 13 453 10
k 13 473 8
k 14 312 4
k 14 401 7
k 14 429 11
k 14 456 6
k 14 492 11
k 15 52 8
k 15 78 9
k 15 385 4
k 15 415 7
k 15 423 5
k 16 32 10
k 16 69 5
k 16 75 5
k 16 125 11
k 16 204 9
k 16 266 7
k 16 282 8
k 16 354 5
k 16 385 10
k 16 387 11
k 16 476 6
k 17 67 4
k 17 205 8
k 17 300 5
k 17 401 5
k 17 402 4
k 18 66 5
k 18 240 4
k 18 273 5
k 18 378 6
k 18 394 8
k 18 395 7
k 19 8 10
k 19 98 3
k 19 106 6
k 19 145 6
k 19 149 6
k 19 270 9
k 19 301 5
k 19 335 9
k 19 374 7
k 19 453 8
k 20 30 10
k 20 101 11
k 20 153 4
k 20 175 7
k 20 238 7
k 20 239 11
k 20 275 7
k 20 278 3
k 20 289 7
k 20 309 4
k 20 338 11
k 20 342 7
k 20 362 11
k 20 368 11
k 20 495 6
k 21 4 4
k 21 133 5
k 21 146 5
k 21 150 8
k 21 211 6
k 21 236 8
k 21 305 6
k 21 420 11
k 21 497 5
k 22 146 5
k 22 176 10
k 22 186 4
k 22 233 10
k 22 259 4
k 22 308 4
k 22 384 4
k 22 425 3
k 23 46 9
k 23 71 11
k 23 144 3
k 23 333 9
k 23 390 3
k 24 204 10
k 24 212 7
k 24 263 3
k 24 294 11
k 24 297 6
k 24 319 6
k 24 321 7
k 25 133 5
k 25 163 8
k 25 172 8
k 25 262 7
k 25 453 10
k 26 111 3
k 26 119 6
k 26 145 5
k 26 170 9
k 26 182 10
k 26 246 3
k 26 265 5
k 26 280 6
k 26 486 5
k 27 11 3
k 27 16 9
k 27 40 5
k 27 168 9
k 27 179 9
k 27 188 4
k 27 246 9
k 27 272 4
k 27 367 7
k 27 402 7
k 27 417 6
k 28 58 8
k 28 221 6
k 28 251 9
k 28 254 8
k 28 273 4
k 28 275 10
k 28 376 6
k 28 423 7
k 28 458 5
k 28 481 4
k 28 494 3
k 28 499 9
k 29 20 3
k 29 25 10
k 29 39 7
k 29 203 3
k 29 312 9
k 29 315 11
k 29 323 11
k 30 7 9
k 30 23 4
k 30 95 6
k 30 274 9
k 31 35 8
k 31 190 5
k 31 229 8
k 31 260 10
k 31 332 6
k 31 447 5
k 32 35 3
k 32 50 3
k 32 65 8
k 32 122 11
k 32 302 3
k 32 337 4
k 32 391 4
k 32 394 5
k 32 448 4
k 32 475 8
k 33 15 10
k 33 123 3
k 33 238 11
k 33 305 5
k 33 324 5
k 33 352 3
k 33 424 5
k 33 438 6
k 33 478 7
k 33 487 3
k 34 17 5
k 34 133 7
k 34 173 3
k 34 214 7
k 34 260 10
k 34 340 4
k 34 379 3
k 34 381 6
k 34 427 8
k 35 5 3
k 35 106 10
k 35 203 7
k 35 204 6
k 35 213 5
k 35 269 8
k 35 291 5
k 35 372 7
k 35 445 5
k 36 26 11
k 36 35 7
k 36 133 4
k 36 217 3
k 36 446 11
k 36 461 8
k 37 121 10
k 37 152 10
k 37 332 10
k 37 334 6
k 37 337 11
k 37 365 6
k 37 478 6
k 38 150 10
k 38 285 8
k 38 288 7
k 38 305 8
k 38 404 4
k 38 477 10
k 39 2 11
k 39 245 3
k 39 304 6
k 39 452 8
k 40 134 6
k 40 225 4
k 40 232 11
k 40 278 8
k 40 343 7
k 40 375 9
k 41 43 7
k 41 58 9
k 41 327 10
k 41 348 5
k 41 442 10
k 42 83 10
k 42 120 11
k 42 236 9
k 42 245 7
k 42 379 8
k 42 454 3
k 43 17 9
k 43 190 6
k 43 193 9
k 43 232 11
k 43 268 9
k 43 443 11
k 43 460 10
k 44 137 5
k 44 156 11
k 44 225 6
k 44 250 11
k 44 378 10
k 44 494 10
k 45 63 11
k 45 74 11
k 45 114 3
k 45 225 11
k 45 349 10
k 45 353 11
k 45 474 7
k 45 483 3
k 45 490 4
k 45 495 4
k 46 18 6
k 46 25 5
k 46 27 7
k 46 136 11
k 46 297 10
k 46 423 3
k 46 462 4
k 47 87 10
k 47 162 9
k 47 259 8
k 47 295 10
k 47 401 11
k 47 415 4
k 47 438 3
k 47 450 10
k 47 494 7
k 48 19 9
k 48 115 6
k 48 124 5
k 48 176 3
k 48 239 10
k 48 241 10
k 49 70 8
k 49 117 7
k 49 225 4
k 49 256 7
k 49 284 3
k 49 294 5
k 49 349 8
k 49 455 3
k 50 45 8
k 50 55 3
k 50 58 11
k 50 155 3
k 50 374 7
k 51 25 9
k 51 246 3
k 51 288 3
k 52 72 6
k 52 111 5
k 52 154 7
k 52 346 10
k 53 45 3
k 53 69 10
k 53 109 5
k 53 142 9
k 53 364 6
k 54 51 5
k 54 107 5
k 54 108 7
k 54 127 11
k 54 185 6
k 54 214 4
k 54 226 5
k 54 311 10
k 54 313 4
k 54 315 9
k 54 442 8
k 55 14 9
k 55 23 10
k 55 32 8
k 55 221 5
k 55 236 4
k 55 253 7
k 55 299 6
k 55 352 6
k 56 39 8
k 56 51 5
k 56 196 6
k 56 202 10
k 56 206 5
k 56 298 9
k 56 454 4
k 56 466 5
k 56 476 6
k 56 495 6
k 57 5 4
k 57 34 7
k 57 53 6
k 57 58 9
k 57 59 3
k 57 155 8
k 57 240 8
k 57 394 9
k 57 404 3
k 58 78 11
k 58 101 3
k 58 130 5
k 58 220 8
k 58 346 10
k 58 439 5
k 58 491 5
k 59 93 5
k 59 100 5
k 59 198 6
k 59 326 8
k 60 36 7
k 60 166 6
k 60 256 6
k 60 268 10
k 60 389 7
k 60 466 6
k 61 23 9
k 61 313 6
k 61 425 11
k 61 431 6
k 62 51 9
k 62 153 11
k 62 235 9
k 62 390 3
k 62 432 10
k 62 463 5
k 63 28 7
k 63 208 5
k 63 215 9
k 63 239 7
k 63 311 8
k 63 316 3
k 63 379 6
k 63 427 6
k 63 462 5
k 64 3 5
k 64 28 3
k 64 56 3
k 64 161 8
k 64 195 9
k 64 204 8
k 64 271 8
k 64 350 5
k 64 376 11
k 64 447 7
k 64 489 5
k 64 492 3
k 65 116 7
k 65 120 4
k 65 141 5
k 65 151 11
k 65 184 8
k 65 250 7
k 65 253 7
k 65 299 11
k 65 350 11
k 65 441 6
k 65 458 4
k 65 462 7
k 66 5 7
k 66 51 5
k 66 82 5
k 66 98 6
k 66 120 11
k 66 251 3
k 66 264 5
k 66 268 9
k 66 309 11
k 66 324 5
k 66 439 4
k 67 372 7
k 67 418 4
k 68 9 5
k 68 15 4
k 68 77 11
k 68 156 7
k 68 187 6
k 68 243 10
k 68 317 11
k 68 338 6
k 68 419 4
k 69 7 5
k 69 22 6
k 69 30 8
k 69 128 5
k 69 235 6
k 69 287 11
k 69 310 8
k 69 340 11
k 69 369 9
k 69 496 11
k 70 107 7
k 70 128 11
k 70 257 8
k 70 296 8
k 70 319 7
k 70 324 8
k 70 344 6
k 70 405 3
k 70 457 9
k 71 10 8
k 71 15 7
k 71 46 4
k 71 115 10
k 71 167 10
k 71 200 3
k 71 246 8
k 71 352 5
k 71 371 8
k 71 376 9
k 71 382 3
k 71 389 3
k 72 219 9
k 72 260 5
k 73 12 4
k 73 35 8
k 73 64 6
k 73 85 9
k 73 95 7
k 73 103 6
k 73 171 7
k 73 213 6
k 73 393 10
k 73 492 6
k 74 9 11
k 74 40 9
k 74 77 6
k 74 163 9
k 74 362 4
k 74 407 7
k 75 9 3
k 75 18 4
k 75 73 3
k 75 150 9
k 75 154 7
k 75 195 9
k 75 290 9
k 75 440 5
k 76 130 5
k 76 147 9
k 76 244 7
k 76 299 7
k 76 347 10
k 76 385 6
k 77 6 9
k 77 66 10
k 77 297 6
k 77 348 5
k 77 389 8
k 77 412 10
k 77 416 10
k 77 477 9
k 78 3 5
k 78 113 5
k 78 250 3
k 78 253 3
k 78 346 11
k 79 43 11
k 79 50 7
k 79 72 9
k 79 90 3
k 79 196 4
k 79 203 6
k 79 288 9
k 79 389 11
k 79 404 5
k 79 416 7
k 79 429 11
k 80 131 3
k 80 161 11
k 80 195 3
k 80 224 8
k 80 310 3
k 80 318 8
k 80 322 9
k 80 364 10
k 80 383 10
k 80 437 8
k 80 492 6
k 80 497 3
k 81 176 10
k 81 337 9
k 81 405 9
k 81 465 7
k 81 472 3
k 82 31 4
k 82 51 11
k 82 68 5
k 82 88 8
k 82 497 9
k 83 24 11
k 83 202 4
k 83 269 4
k 83 307 4
k 83 455 6
k 83 475 6
k 84 70 9
k 84 126 10
k 84 198 6
k 84 313 4
k 84 339 10
k 84 406 7
k 84 429 7
k 84 433 7
k 84 443 4
k 84 484 9
k 85 66 5
k 85 104 11
k 85 165 6
k 85 235 6
k 85 237 8
k 85 270 7
k 85 386 8
k 86 25 3
k 86 74 10
k 86 187 5
k 86 323 10
k 86 344 6
k 86 495 6
k 87 92 7
k 87 106 4
k 87 184 10
k 87 247 7
k 87 287 4
k 87 342 6
k 87 355 6
k 87 436 5
k 88 189 4
k 88 268 7
k 88 311 5
k 88 374 9
k 88 446 5
k 88 463 10
k 88 479 3
k 89 86 11
k 89 196 6
k 89 343 3
k 89 361 8
k 89 447 7
k 90 84 10
k 90 251 8
k 90 265 11
k 90 289 5
k 90 354 3
k 90 381 11
k 90 423 5
k 90 432 5
k 90 472 3
k 91 153 5
k 91 164 8
k 91 291 10
k 91 333 4
k 91 341 4
k 91 345 8
k 91 378 3
k 91 430 5
k 92 53 8
k 92 86 11
k 92 156 6
k 92 183 8
k 92 188 6
k 93 56 3
k 93 95 5
k 93 316 7
k 93 350 6
k 94 16 7
k 94 39 3
k 94 49 10
k 94 62 8
k 94 87 11
k 94 92 10
k 94 295 10
k 94 430 8
k 94 457 11
k 95 2 8
k 95 5 4
k 95 69 7
k 95 170 10
k 95 266 10
k 95 442 6
k 95 456 11
k 95 489 5
k 96 69 6
k 96 97 8
k 96 322 11
k 96 347 4
k 96 414 4
k 96 476 9
k 97 81 3
k 97 261 8
k 97 277 5
k 97 282 8
k 97 283 9
k 97 291 3
k 98 129 8
k 98 131 7
k 98 191 3
k 98 256 10
k 98 351 11
k 98 445 11
k 98 464 10
k 99 8 9
k 99 52 10
k 99 116 5
k 99 143 4
k 99 160 4
k 99 276 8
k 99 310 6
k 99 333 4
k 99 468 8
k 100 106 6
k 100 113 11
k 100 215 7
k 100 313 9
k 100 347 9
k 100 358 5
k 100 476 4
k 101 14 10
k 101 16 7
k 101 60 4
k 101 71 8
k 101 76 10
k 101 113 8
k 101 413 7
k 101 455 7
k 101 494 7
k 102 14 7
k 102 110 9
k 102 182 5
k 102 253 3
k 102 255 7
k 102 307 4
k 102 370 9
k 102 440 9
k 102 442 7
k 102 452 9
k 102 471 7
k 102 476 7
k 103 10 8
k 103 33 3
k 103 110 9
k 103 142 11
k 103 274 5
k 103 282 4
k 103 360 10
k 103 460 11
k 104 52 7
k 104 113 8
k 104 283 8
k 104 297 7
k 104 403 10
k 104 416 5
k 105 116 7
k 105 494 10
k 106 19 11
k 106 36 6
k 106 42 10
k 106 103 11
k 106 199 5
k 106 208 6
k 106 284 6
k 106 312 9
k 107 32 10
k 107 222 11
k 107 270 3
k 107 320 11
k 107 435 3
k 108 6 3
k 108 11 4
k 108 31 8
k 108 74 9
k 108 227 3
k 108 244 10
k 108 259 8
k 108 297 5
k 108 359 8
k 109 72 9
k 109 334 4
k 109 408 4
k 109 421 4
k 109 429 6
k 109 434 6
k 109 473 3
k 110 78 8
k 110 132 10
k 110 141 4
k 110 142 10
k 110 167 8
k 110 244 3
k 110 263 10
k 110 292 11
k 110 313 5
k 110 365 6
k 111 38 4
k 111 43 4
k 111 120 7
k 111 168 11
k 111 205 4
k 111 208 4
k 111 262 7
k 111 331 6
k 111 382 11
k 112 59 5
k 112 142 8
k 112 171 7
k 112 173 9
k 112 287 10
k 112 298 7
k 112 342 6
k 112 395 7
k 112 403 11
k 113 284 10
k 113 321 6
k 113 416 7
k 113 427 10
k 113 455 9
k 114 43 9
k 114 96 9
k 114 138 8
k 114 147 6
k 114 197 8
k 114 299 11
k 114 354 11
k 115 23 10
k 115 60 7
k 115 120 8
k 115 182 11
k 115 359 5
k 115 360 10
k 115 400 10
k 115 427 3
k 115 492 7
k 116 98 11
k 116 110 9
k 116 149 6
k 116 212 11
k 116 274 9
k 116 278 10
k 117 32 8
k 117 52 9
k 117 153 5
k 117 216 10
k 117 308 8
k 117 353 10
k 118 26 3
k 118 35 5
k 118 63 10
k 118 129 11
k 118 183 11
k 118 197 9
k 118 255 10
k 118 293 4
k 118 310 7
k 118 374 6
k 118 392 8
k 118 457 4
k 119 17 6
k 119 78 7
k 119 176 8
k 119 324 3
k 119 408 8
k 120 83 5
k 120 149 6
k 120 379 10
k 120 416 3
k 120 457 8
k 121 1 5
k 121 14 7
k 121 69 4
k 121 95 4
k 121 107 3
k 121 175 8
k 121 207 5
k 121 295 5
k 121 313 10
k 121 416 6
k 122 2 10
k 122 11 8
k 122 227 8
k 122 357 3
k 122 387 4
k 122 438 8
k 122 442 8
k 122 479 5
k 122 493 8
k 123 72 11
k 123 106 10
k 123 137 10
k 123 142 10
k 123 174 3
k 123 219 3
k 123 318 6
k 123 364 11
k 123 445 11
k 124 26 9
k 124 93 7
k 124 172 4
k 124 306 11
k 124 326 3
k 124 331 5
k 124 337 7
k 125 37 8
k 125 55 9
k 125 71 9
k 125 103 9
k 125 166 4
k 125 292 4
k 125 301 5
k 125 316 7
k 125 349 11
k 126 86 9
k 126 132 11
k 126 187 9
k 126 193 5
k 126 224 8
k 126 318 4
k 126 371 9
k 126 381 6
k 126 489 7
k 127 183 9
k 127 200 6
k 127 335 5
k 127 373 8
k 127 386 6
k 127 388 5
k 127 445 8
k 127 446 9
k 128 97 6
k 128 185 10
k 128 365 5
k 129 67 11
k 129 139 9
k 129 170 3
k 129 259 6
k 129 267 9
k 129 358 7
k 129 410 9
k 130 117 4
k 130 144 5
k 130 290 10
k 130 301 9
k 131 198 7
k 131 220 11
k 131 265 9
k 131 332 8
k 131 372 7
k 131 387 9
k 131 462 10
k 132 13 4
k 132 41 10
k 132 310 11
k 132 338 10
k 132 359 9
k 132 368 6
k 132 407 9
k 132 441 5
k 132 489 9
k 133 21 11
k 133 54 9
k 133 234 5
k 133 290 10
k 133 300 10
k 133 350 5
k 133 483 5
k 134 17 6
k 134 31 3
k 134 50 8
k 134 64 3
k 134 82 10
k 134 165 5
k 134 240 9
k 134 279 8
k 134 388 10
k 134 441 5
k 135 110 9
k 135 333 6
k 135 387 7
k 135 411 10
k 135 412 9
k 135 454 9
k 135 465 4
k 136 38 9
k 136 134 5
k 136 240 7
k 136 297 10
k 136 377 9
k 136 449 5
k 137 303 6
k 137 308 9
k 137 321 10
k 137 416 10
k 138 126 3
k 138 302 5
k 138 434 11
k 139 120 6
k 139 218 10
k 139 231 5
k 139 253 6
k 139 287 11
k 139 363 8
k 139 373 4
k 139 423 10
k 140 13 3
k 140 80 10
k 140 103 6
k 140 164 5
k 140 234 5
k 140 246 3
k 140 250 5
k 140 409 3
k 141 87 11
k 141 306 10
k 141 320 11
k 141 439 11
k 142 107 7
k 142 112 4
k 142 181 4
k 142 202 7
k 142 275 10
k 142 305 9
k 142 307 6
k 142 330 10
k 143 170 7
k 143 250 10
k 144 132 10
k 144 308 11
k 144 364 7
k 144 402 8
k 144 432 11
k 145 48 3
k 145 115 9
k 145 198 4
k 145 358 4
k 146 25 3
k 146 28 11
k 146 51 11
k 146 230 7
k 146 285 11
k 146 317 5
k 146 441 8
k 146 451 6
k 146 486 7
k 147 81 9
k 147 264 7
k 147 351 8
k 147 367 5
k 147 384 7
k 148 136 3
k 148 188 10
k 148 285 7
k 148 307 3
k 148 311 8
k 148 357 10
k 148 386 7
k 148 446 10
k 149 35 9
k 149 39 9
k 149 160 10
k 149 373 11
k 149 497 4
k 150 24 3
k 150 127 11
k 150 326 8
k 150 337 11
k 150 356 3
k 150 439 9
k 150 459 3
k 151 19 5
k 151 126 8
k 151 162 8
k 151 266 9
k 151 283 10
k 151 298 8
k 151 306 7
k 151 314 6
k 151 315 4
k 151 331 5
k 151 341 10
k 151 399 10
k 152 48 8
k 152 219 9
k 152 260 9
k 152 432 4
k 152 481 8
k 152 497 11
k 153 39 5
k 153 62 8
k 153 107 9
k 153 323 3
k 153 329 4
k 153 438 6
k 153 468 11
k 153 493 4
k 154 32 7
k 154 50 3
k 154 97 3
k 154 157 11
k 154 231 6
k 154 232 6
k 154 425 3
k 154 462 8
k 154 494 8
k 155 291 8
k 155 337 3
k 155 391 8
k 155 443 6
k 155 480 11
k 155 486 8
k 155 495 5
k 156 155 6
k 156 173 7
k 156 329 7
k 156 334 9
k 156 384 5
k 156 415 8
k 157 149 8
k 157 237 9
k 157 363 10
k 157 376 10
k 157 425 3
k 157 466 7
k 158 44 3
k 158 220 4
k 158 321 4
k 158 349 9
k 158 396 8
k 158 399 5
k 159 239 8
k 159 396 11
k 159 496 7
k 160 50 6
k 160 83 4
k 160 217 3
k 160 290 8
k 161 196 6
k 161 258 7
k 161 262 6
k 161 277 9
k 161 312 8
k 161 315 7
k 161 436 5
k 161 456 10
k 162 2 11
k 162 83 7
k 162 98 4
k 162 276 4
k 162 458 9
k 163 122 5
k 163 147 8
k 163 249 10
k 163 272 6
k 163 416 8
k 163 488 7
k 164 24 4
k 164 82 10
k 164 126 6
k 164 207 4
k 164 326 4
k 164 413 8
k 164 442 4
k 165 57 9
k 165 104 4
k 165 227 10
k 165 235 11
k 165 280 10
k 165 320 8
k 165 427 5
k 165 454 9
k 165 474 10
k 166 15 9
k 166 293 8
k 166 300 6
k 166 347 9
k 166 401 6
k 166 497 8
k 167 319 3
k 167 353 7
k 167 361 3
k 167 390 9
k 167 454 8
k 167 457 4
k 168 90 6
k 168 112 10
k 168 293 4
k 168 329 10
k 168 414 9
k 169 128 8
k 169 199 4
k 169 217 4
k 169 236 10
k 169 252 5
k 169 364 10
k 169 478 8
k 170 30 11
k 170 89 9
k 170 228 4
k 170 254 3
k 170 376 7
k 170 458 9
k 171 51 3
k 171 70 4
k 171 127 9
k 171 156 8
k 171 179 4
k 171 242 6
k 171 286 9
k 171 308 10
k 171 431 7
k 172 85 6
k 172 118 7
k 172 255 6
k 172 346 6
k 173 8 6
k 173 201 9
k 173 222 3
k 173 287 11
k 173 405 5
k 173 466 11
k 174 90 4
k 174 115 7
k 174 266 4
k 174 365 5
k 174 385 10
k 174 403 10
k 174 474 7
k 175 96 5
k 175 142 7
k 175 168 4
k 175 172 9
k 175 371 10
k 175 398 10
k 176 136 9
k 176 212 3
k 176 263 4
k 176 314 9
k 177 97 9
k 177 157 4
k 177 413 4
k 177 479 6
k 177 483 3
k 178 52 6
k 178 132 5
k 178 155 5
k 178 192 8
k 178 238 4
k 178 278 3
k 178 330 4
k 178 363 10
k 178 404 3
k 178 462 10
k 179 1 6
k 179 24 7
k 179 74 9
k 179 194 8
k 179 238 11
k 179 255 3
k 179 292 4
k 179 297 4
k 179 361 11
k 179 480 9
k 180 100 5
k 180 112 9
k 180 167 9
k 180 186 6
k 180 205 7
k 180 218 6
k 180 273 11
k 180 294 10
k 180 297 7
k 180 332 7
k 180 344 3
k 180 379 4
k 180 418 4
k 180 456 9
k 180 472 10
k 180 474 4
k 180 490 3
k 181 122 4
k 181 184 4
k 181 251 5
k 181 266 6
k 181 302 3
k 181 333 3
k 181 368 9
k 181 452 9
k 182 17 7
k 182 86 9
k 182 89 5
k 182 102 11
k 182 206 6
k 182 227 3
k 182 271 9
k 182 306 8
k 182 342 10
k 182 424 9
k 183 72 4
k 183 170 5
k 183 205 5
k 183 331 8
k 183 362 9
k 184 33 9
k 184 37 10
k 184 198 9
k 184 324 6
k 184 473 5
k 185 7 6
k 185 15 5
k 185 78 6
k 185 318 7
k 186 57 3
k 186 87 7
k 186 104 8
k 186 249 9
k 186 312 4
k 186 386 8
k 186 442 4
k 187 101 8
k 187 156 9
k 187 333 10
k 187 390 5
k 188 31 3
k 188 59 7
k 188 156 6
k 188 160 4
k 188 240 6
k 188 294 4
k 188 450 6
k 188 454 9
k 188 492 5
k 189 102 3
k 189 107 11
k 189 170 6
k 189 346 3
k 189 359 8
k 190 9 8
k 190 20 6
k 190 75 3
k 190 171 7
k 190 199 8
k 190 353 9
k 190 369 3
k 190 373 11
k 190 376 5
k 190 440 11
k 190 456 11
k 190 497 4
k 191 2 4
k 191 139 4
k 191 340 8
k 191 347 11
k 191 417 10
k 191 497 7
k 192 156 4
k 192 182 3
k 192 237 8
k 192 255 10
k 192 298 4
k 192 397 3
k 192 456 3
k 192 458 11
k 193 12 8
k 193 251 4
k 193 260 4
k 193 483 11
k 194 83 9
k 194 91 5
k 194 108 6
k 194 215 4
k 194 340 4
k 194 343 4
k 194 364 3
k 194 396 6
k 194 404 6
k 195 58 6
k 195 87 4
k 195 223 7
k 195 284 6
k 195 298 11
k 195 397 4
k 195 404 6
k 195 409 9
k 196 48 3
k 196 66 6
k 196 88 9
k 196 173 6
k 196 301 7
k 196 379 11
k 196 468 9
k 197 41 10
k 197 130 11
k 197 132 3
k 197 135 10
k 197 170 5
k 197 198 11
k 197 328 3
k 197 329 4
k 197 387 8
k 197 486 7
k 198 3 10
k 198 84 9
k 198 89 6
k 198 131 6
k 198 214 10
k 198 247 4
k 198 350 7
k 198 375 4
k 198 429 7
k 199 56 8
k 199 295 6
k 199 460 9
k 199 463 5
k 200 279 5
k 200 314 6
k 200 336 9
k 200 415 10
k 200 420 11
k 200 475 10
k 201 115 11
k 201 120 3
k 201 127 11
k 201 195 7
k 201 211 6
k 201 236 5
k 201 266 10
k 201 289 6
k 201 306 5
k 201 362 5
k 201 403 5
k 201 441 10
k 201 458 10
k 202 20 4
k 202 28 4
k 202 75 3
k 202 80 6
k 202 122 11
k 202 137 5
k 202 219 5
k 202 282 3
k 202 368 7
k 202 440 6
k 202 451 5
k 203 159 8
k 203 221 5
k 203 426 9
k 203 441 7
k 204 63 3
k 204 76 3
k 204 177 3
k 204 252 11
k 204 276 8
k 204 310 8
k 204 335 10
k 204 459 6
k 205 54 11
k 205 127 3
k 205 221 8
k 205 414 8
k 205 415 4
k 205 459 5
k 206 4 9
k 206 28 8
k 206 42 10
k 206 65 9
k 206 230 11
k 206 241 8
k 206 247 4
k 206 249 8
k 206 441 8
k 207 105 9
k 207 356 5
k 207 417 11
k 207 429 6
k 207 444 10
k 207 461 8
k 208 5 10
k 208 82 11
k 208 85 9
k 208 131 6
k 208 135 5
k 208 211 10
k 208 259 5
k 208 267 6
k 208 309 8
k 208 318 11
k 208 320 6
k 208 323 6
k 208 328 9
k 208 352 5
k 208 468 7
k 209 29 10
k 209 79 3
k 209 132 3
k 209 218 4
k 209 337 9
k 209 478 6
k 209 497 4
k 210 65 9
k 210 158 10
k 210 200 10
k 210 295 5
k 210 296 9
k 210 314 6
k 210 396 4
k 210 421 10
k 211 196 8
k 211 249 10
k 211 258 5
k 211 371 10
k 211 396 4
k 211 409 11
k 211 417 11
k 212 7 9
k 212 122 11
k 212 152 5
k 212 158 9
k 212 308 4
k 212 368 11
k 212 376 10
k 213 73 9
k 213 99 9
k 213 139 8
k 213 214 10
k 213 220 8
k 213 271 9
k 213 423 9
k 214 153 10
k 214 158 8
k 214 170 8
k 214 195 11
k 214 196 8
k 214 233 3
k 214 278 11
k 214 305 3
k 214 425 10
k 214 446 7
k 215 49 4
k 215 147 3
k 215 268 3
k 216 73 8
k 216 82 11
k 216 200 10
k 216 255 3
k 216 321 5
k 217 180 7
k 217 222 6
k 217 259 9
k 217 335 5
k 217 434 3
k 218 2 8
k 218 61 9
k 218 111 4
k 218 332 7
k 218 353 4
k 218 382 6
k 218 388 4
k 218 436 6
k 218 460 3
k 219 22 9
k 219 73 5
k 219 108 4
k 219 127 7
k 219 180 4
k 219 284 11
k 219 285 7
k 219 302 10
k 219 303 10
k 219 328 5
k 219 341 3
k 219 345 3
k 219 357 4
k 219 378 8
k 219 490 3
k 220 38 9
k 220 59 9
k 220 73 4
k 220 101 6
k 220 140 11
k 220 212 3
k 220 224 3
k 220 339 10
k 221 52 8
k 221 116 5
k 221 324 9
k 221 346 11
k 221 400 10
k 221 462 7
k 222 95 3
k 222 123 10
k 222 152 8
k 222 313 3
k 222 370 7
k 222 387 11
k 223 11 10
k 223 17 4
k 223 101 11
k 223 205 3
k 223 292 4
k 223 314 5
k 223 365 5
k 223 385 5
k 223 419 8
k 223 466 10
k 223 467 5
k 224 103 3
k 224 195 5
k 224 257 6
k 225 76 6
k 225 112 10
k 225 126 10
k 225 134 4
k 225 173 6
k 225 323 3
k 225 358 7
k 225 359 9
k 226 179 3
k 226 188 6
k 226 209 3
k 226 266 3
k 227 44 7
k 227 116 3
k 227 180 3
k 227 270 6
k 227 279 10
k 227 457 6
k 227 499 8
k 228 18 3
k 228 84 4
k 228 191 10
k 228 263 10
k 228 298 8
k 228 337 11
k 228 468 8
k 228 479 9
k 229 141 6
k 229 186 11
k 229 235 8
k 229 289 8
k 229 335 11
k 229 374 11
k 229 416 7
k 229 453 5
k 230 205 8
k 230 238 9
k 230 273 9
k 231 175 8
k 231 211 11
k 231 309 6
k 231 357 10
k 231 363 10
k 232 174 11
k 232 219 4
k 232 284 3
k 232 299 9
k 232 301 3
k 232 323 10
k 232 336 7
k 232 339 10
k 232 373 4
k 233 17 5
k 233 70 11
k 233 342 9
k 233 350 6
k 234 59 11
k 234 129 10
k 234 142 9
k 234 150 4
k 234 167 9
k 234 221 5
k 234 250 7
k 234 318 7
k 234 370 7
k 234 377 3
k 234 391 4
k 234 425 3
k 234 432 11
k 234 435 10
k 234 457 5
k 234 498 10
k 235 62 4
k 235 139 11
k 235 203 6
k 235 233 8
k 235 268 10
k 235 299 5
k 235 327 10
k 235 367 9
k 236 111 8
k 236 124 5
k 236 167 8
k 236 199 7
k 236 259 3
k 236 343 7
k 236 366 3
k 236 391 9
k 236 395 5
k 236 452 4
k 236 493 7
k 237 29 6
k 237 33 4
k 237 53 8
k 237 209 3
k 237 212 4
k 237 289 7
k 237 352 4
k 238 81 3
k 238 314 10
k 238 324 5
k 238 335 4
k 239 107 6
k 239 150 8
k 239 217 11
k 239 391 5
k 240 64 11
k 240 68 3
k 240 71 7
k 240 131 9
k 240 210 8
k 240 237 5
k 240 345 4
k 240 378 7
k 241 41 10
k 241 54 8
k 241 77 5
k 241 157 5
k 241 203 9
k 241 224 8
k 241 252 5
k 241 291 5
k 241 478 3
k 241 492 8
k 242 13 6
k 242 41 11
k 242 60 7
k 242 66 11
k 242 167 8
k 242 193 8
k 242 255 10
k 242 271 8
k 242 272 9
k 242 283 8
k 242 372 5
k 242 426 4
k 243 466 9
k 244 191 4
k 244 283 7
k 244 287 6
k 244 342 3
k 244 359 3
k 244 366 3
k 244 372 9
k 244 384 6
k 244 394 6
k 244 497 4
k 245 6 5
k 245 85 4
k 245 172 5
k 245 206 4
k 245 411 3
k 246 51 11
k 246 54 10
k 246 64 9
k 246 103 11
k 246 217 4
k 246 358 4
k 246 436 4
k 247 36 8
k 247 43 9
k 247 137 7
k 247 179 8
k 247 190 3
k 247 334 10
k 247 342 10
k 247 388 5
k 247 414 6
k 247 480 3
k 248 27 11
k 248 72 7
k 248 234 9
k 248 236 5
k 248 251 8
k 248 256 5
k 248 284 10
k 248 307 6
k 248 325 8
k 248 355 5
k 248 392 11
k 248 448 10
k 248 480 7
k 249 180 9
k 249 209 3
k 249 320 6
k 249 344 11
k 250 94 6
k 250 399 11
k 250 448 10
k 251 66 3
k 251 86 5
k 251 193 3
k 251 239 4
k 251 284 5
k 251 345 11
k 251 371 6
k 251 484 4
k 252 0 7
k 252 75 4
k 252 100 11
k 252 106 9
k 252 189 6
k 252 259 11
k 252 379 3
k 252 425 7
k 252 497 8
k 253 97 11
k 253 242 11
k 253 256 8
k 253 280 3
k 253 305 11
k 253 369 8
k 254 68 4
k 254 152 5
k 254 171 5
k 254 191 9
k 254 201 8
k 254 245 7
k 254 292 10
k 254 310 6
k 254 313 10
k 254 441 7
k 255 9 7
k 255 58 7
k 255 175 5
k 255 203 10
k 255 273 3
k 255 286 11
k 256 44 10
k 256 47 10
k 256 58 5
k 256 76 8
k 256 105 8
k 256 171 4
k 256 194 11
k 256 199 10
k 256 249 3
k 256 267 6
k 256 376 9
k 256 396 9
k 256 413 7
k 257 164 10
k 257 197 9
k 257 224 8
k 257 409 7
k 258 58 5
k 258 180 9
k 258 282 9
k 258 341 8
k 258 386 8
k 259 318 8
k 259 373 4
k 259 452 6
k 259 461 8
k 260 2 4
k 260 60 10
k 260 62 4
k 260 127 10
k 260 141 10
k 260 176 4
k 260 183 10
k 260 211 8
k 260 251 9
k 260 387 4
k 260 464 7
k 261 51 4
k 261 63 6
k 261 87 11
k 261 147 3
k 261 189 5
k 261 341 4
k 261 407 3
k 261 437 6
k 261 445 7
k 261 459 9
k 261 460 9
k 261 490 7
k 262 7 5
k 262 8 8
k 262 67 10
k 262 155 6
k 262 187 8
k 262 354 10
k 262 383 9
k 262 491 11
k 263 1 5
k 263 4 3
k 263 106 11
k 263 353 9
k 263 439 9
k 264 68 4
k 264 124 8
k 264 419 10
k 264 437 9
k 264 467 10
k 264 490 7
k 264 493 4
k 265 60 10
k 265 80 5
k 265 223 10
k 265 342 8
k 265 386 7
k 266 114 9
k 266 127 10
k 266 278 3
k 266 312 8
k 266 484 3
k 267 108 8
k 267 323 10
k 267 332 6
k 267 350 9
k 267 448 8
k 267 491 9
k 268 46 3
k 268 68 10
k 268 73 8
k 268 208 7
k 268 396 3
k 268 433 10
k 269 38 6
k 269 331 8
k 269 382 8
k 269 400 10
k 269 409 5
k 269 496 8
k 270 61 8
k 270 107 10
k 270 289 7
k 270 442 3
k 271 71 9
k 271 91 11
k 271 181 3
k 271 285 9
k 271 301 6
k 271 371 3
k 272 72 9
k 272 106 11
k 272 122 4
k 272 145 7
k 272 175 7
k 272 214 5
k 272 229 8
k 273 11 5
k 273 43 11
k 273 377 10
k 273 413 10
k 273 415 9
k 274 104 4
k 274 111 6
k 274 163 6
k 274 285 7
k 274 356 9
k 274 436 4
k 275 18 5
k 275 88 8
k 275 151 5
k 275 200 3
k 275 225 11
k 275 343 11
k 275 420 9
k 276 35 4
k 276 90 9
k 276 189 4
k 276 277 3
k 276 343 6
k 277 39 9
k 277 141 3
k 277 161 4
k 277 281 7
k 277 324 4
k 277 327 3
k 277 339 8
k 277 404 6
k 277 443 7
k 278 31 3
k 278 161 9
k 278 251 10
k 278 297 9
k 278 322 3
k 278 376 9
k 278 380 7
k 278 417 11
k 279 29 3
k 279 33 6
k 279 148 11
k 279 172 9
k 279 358 5
k 279 442 5
k 279 492 8
k 279 495 4
k 280 37 3
k 280 38 3
k 280 65 3
k 280 163 8
k 280 249 4
k 280 338 8
k 280 414 4
k 280 461 10
k 281 63 9
k 281 80 5
k 281 82 9
k 281 98 3
k 281 116 4
k 281 145 9
k 281 170 9
k 281 206 4
k 281 274 8
k 281 399 11
k 282 80 10
k 282 90 7
k 282 169 5
k 282 228 9
k 282 296 8
k 282 342 10
k 282 409 3
k 282 450 6
k 282 493 9
k 283 48 7
k 283 84 4
k 283 179 11
k 283 216 5
k 283 239 11
k 283 281 9
k 283 474 8
k 283 499 3
k 284 1 8
k 284 130 4
k 284 321 9
k 284 326 6
k 284 457 11
k 285 26 9
k 285 66 5
k 285 84 3
k 285 202 7
k 285 224 11
k 285 228 6
k 285 263 6
k 285 497 11
k 286 4 9
k 286 99 11
k 286 177 6
k 286 233 8
k 286 287 7
k 286 477 3
k 287 49 6
k 287 56 3
k 287 95 11
k 287 152 9
k 287 302 8
k 287 324 8
k 287 397 3
k 287 402 11
k 288 32 9
k 288 43 6
k 288 77 10
k 288 94 9
k 288 105 8
k 288 126 5
k 288 189 5
k 288 278 4
k 288 319 5
k 288 383 5
k 288 405 6
k 288 426 7
k 289 56 10
k 289 160 4
k 289 219 6
k 289 366 9
k 289 402 10
k 289 414 8
k 290 39 10
k 290 128 6
k 290 158 4
k 290 355 11
k 290 468 6
k 290 473 7
k 290 496 3
k 291 39 8
k 291 45 6
k 291 53 11
k 291 59 11
k 291 148 10
k 291 175 6
k 291 203 9
k 291 388 10
k 291 429 5
k 291 445 9
k 291 486 10
k 292 84 10
k 292 202 4
k 292 223 11
k 292 283 3
k 292 284 6
k 292 357 8
k 293 67 6
k 293 184 7
k 293 202 10
k 293 366 4
k 293 462 3
k 294 36 5
k 294 83 9
k 294 84 7
k 294 176 11
k 294 187 10
k 294 250 11
k 294 476 7
k 294 478 7
k 295 64 7
k 295 71 3
k 295 105 9
k 295 330 8
k 295 401 3
k 295 417 7
k 295 432 3
k 295 435 6
k 296 104 6
k 296 120 8
k 296 187 5
k 296 272 8
k 296 320 4
k 297 131 4
k 297 177 9
k 297 411 5
k 297 430 11
k 298 70 6
k 298 305 11
k 298 453 5
k 298 478 7
k 299 228 10
k 299 266 9
k 299 468 4
k 299 497 9
k 300 149 8
k 300 201 6
k 300 329 6
k 300 459 8
k 301 23 6
k 301 25 7
k 301 79 6
k 301 100 3
k 301 112 8
k 301 189 11
k 301 338 4
k 301 367 7
k 301 472 4
k 302 6 3
k 302 52 3
k 302 53 3
k 302 136 3
k 302 162 9
k 302 272 11
k 302 330 9
k 302 337 5
k 302 360 5
k 302 371 7
k 302 380 11
k 302 385 8
k 302 466 10
k 303 165 4
k 303 393 11
k 303 403 8
k 303 444 6
k 303 476 9
k 304 8 6
k 304 17 10
k 304 47 3
k 304 83 8
k 304 114 3
k 304 122 11
k 304 169 3
k 304 228 11
k 304 258 4
k 304 280 6
k 304 404 5
k 305 63 4
k 305 64 4
k 305 273 6
k 305 455 8
k 305 484 6
k 306 28 11
k 306 49 5
k 306 139 11
k 306 168 5
k 306 220 10
k 306 221 3
k 306 313 9
k 306 375 6
k 306 482 9
k 307 31 11
k 307 62 5
k 307 90 6
k 307 130 5
k 307 167 11
k 307 283 3
k 307 286 3
k 307 290 11
k 307 373 10
k 307 423 6
k 307 471 11
k 308 116 6
k 308 142 6
k 308 170 6
k 308 281 10
k 308 298 9
k 308 327 8
k 308 357 5
k 308 388 8
k 308 390 6
k 308 454 8
k 308 456 4
k 308 499 4
k 309 16 11
k 309 28 6
k 309 176 10
k 309 205 9
k 309 324 6
k 309 340 7
k 310 26 6
k 310 203 8
k 310 254 8
k 310 280 9
k 310 388 9
k 310 479 10
k 311 90 4
k 311 116 11
k 312 175 4
k 312 277 3
k 312 351 7
k 312 460 3
k 313 79 6
k 313 131 5
k 313 205 9
k 313 377 7
k 313 382 8
k 313 387 11
k 313 404 5
k 313 433 10
k 313 445 7
k 314 96 4
k 314 106 9
k 314 161 3
k 314 195 7
k 315 51 10
k 315 343 7
k 315 383 10
k 315 408 3
k 315 431 8
k 315 452 10
k 316 25 6
k 316 57 10
k 316 154 4
k 316 221 4
k 316 253 4
k 316 308 11
k 316 399 6
k 316 466 8
k 317 35 3
k 317 45 10
k 317 102 6
k 317 176 11
k 317 202 3
k 317 245 6
k 317 255 10
k 317 300 11
k 317 311 11
k 317 490 5
k 318 31 3
k 318 59 6
k 318 127 3
k 318 171 10
k 318 400 7
k 318 401 7
k 318 419 10
k 319 110 6
k 319 273 10
k 319 405 3
k 319 451 7
k 320 80 3
k 320 110 11
k 320 128 8
k 320 202 8
k 320 311 9
k 320 416 6
k 320 449 6
k 321 97 4
k 321 153 5
k 321 159 5
k 321 484 7
k 322 77 10
k 322 123 3
k 322 204 10
k 322 210 11
k 322 281 9
k 322 306 9
k 323 49 6
k 323 52 5
k 323 98 9
k 323 190 6
k 323 204 3
k 323 360 3
k 323 404 9
k 323 457 8
k 324 25 11
k 324 26 7
k 324 121 3
k 324 126 4
k 324 143 8
k 324 218 10
k 324 380 9
k 324 408 6
k 325 14 5
k 325 74 8
k 325 79 8
k 325 234 3
k 325 238 4
k 325 329 11
k 325 359 10
k 325 402 10
k 325 432 6
k 325 464 7
k 326 205 9
k 326 220 3
k 326 276 4
k 326 390 7
k 327 11 6
k 327 51 3
k 327 133 6
k 327 178 3
k 327 244 6
k 327 322 7
k 327 407 3
k 327 450 3
k 327 467 3
k 328 120 11
k 328 124 11
k 328 152 5
k 328 298 5
k 328 341 4
k 328 443 3
k 328 445 4
k 329 23 10
k 329 160 10
k 329 250 7
k 329 494 7
k 330 32 7
k 330 164 11
k 330 324 3
k 330 336 6
k 331 159 9
k 331 201 11
k 331 239 3
k 331 328 10
k 332 40 5
k 332 48 8
k 332 115 6
k 332 123 8
k 332 152 7
k 332 216 11
k 332 263 4
k 332 278 4
k 332 307 9
k 332 338 6
k 332 403 7
k 333 11 7
k 333 39 3
k 333 48 7
k 333 196 4
k 333 412 11
k 334 18 8
k 334 39 3
k 334 138 11
k 334 174 11
k 334 232 3
k 334 411 3
k 334 440 6
k 335 116 3
k 335 123 4
k 335 141 9
k 335 232 6
k 335 273 4
k 335 337 11
k 335 405 8
k 335 422 10
k 336 91 6
k 336 337 7
k 336 397 3
k 336 419 6
k 336 430 4
k 337 167 9
k 337 246 8
k 337 261 3
k 337 285 7
k 337 402 11
k 337 406 3
k 337 470 8
k 338 99 7
k 338 172 6
k 338 195 3
k 338 240 10
k 338 264 11
k 338 289 8
k 339 49 4
k 339 50 10
k 339 317 8
k 339 368 6
k 339 454 9
k 340 63 11
k 340 88 7
k 340 155 8
k 340 177 7
k 340 189 7
k 340 194 10
k 340 257 8
k 340 291 3
k 340 314 3
k 340 465 9
k 341 45 5
k 341 126 10
k 341 362 9
k 341 414 8
k 342 89 8
k 342 118 8
k 342 162 9
k 342 266 9
k 342 433 8
k 342 449 11
k 342 495 11
k 343 2 4
k 343 58 3
k 343 76 4
k 343 111 6
k 343 150 11
k 343 174 9
k 343 195 7
k 343 284 5
k 343 306 8
k 343 376 11
k 344 48 5
k 344 111 6
k 344 169 11
k 344 244 10
k 344 388 11
k 344 415 6
k 345 33 9
k 345 114 8
k 345 117 7
k 345 197 5
k 345 407 4
k 345 414 11
k 345 475 4
k 346 114 4
k 346 159 8
k 346 287 11
k 346 334 6
k 346 343 10
k 347 4 10
k 347 137 7
k 347 183 3
k 347 314 6
k 347 318 8
k 347 350 5
k 347 422 11
k 347 427 3
k 347 463 4
k 348 110 4
k 348 209 10
k 348 417 7
k 349 237 4
k 349 242 7
k 349 370 5
k 349 401 10
k 349 428 3
k 349 446 9
k 350 43 7
k 350 147 5
k 350 382 6
k 350 406 4
k 350 456 7
k 351 238 9
k 351 309 8
k 351 370 9
k 352 22 10
k 352 34 6
k 352 70 9
k 352 372 3
k 352 478 6
k 352 481 6
k 353 146 4
k 353 225 11
k 353 233 11
k 353 239 4
k 353 253 10
k 353 287 7
k 353 382 9
k 353 428 3
k 353 465 8
k 353 489 3
k 353 499 6
k 354 52 3
k 354 106 5
k 354 345 9
k 354 498 8
k 355 93 6
k 355 292 4
k 355 304 4
k 355 432 9
k 356 22 11
k 356 54 5
k 356 63 5
k 356 131 6
k 356 325 3
k 356 459 11
k 357 172 7
k 357 269 7
k 357 295 6
k 357 448 10
k 357 487 8
k 357 495 10
k 358 19 11
k 358 40 4
k 358 100 6
k 358 110 4
k 358 154 8
k 358 188 10
k 358 248 10
k 358 352 4
k 359 101 5
k 359 133 6
k 359 328 3
k 359 397 6
k 359 448 10
k 359 497 4
k 360 81 4
k 360 110 6
k 360 119 9
k 360 130 5
k 360 254 4
k 360 369 10
k 361 11 9
k 361 252 7
k 361 356 10
k 361 394 3
k 362 242 10
k 362 305 10
k 362 349 9
k 362 453 4
k 363 14 9
k 363 88 11
k 363 174 10
k 363 354 11
k 363 369 9
k 363 405 8
k 363 408 10
k 364 65 8
k 364 173 5
k 364 229 4
k 364 238 6
k 364 339 11
k 364 497 6
k 365 25 7
k 365 113 11
k 365 193 11
k 365 226 9
k 365 242 4
k 365 245 5
k 365 271 5
k 365 288 9
k 365 318 10
k 366 54 6
k 366 67 9
k 366 103 6
k 366 104 5
k 366 119 3
k 366 147 11
k 366 341 10
k 366 476 4
k 367 4 3
k 367 29 9
k 367 36 11
k 367 72 11
k 367 98 3
k 367 139 9
k 367 146 7
k 367 209 7
k 367 244 10
k 367 283 6
k 367 295 9
k 367 419 9
k 368 108 8
k 368 135 3
k 368 179 7
k 368 330 3
k 368 413 7
k 368 435 4
k 368 462 6
k 369 114 6
k 369 242 6
k 369 249 6
k 369 254 3
k 369 262 6
k 369 400 10
k 369 498 11
k 370 3 6
k 370 142 7
k 370 231 4
k 370 243 9
k 371 37 5
k 371 60 3
k 371 140 10
k 371 246 7
k 371 334 11
k 372 11 8
k 372 31 9
k 372 105 5
k 372 284 6
k 372 332 7
k 372 362 4
k 372 468 5
k 373 24 7
k 373 40 8
k 373 177 8
k 373 187 10
k 373 250 5
k 373 372 4
k 373 396 10
k 373 468 3
k 374 33 5
k 374 222 11
k 374 353 8
k 374 456 5
k 375 193 10
k 375 275 3
k 375 386 8
k 375 478 7
k 375 487 11
k 376 297 6
k 376 312 11
k 376 326 8
k 376 363 3
k 376 426 10
k 376 475 3
k 377 27 10
k 377 191 3
k 377 224 11
k 377 241 8
k 377 249 4
k 377 433 8
k 377 475 8
k 378 63 5
k 378 124 9
k 378 143 3
k 378 201 4
k 378 218 9
k 378 296 11
k 378 306 4
k 378 337 11
k 378 441 5
k 379 112 8
k 379 373 8
k 379 376 6
k 379 408 9
k 379 469 6
k 380 15 6
k 380 50 11
k 380 115 3
k 380 257 10
k 380 266 4
k 380 467 8
k 381 89 5
k 381 121 10
k 381 157 3
k 381 199 11
k 381 260 8
k 381 329 11
k 381 451 4
k 382 58 5
k 382 127 9
k 382 251 4
k 382 252 3
k 382 464 7
k 383 143 4
k 383 283 9
k 383 343 9
k 383 358 4
k 383 463 9
k 384 18 7
k 384 63 5
k 384 183 11
k 384 377 9
k 385 125 7
k 385 258 7
k 385 291 10
k 385 335 11
k 385 386 5
k 386 28 11
k 386 142 9
k 386 378 8
k 386 397 7
k 386 414 9
k 386 462 8
k 387 79 8
k 387 92 9
k 387 265 7
k 387 450 7
k 388 42 3
k 388 57 5
k 388 145 11
k 388 248 5
k 388 309 9
k 388 324 6
k 388 390 9
k 388 400 8
k 389 34 8
k 389 201 4
k 389 496 11
k 390 17 7
k 390 53 10
k 390 113 11
k 390 184 9
k 390 192 11
k 390 279 3
k 390 336 5
k 390 339 11
k 390 369 11
k 390 429 11
k 390 492 9
k 391 2 8
k 391 136 3
k 391 137 3
k 391 349 4
k 391 359 8
k 392 171 6
k 392 183 4
k 392 213 10
k 392 401 11
k 392 453 9
k 392 478 5
k 393 20 9
k 393 54 8
k 393 157 7
k 393 177 6
k 393 186 8
k 393 254 9
k 393 262 7
k 393 401 8
k 393 430 8
k 393 490 9
k 394 7 10
k 394 215 9
k 394 248 8
k 394 365 10
k 394 393 9
k 394 406 3
k 394 469 9
k 394 470 5
k 395 143 7
k 395 411 7
k 396 40 7
k 396 145 3
k 396 213 7
k 396 242 6
k 396 379 6
k 396 407 4
k 397 37 4
k 397 68 11
k 397 130 6
k 397 190 7
k 397 325 4
k 398 19 5
k 398 128 4
k 398 156 5
k 398 159 9
k 398 298 8
k 398 309 6
k 398 310 11
k 398 329 5
k 399 59 11
k 399 60 4
k 399 71 7
k 399 166 5
k 399 173 4
k 399 191 7
k 399 265 11
k 399 315 9
k 399 326 8
k 399 419 6
k 399 425 11
k 399 476 6
k 400 17 5
k 400 265 11
k 401 16 5
k 401 35 11
k 401 310 9
k 401 490 11
k 402 32 11
k 402 38 10
k 402 51 5
k 402 88 4
k 402 209 7
k 402 242 9
k 402 303 10
k 402 316 10
k 402 362 3
k 402 375 11
k 402 444 11
k 402 448 11
k 402 479 8
k 402 485 8
k 403 161 4
k 403 163 4
k 403 232 7
k 403 233 4
k 403 252 4
k 403 302 9
k 403 336 6
k 403 400 6
k 403 434 6
k 404 141 11
k 404 235 4
k 404 299 3
k 404 323 10
k 404 356 11
k 404 382 7
k 404 419 11
k 405 39 8
k 405 176 3
k 405 285 5
k 405 307 4
k 406 23 10
k 406 72 5
k 406 145 4
k 406 164 7
k 406 256 7
k 406 446 11
k 406 466 10
k 406 476 6
k 407 16 9
k 407 36 3
k 407 122 7
k 407 131 11
k 407 186 8
k 407 418 6
k 407 435 6
k 408 12 4
k 408 55 4
k 408 79 6
k 408 104 3
k 408 280 5
k 408 320 7
k 408 333 4
k 408 371 3
k 408 493 10
k 409 4 3
k 409 48 5
k 409 164 5
k 409 167 5
k 409 212 4
k 409 246 6
k 409 272 8
k 409 421 5
k 409 497 3
k 409 498 10
k 410 34 4
k 410 47 10
k 410 78 3
k 410 83 7
k 410 147 6
k 410 244 5
k 410 370 3
k 410 371 8
k 410 431 6
k 411 6 4
k 411 91 11
k 411 195 10
k 411 276 11
k 411 376 4
k 411 459 6
k 412 14 6
k 412 17 6
k 412 52 5
k 412 61 3
k 412 77 6
k 412 91 7
k 412 289 9
k 412 416 8
k 413 69 11
k 413 93 11
k 413 117 8
k 413 123 4
k 413 127 9
k 413 229 6
k 413 264 4
k 413 443 7
k 413 455 6
k 414 133 6
k 414 137 8
k 414 310 4
k 414 339 3
k 415 61 7
k 415 90 8
k 415 92 10
k 415 133 4
k 415 200 7
k 415 227 4
k 415 386 11
k 415 399 4
k 416 39 9
k 416 67 10
k 416 244 4
k 416 264 10
k 416 305 6
k 416 348 11
k 416 411 10
k 416 465 6
k 416 498 6
k 417 222 4
k 417 252 10
k 417 319 10
k 417 351 3
k 417 365 10
k 417 481 11
k 417 484 11
k 417 497 5
k 418 18 7
k 418 56 7
k 418 224 4
k 418 342 7
k 418 361 4
k 418 372 7
k 418 400 4
k 419 10 7
k 419 64 5
k 419 71 4
k 419 105 8
k 419 386 9
k 419 440 7
k 419 485 9
k 420 173 3
k 420 295 10
k 420 372 7
k 421 41 10
k 421 205 3
k 421 272 6
k 421 285 7
k 421 382 3
k 421 411 6
k 422 61 7
k 422 132 8
k 422 143 5
k 422 166 7
k 422 188 8
k 422 239 8
k 422 308 9
k 422 321 7
k 422 323 4
k 422 334 10
k 423 16 6
k 423 29 11
k 423 138 5
k 423 232 8
k 424 33 5
k 424 226 10
k 424 256 11
k 424 293 3
k 425 21 7
k 425 180 8
k 425 246 11
k 425 356 3
k 425 359 3
k 425 453 5
k 425 455 8
k 425 489 9
k 425 490 5
k 426 11 7
k 426 101 6
k 426 331 9
k 426 364 6
k 426 411 4
k 427 43 5
k 427 118 7
k 427 161 3
k 427 198 7
k 427 312 3
k 427 328 8
k 427 475 8
k 427 487 8
k 428 83 6
k 428 157 5
k 428 208 6
k 428 210 9
k 428 237 8
k 428 240 4
k 429 5 5
k 429 31 7
k 429 189 8
k 429 270 3
k 429 278 7
k 429 298 11
k 430 143 11
k 430 183 4
k 430 237 4
k 430 239 4
k 430 297 9
k 430 444 11
k 430 462 10
k 431 14 7
k 431 16 10
k 431 103 3
k 431 134 5
k 431 177 5
k 431 186 10
k 431 187 6
k 431 219 9
k 431 240 8
k 431 292 11
k 431 410 9
k 431 429 11
k 431 439 3
k 431 488 6
k 431 499 4
k 432 66 5
k 432 189 4
k 432 256 8
k 432 287 5
k 432 346 4
k 433 29 4
k 433 290 7
k 433 341 7
k 433 408 10
k 433 443 7
k 434 16 11
k 434 20 9
k 434 92 7
k 434 261 4
k 434 309 6
k 434 333 7
k 434 440 3
k 435 82 7
k 435 354 11
k 435 418 10
k 436 124 3
k 436 134 8
k 436 154 3
k 436 214 10
k 436 221 6
k 436 255 11
k 436 296 6
k 436 335 11
k 436 365 4
k 437 50 8
k 437 63 10
k 437 252 11
k 437 285 8
k 437 288 7
k 438 4 10
k 438 77 3
k 438 107 6
k 438 109 7
k 438 174 9
k 438 304 9
k 438 306 9
k 438 433 9
k 438 495 4
k 439 85 5
k 439 234 8
k 439 304 8
k 439 349 9
k 439 390 3
k 439 457 3
k 440 27 5
k 440 28 9
k 440 30 5
k 440 55 3
k 440 88 5
k 440 180 10
k 440 330 5
k 441 114 8
k 441 327 11
k 441 410 11
k 441 459 5
k 442 3 10
k 442 147 3
k 442 212 5
k 442 287 5
k 442 348 8
k 442 361 11
k 442 395 8
k 442 428 10
k 443 17 10
k 443 35 10
k 443 74 6
k 443 78 11
k 443 335 4
k 443 364 8
k 443 365 11
k 443 431 9
k 443 457 4
k 443 490 4
k 444 4 9
k 444 75 3
k 444 161 10
k 444 325 7
k 444 354 6
k 445 16 7
k 445 76 10
k 445 90 11
k 445 231 10
k 445 267 5
k 445 381 8
k 445 482 5
k 446 304 3
k 446 417 6
k 447 11 6
k 447 66 6
k 447 185 8
k 447 190 6
k 447 264 5
k 447 268 3
k 447 281 4
k 447 375 8
k 447 381 4
k 447 451 5
k 447 496 7
k 448 11 6
k 448 38 8
k 448 57 7
k 448 147 3
k 448 217 6
k 448 236 7
k 448 360 10
k 448 376 5
k 449 29 4
k 449 40 9
k 449 55 8
k 449 60 8
k 449 69 9
k 449 73 3
k 449 106 7
k 449 330 9
k 449 334 5
k 449 358 7
k 449 412 7
k 449 437 6
k 449 459 10
k 449 478 5
k 450 4 7
k 450 22 9
k 450 28 10
k 450 61 10
k 450 144 4
k 450 327 7
k 450 357 8
k 450 361 10
k 450 431 9
k 451 133 11
k 451 165 7
k 451 345 3
k 452 7 11
k 452 42 9
k 452 90 7
k 452 227 8
k 452 233 11
k 452 258 9
k 452 348 5
k 452 431 9
k 452 446 7
k 452 481 4
k 453 3 6
k 453 75 3
k 453 77 11
k 453 79 4
k 453 107 11
k 453 112 4
k 453 162 10
k 453 229 9
k 453 311 5
k 453 447 10
k 454 107 8
k 454 126 3
k 454 204 6
k 454 443 10
k 454 449 11
k 455 163 5
k 455 206 9
k 455 209 9
k 455 286 5
k 455 311 7
k 455 424 5
k 455 444 4
k 455 492 5
k 456 166 6
k 456 333 8
k 457 103 6
k 457 213 4
k 457 248 11
k 457 261 11
k 457 343 4
k 457 363 11
k 458 81 5
k 458 165 6
k 458 186 3
k 458 199 3
k 458 375 10
k 458 444 3
k 458 474 4
k 458 481 5
k 459 9 8
k 459 290 11
k 459 300 7
k 459 313 11
k 459 444 3
k 459 452 8
k 459 460 8
k 460 54 6
k 460 72 6
k 460 80 8
k 460 92 7
k 460 201 8
k 460 213 3
k 460 260 4
k 460 382 11
k 460 398 3
k 460 448 8
k 460 472 3
k 461 191 3
k 461 207 9
k 461 234 11
k 461 278 6
k 461 322 8
k 461 366 3
k 462 38 5
k 462 137 7
k 462 274 10
k 462 344 7
k 462 360 7
k 462 361 10
k 462 405 6
k 462 464 11
k 462 496 4
k 463 154 9
k 463 159 5
k 463 311 11
k 463 340 7
k 463 361 6
k 463 481 10
k 464 12 5
k 464 177 9
k 464 197 7
k 464 211 3
k 464 273 5
k 464 332 4
k 465 3 3
k 465 63 11
k 465 74 9
k 465 115 5
k 465 168 10
k 465 436 9
k 466 18 7
k 466 142 11
k 466 235 6
k 466 238 8
k 466 244 11
k 466 262 7
k 466 281 3
k 466 473 8
k 466 480 9
k 467 34 7
k 467 64 3
k 467 92 4
k 467 170 8
k 467 242 10
k 467 260 5
k 467 317 10
k 467 336 8
k 468 59 6
k 468 74 5
k 468 332 9
k 468 391 9
k 468 392 11
k 468 419 4
k 468 426 4
k 468 448 8
k 469 11 5
k 469 148 11
k 469 250 4
k 469 355 11
k 470 120 6
k 470 121 4
k 470 270 3
k 470 432 9
k 470 434 6
k 470 441 5
k 471 23 7
k 471 334 10
k 471 361 4
k 471 380 3
k 471 470 8
k 472 233 4
k 472 269 5
k 472 307 9
k 472 372 4
k 472 375 8
k 473 37 9
k 473 63 9
k 473 195 6
k 473 281 3
k 473 295 6
k 473 296 6
k 473 331 5
k 473 406 11
k 474 5 9
k 474 100 8
k 474 110 6
k 474 117 11
k 474 201 9
k 474 272 8
k 474 286 9
k 474 288 6
k 474 382 3
k 474 399 10
k 474 445 6
k 475 91 11
k 475 233 8
k 475 366 9
k 475 410 7
k 475 452 6
k 476 8 4
k 476 149 5
k 476 187 11
k 476 259 6
k 476 265 7
k 476 385 3
k 476 473 11
k 477 29 5
k 477 31 3
k 477 80 10
k 477 95 4
k 477 99 3
k 477 194 8
k 477 212 5
k 477 218 5
k 477 328 9
k 477 352 3
k 477 410 11
k 477 428 4
k 478 52 5
k 478 64 10
k 478 268 7
k 478 295 11
k 478 324 4
k 478 356 3
k 478 369 3
k 478 373 9
k 478 374 4
k 478 480 5
k 478 488 10
k 479 51 4
k 479 137 5
k 479 170 8
k 479 191 6
k 479 239 5
k 479 311 8
k 479 329 4
k 479 341 5
k 480 2 8
k 480 19 7
k 480 43 5
k 480 59 3
k 480 77 5
k 480 141 3
k 480 188 3
k 480 190 11
k 480 195 3
k 480 220 4
k 480 254 4
k 480 271 11
k 480 327 7
k 480 362 4
k 480 387 7
k 480 394 4
k 480 479 7
k 481 36 9
k 481 54 11
k 481 85 4
k 481 397 6
k 482 381 9
k 482 396 8
k 483 163 6
k 483 211 3
k 483 395 11
k 484 25 8
k 484 52 8
k 484 57 7
k 485 240 7
k 485 287 5
k 485 314 4
k 485 352 5
k 486 10 7
k 486 32 7
k 486 241 10
k 486 408 7
k 487 274 9
k 487 321 9
k 487 414 6
k 488 11 10
k 488 76 6
k 488 139 3
k 488 154 11
k 488 167 11
k 488 218 9
k 488 330 6
k 488 335 8
k 488 360 4
k 488 471 4
k 489 6 10
k 489 234 8
k 489 401 3
k 490 14 9
k 490 32 9
k 490 63 9
k 490 174 7
k 490 235 7
k 490 343 4
k 490 349 5
k 490 366 3
k 490 376 4
k 490 440 8
k 490 448 6
k 490 466 8
k 491 7 4
k 491 14 5
k 491 25 10
k 491 89 5
k 491 351 9
k 491 352 9
k 491 378 7
k 491 422 4
k 491 475 5
k 492 40 9
k 492 200 3
k 492 247 11
k 492 261 10
k 492 272 4
k 492 284 3
k 492 300 10
k 492 334 9
k 492 473 10
k 493 61 4
k 493 77 11
k 493 92 10
k 493 364 11
k 493 372 11
k 494 28 7
k 494 34 9
k 494 73 9
k 494 89 6
k 494 150 5
k 494 355 9
k 494 422 7
k 494 441 4
k 494 446 10
k 495 6 8
k 495 94 4
k 495 150 8
k 495 215 3
k 495 250 11
k 495 382 3
k 495 407 5
k 496 9 4
k 496 18 11
k 496 176 8
k 496 334 10
k 496 392 4
k 497 162 8
k 497 234 6
k 497 252 7
k 497 253 7
k 497 388 7
k 497 396 7
k 497 405 8
k 497 463 4
k 498 114 9
k 498 142 10
k 498 167 9
k 498 256 5
k 498 342 3
k 498 356 6
k 498 384 4
k 498 385 6
k 498 453 10
k 498 495 3
k 499 22 4
k 499 149 6
k 499 152 9
k 499 252 11
k 499 370 8
k 499 381 8
k 499 447 6
c
c source target cost capacity
a 0 360 2074 1325
a 360 0 2074 1325
a 0 375 1156 1573
a 375 0 1156 1573
a 0 449 109 1407
a 449 0 109 1407
a 0 498 1732 1490
a 498 0 1732 1490
a 1 165 712 1449
a 165 1 712 1449
a 1 251 2888 1205
a 251 1 2888 1205
a 1 256 5008 1020
a 256 1 5008 1020
a 1 352 592 1052
a 352 1 592 1052
a 1 388 725 907
a 388 1 725 907
a 2 173 761 1519
a 173 2 761 1519
a 2 291 562 1535
a 291 2 562 1535
a 2 405 281 1181
a 405 2 281 1181
a 2 423 241 871
a 423 2 241 871
a 3 390 265 1133
a 390 3 265 1133
a 3 431 97 1375
a 431 3 97 1375
a 4 395 149 912
a 395 4 149 912
a 4 450 360 1007
a 450 4 360 1007
a 4 482 941 1125
a 482 4 941 1125
a 5 338 1157 1225
a 338 5 1157 1225
a 5 458 593 1075
a 458 5 593 1075
a 5 481 1901 1552
a 481 5 1901 1552
a 6 71 549 1581
a 71 6 549 1581
a 6 144 37 1576
a 144 6 37 1576
a 6 365 260 1312
a 365 6 260 1312
a 7 292 3445 1069
a 292 7 3445 1069
a 7 305 545 962
a 305 7 545 962
a 7 357 488 1180
a 357 7 488 1180
a 7 397 698 1195
a 397 7 698 1195
a 7 429 2665 1042
a 429 7 2665 1042
a 7 496 425 1137
a 496 7 425 1137
a 8 222 637 985
a 222 8 637 985
a 8 239 845 908
a 239 8 845 908
a 8 359 1192 901
a 359 8 1192 901
a 8 473 1825 1383
a 473 8 1825 1383
a 8 484 2533 941
a 484 8 2533 941
a 9 48 466 1374
a 48 9 466 1374
a 9 314 145 1047
a 314 9 145 1047
a 9 479 484 1002
a 479 9 484 1002
a 10 63 676 1435
a 63 10 676 1435
a 10 126 377 889
a 126 10 377 889
a 10 416 1586 1442
a 416 10 1586 1442
a 10 462 1480 1056
a 462 10 1480 1056
a 11 299 5300 1536
a 299 11 5300 1536
a 11 437 1882 967
a 437 11 1882 967
a 11 440 1225 1357
a 440 11 1225 1357
a 12 64 153 872
a 64 12 153 872
a 12 318 2509 1032
a 318 12 2509 1032
a 12 495 6890 831
a 495 12 6890 831
a 13 185 3625 1437
a 185 13 3625 1437
a 13 306 7625 1402
a 306 13 7625 1402
a 13 354 5364 823
a 354 13 5364 823
a 14 60 530 1261
a 60 14 530 1261
a 14 203 1576 864
a 203 14 1576 864
a 14 337 1444 1521
a 337 14 1444 1521
a 14 338 3205 1450
a 338 14 3205 1450
a 14 437 1010 1256
a 437 14 1010 1256
a 14 458 2041 1204
a 458 14 2041 1204
a 15 264 505 922
a 264 15 505 922
a 15 318 145 1540
a 318 15 145 1540
a 15 353 1780 982
a 353 15 1780 982
a 16 147 338 885
a 147 16 338 885
a 16 178 196 1291
a 178 16 196 1291
a 16 406 1237 1528
a 406 16 1237 1528
a 16 466 1114 896
a 466 16 1114 896
a 16 490 1154 1514
a 490 16 1154 1514
a 17 99 841 1040
a 99 17 841 1040
a 17 316 2245 849
a 316 17 2245 849
a 17 376 14724 906
a 376 17 14724 906
a 17 403 2452 1183
a 403 17 2452 1183
a 18 197 3314 869
a 197 18 3314 869
a 18 306 1697 1163
a 306 18 1697 1163
a 18 393 6497 1449
a 393 18 6497 1449
a 19 86 1037 1555
a 86 19 1037 1555
a 19 325 985 1032
a 325 19 985 1032
a 19 471 234 1387
a 471 19 234 1387
a 20 248 3721 1567
a 248 20 3721 1567
a 20 252 1469 1491
a 252 20 1469 1491
a 20 367 661 1179
a 367 20 661 1179
a 20 404 2788 1116
a 404 20 2788 1116
a 21 183 424 1439
a 183 21 424 1439
a 21 423 3389 808
a 423 21 3389 808
a 21 478 5381 1261
a 478 21 5381 1261
a 21 489 2401 1409
a 489 21 2401 1409
a 22 325 3281 1268
a 325 22 3281 1268
a 22 381 725 1331
a 381 22 725 1331
a 22 459 1377 1559
a 459 22 1377 1559
a 22 460 5 1100
a 460 22 5 1100
a 22 463 3250 1575
a 463 22 3250 1575
a 22 494 1130 818
a 494 22 1130 818
a 23 218 433 1115
a 218 23 433 1115
a 23 358 2056 836
a 358 23 2056 836
a 23 412 185 1590
a 412 23 185 1590
a 23 473 2057 1339
a 473 23 2057 1339
a 24 261 3730 1450
a 261 24 3730 1450
a 24 277 2768 981
a 277 24 2768 981
a 24 479 125 811
a 479 24 125 811
a 25 67 449 1267
a 67 25 449 1267
a 25 226 1325 1234
a 226 25 1325 1234
a 25 266 1125 802
a 266 25 1125 802
a 25 300 2450 1200
a 300 25 2450 1200
a 25 387 901 1283
a 387 25 901 1283
a 25 426 1341 1581
a 426 25 1341 1581
a 25 436 1962 1074
a 436 25 1962 1074
a 26 194 74 1505
a 194 26 74 1505
a 26 340 1636 1542
a 340 26 1636 1542
a 26 396 3385 1253
a 396 26 3385 1253
a 27 226 370 1503
a 226 27 370 1503
a 27 266 1040 1162
a 266 27 1040 1162
a 27 296 153 1191
a 296 27 153 1191
a 28 119 2192 1448
a 119 28 2192 1448
a 28 451 4810 1540
a 451 28 4810 1540
a 28 453 2450 1279
a 453 28 2450 1279
a 28 468 5072 1413
a 468 28 5072 1413
a 29 88 85 1031
a 88 29 85 1031
a 29 319 1124 1541
a 319 29 1124 1541
a 29 358 1360 946
a 358 29 1360 946
a 29 366 545 1565
a 366 29 545 1565
a 29 412 1181 1106
a 412 29 1181 1106
a 30 102 722 882
a 102 30 722 882
a 30 227 64 1178
a 227 30 64 1178
a 30 408 3332 1598
a 408 30 3332 1598
a 31 248 1597 1385
a 248 31 1597 1385
a 31 269 832 1170
a 269 31 832 1170
a 31 331 250 1137
a 331 31 250 1137
a 31 351 72 1110
a 351 31 72 1110
a 31 367 1105 846
a 367 31 1105 846
a 32 447 401 1546
a 447 32 401 1546
a 32 459 557 1330
a 459 32 557 1330
a 33 197 292 1040
a 197 33 292 1040
a 33 224 125 1130
a 224 33 125 1130
a 33 306 425 1447
a 306 33 425 1447
a 34 72 1613 844
a 72 34 1613 844
a 34 393 2789 1550
a 393 34 2789 1550
a 35 304 328 1185
a 304 35 328 1185
a 35 464 773 1010
a 464 35 773 1010
a 35 485 1282 903
a 485 35 1282 903
a 35 492 125 1278
a 492 35 125 1278
a 36 152 289 804
a 152 36 289 804
a 36 383 2386 876
a 383 36 2386 876
a 36 472 1405 1010
a 472 36 1405 1010
a 36 480 3077 1154
a 480 36 3077 1154
a 37 106 457 1546
a 106 37 457 1546
a 37 330 845 1189
a 330 37 845 1189
a 37 339 2020 1566
a 339 37 2020 1566
a 37 469 578 1118
a 469 37 578 1118
a 38 104 1165 1112
a 104 38 1165 1112
a 38 300 2581 1554
a 300 38 2581 1554
a 38 323 1237 822
a 323 38 1237 822
a 38 387 4682 957
a 387 38 4682 957
a 38 413 1445 848
a 413 38 1445 848
a 39 194 601 927
a 194 39 601 927
a 39 277 2097 851
a 277 39 2097 851
a 39 311 925 803
a 311 39 925 803
a 39 335 937 856
a 335 39 937 856
a 39 340 3233 821
a 340 39 3233 821
a 40 123 425 818
a 123 40 425 818
a 40 384 3428 1281
a 384 40 3428 1281
a 40 419 2549 1583
a 419 40 2549 1583
a 40 452 877 1195
a 452 40 877 1195
a 41 273 937 1008
a 273 41 937 1008
a 41 279 3049 1288
a 279 41 3049 1288
a 41 410 1777 1566
a 410 41 1777 1566
a 41 447 1906 1205
a 447 41 1906 1205
a 41 488 2084 1501
a 488 41 2084 1501
a 42 313 23409 1358
a 313 42 23409 1358
a 42 377 533 1406
a 377 42 533 1406
a 42 418 6521 1390
a 418 42 6521 1390
a 42 442 16 1366
a 442 42 16 1366
a 42 455 3793 1011
a 455 42 3793 1011
a 43 107 25 1242
a 107 43 25 1242
a 43 201 929 1069
a 201 43 929 1069
a 43 219 1354 1442
a 219 43 1354 1442
a 43 425 185 1249
a 425 43 185 1249
a 44 420 801 1017
a 420 44 801 1017
a 44 447 225 1127
a 447 44 225 1127
a 44 459 1521 1392
a 459 44 1521 1392
a 44 480 1300 1365
a 480 44 1300 1365
a 45 252 697 1183
a 252 45 697 1183
a 45 367 7281 1157
a 367 45 7281 1157
a 45 491 1097 1295
a 491 45 1097 1295
a 45 498 4122 1269
a 498 45 4122 1269
a 46 332 2545 1148
a 332 46 2545 1148
a 46 396 130 1141
a 396 46 130 1141
a 46 401 8450 854
a 401 46 8450 854
a 47 204 530 869
a 204 47 530 869
a 47 262 1250 1121
a 262 47 1250 1121
a 47 269 1508 1442
a 269 47 1508 1442
a 47 331 2690 903
a 331 47 2690 903
a 47 367 5045 1311
a 367 47 5045 1311
a 47 452 4240 1442
a 452 47 4240 1442
a 48 133 605 881
a 133 48 605 881
a 48 314 1105 1073
a 314 48 1105 1073
a 48 479 1170 1239
a 479 48 1170 1239
a 49 164 2045 1059
a 164 49 2045 1059
a 49 249 5140 1074
a 249 49 5140 1074
a 49 359 4658 1509
a 359 49 4658 1509
a 49 443 2509 859
a 443 49 2509 859
a 49 484 1017 1243
a 484 49 1017 1243
a 50 325 625 807
a 325 50 625 807
a 50 494 3016 891
a 494 50 3016 891
a 51 97 212 1364
a 97 51 212 1364
a 51 284 1466 1002
a 284 51 1466 1002
a 51 299 3386 1424
a 299 51 3386 1424
a 51 372 1205 1065
a 372 51 1205 1065
a 51 391 585 1321
a 391 51 585 1321
a 52 187 788 1478
a 187 52 788 1478
a 52 327 3194 1390
a 327 52 3194 1390
a 52 329 4868 923
a 329 52 4868 923
a 52 385 1845 1572
a 385 52 1845 1572
a 52 457 2405 995
a 457 52 2405 995
a 52 493 2165 1033
a 493 52 2165 1033
a 53 152 45 1041
a 152 53 45 1041
a 53 250 4034 1042
a 250 53 4034 1042
a 53 472 3089 1241
a 472 53 3089 1241
a 53 480 1105 1204
a 480 53 1105 1204
a 54 355 4250 921
a 355 54 4250 921
a 54 356 1828 1408
a 356 54 1828 1408
a 54 408 370 1452
a 408 54 370 1452
a 54 499 362 860
a 499 54 362 860
a 55 252 26 1534
a 252 55 26 1534
a 55 404 901 1431
a 404 55 901 1431
a 56 376 22385 1077
a 376 56 22385 1077
a 56 403 221 1326
a 403 56 221 1326
a 57 164 1217 1430
a 164 57 1217 1430
a 57 189 2389 1300
a 189 57 2389 1300
a 57 217 842 1397
a 217 57 842 1397
a 57 223 578 1424
a 223 57 578 1424
a 57 282 4896 1481
a 282 57 4896 1481
a 57 476 5188 980
a 476 57 5188 980
a 58 222 5648 970
a 222 58 5648 970
a 58 290 3797 831
a 290 58 3797 831
a 58 298 845 952
a 298 58 845 952
a 58 307 1412 935
a 307 58 1412 935
a 58 358 4625 991
a 358 58 4625 991
a 58 374 725 1456
a 374 58 725 1456
a 59 185 585 1560
a 185 59 585 1560
a 59 237 3770 1190
a 237 59 3770 1190
a 59 388 1314 1021
a 388 59 1314 1021
a 59 393 2045 992
a 393 59 2045 992
a 60 338 2125 1400
a 338 60 2125 1400
a 60 437 232 1531
a 437 60 232 1531
a 61 324 1274 1175
a 324 61 1274 1175
a 61 432 509 1243
a 432 61 509 1243
a 62 213 2273 1010
a 213 62 2273 1010
a 62 271 1873 1187
a 271 62 1873 1187
a 62 328 3364 839
a 328 62 3364 839
a 62 334 5162 1374
a 334 62 5162 1374
a 62 379 50 1062
a 379 62 50 1062
a 63 126 1241 804
a 126 63 1241 804
a 63 205 1105 1195
a 205 63 1105 1195
a 63 270 2858 1078
a 270 63 2858 1078
a 63 416 2474 1133
a 416 63 2474 1133
a 64 318 3880 1049
a 318 64 3880 1049
a 64 431 2069 820
a 431 64 2069 820
a 64 495 5729 1431
a 495 64 5729 1431
a 65 157 724 1456
a 157 65 724 1456
a 65 253 4549 1448
a 253 65 4549 1448
a 65 414 914 1245
a 414 65 914 1245
a 65 430 1930 1202
a 430 65 1930 1202
a 65 435 937 1105
a 435 65 937 1105
a 66 149 197 1023
a 149 66 197 1023
a 66 383 2628 1336
a 383 66 2628 1336
a 66 392 2180 1205
a 392 66 2180 1205
a 66 399 5498 895
a 399 66 5498 895
a 66 454 3170 1097
a 454 66 3170 1097
a 66 497 6649 1394
a 497 66 6649 1394
a 67 266 338 855
a 266 67 338 855
a 67 426 530 1286
a 426 67 530 1286
a 68 170 557 1453
a 170 68 557 1453
a 68 307 1765 1415
a 307 68 1765 1415
a 68 374 530 1120
a 374 68 530 1120
a 68 485 565 1139
a 485 68 565 1139
a 69 111 149 1407
a 111 69 149 1407
a 69 223 2962 826
a 223 69 2962 826
a 69 396 1017 1221
a 396 69 1017 1221
a 69 476 1460 1230
a 476 69 1460 1230
a 70 178 1354 996
a 178 70 1354 996
a 70 198 289 929
a 198 70 289 929
a 70 321 4100 881
a 321 70 4100 881
a 70 419 1525 1562
a 419 70 1525 1562
a 71 144 832 1020
a 144 71 832 1020
a 71 365 941 1371
a 365 71 941 1371
a 71 406 872 1075
a 406 71 872 1075
a 71 439 3329 1193
a 439 71 3329 1193
a 71 490 689 1148
a 490 71 689 1148
a 72 137 521 1476
a 137 72 521 1476
a 72 310 6849 1471
a 310 72 6849 1471
a 72 314 6530 807
a 314 72 6530 807
a 72 393 8644 1238
a 393 72 8644 1238
a 73 343 2042 942
a 343 73 2042 942
a 73 395 769 1131
a 395 73 769 1131
a 73 489 277 1544
a 489 73 277 1544
a 74 233 324 1063
a 233 74 324 1063
a 74 362 389 1166
a 362 74 389 1166
a 74 409 6053 1446
a 409 74 6053 1446
a 74 464 4225 1143
a 464 74 4225 1143
a 75 392 466 1200
a 392 75 466 1200
a 75 454 2336 867
a 454 75 2336 867
a 76 122 136 1087
a 122 76 136 1087
a 76 316 2257 872
a 316 76 2257 872
a 76 403 2050 1078
a 403 76 2050 1078
a 77 241 673 903
a 241 77 673 903
a 77 327 386 1135
a 327 77 386 1135
a 77 329 1744 1132
a 329 77 1744 1132
a 77 438 1042 944
a 438 77 1042 944
a 77 446 788 1524
a 446 77 788 1524
a 77 456 2258 1375
a 456 77 2258 1375
a 78 257 4000 1599
a 257 78 4000 1599
a 78 346 2617 1330
a 346 78 2617 1330
a 78 368 505 1372
a 368 78 505 1372
a 78 398 1721 1131
a 398 78 1721 1131
a 79 157 865 1382
a 157 79 865 1382
a 79 249 1586 1189
a 249 79 1586 1189
a 79 316 11986 1476
a 316 79 11986 1476
a 80 253 1025 803
a 253 80 1025 803
a 80 316 4357 1483
a 316 80 4357 1483
a 81 207 596 1085
a 207 81 596 1085
a 81 284 5525 1125
a 284 81 5525 1125
a 81 370 3365 1496
a 370 81 3365 1496
a 81 440 1930 1009
a 440 81 1930 1009
a 81 451 1850 1401
a 451 81 1850 1401
a 81 453 2522 904
a 453 81 2522 904
a 81 486 6205 1306
a 486 81 6205 1306
a 82 142 493 1437
a 142 82 493 1437
a 82 174 2258 1152
a 174 82 2258 1152
a 82 318 2837 1357
a 318 82 2837 1357
a 82 444 1525 850
a 444 82 1525 850
a 82 495 6914 1594
a 495 82 6914 1594
a 83 147 520 965
a 147 83 520 965
a 83 321 340 1346
a 321 83 340 1346
a 83 406 929 1393
a 406 83 929 1393
a 84 348 2152 827
a 348 84 2152 827
a 84 354 6005 1410
a 354 84 6005 1410
a 84 390 2890 1401
a 390 84 2890 1401
a 85 192 122 975
a 192 85 122 975
a 85 230 865 1045
a 230 85 865 1045
a 85 240 689 1059
a 240 85 689 1059
a 85 434 274 922
a 434 85 274 922
a 85 456 1274 1490
a 456 85 1274 1490
a 86 325 3530 1093
a 325 86 3530 1093
a 86 402 10322 1430
a 402 86 10322 1430
a 86 471 2225 906
a 471 86 2225 906
a 86 483 17984 905
a 483 86 17984 905
a 86 494 5197 1357
a 494 86 5197 1357
a 87 333 466 824
a 333 87 466 824
a 87 348 208 1080
a 348 87 208 1080
a 87 354 337 1190
a 354 87 337 1190
a 87 416 962 849
a 416 87 962 849
a 88 366 676 993
a 366 88 676 993
a 88 412 730 1521
a 412 88 730 1521
a 89 179 925 1329
a 179 89 925 1329
a 89 226 2210 1467
a 226 89 2210 1467
a 89 422 261 1440
a 422 89 261 1440
a 89 436 461 821
a 436 89 461 821
a 89 475 5050 1200
a 475 89 5050 1200
a 90 189 1076 896
a 189 90 1076 896
a 90 282 1229 1316
a 282 90 1229 1316
a 90 287 970 885
a 287 90 970 885
a 90 399 1874 884
a 399 90 1874 884
a 90 497 2477 819
a 497 90 2477 819
a 91 212 549 1291
a 212 91 549 1291
a 91 270 3866 837
a 270 91 3866 837
a 91 334 9 1187
a 334 91 9 1187
a 92 130 965 1533
a 130 92 965 1533
a 92 175 2269 1371
a 175 92 2269 1371
a 92 398 1492 1303
a 398 92 1492 1303
a 93 352 116 1152
a 352 93 116 1152
a 93 388 313 819
a 388 93 313 819
a 93 393 1690 1442
a 393 93 1690 1442
a 94 133 961 1547
a 133 94 961 1547
a 94 165 1873 1525
a 165 94 1873 1525
a 94 314 5141 964
a 314 94 5141 964
a 94 393 2153 1309
a 393 94 2153 1309
a 95 260 106 1140
a 260 95 106 1140
a 95 438 452 1160
a 438 95 452 1160
a 95 446 234 995
a 446 95 234 995
a 96 124 325 1410
a 124 96 325 1410
a 96 195 1274 1430
a 195 96 1274 1430
a 96 289 1600 939
a 289 96 1600 939
a 96 378 4441 1208
a 378 96 4441 1208
a 96 424 1613 980
a 424 96 1613 980
a 97 284 666 896
a 284 97 666 896
a 97 372 521 1372
a 372 97 521 1372
a 97 391 149 1060
a 391 97 149 1060
a 98 103 241 1235
a 103 98 241 1235
a 98 226 1268 1255
a 226 98 1268 1255
a 98 266 2626 1260
a 266 98 2626 1260
a 98 268 1205 1509
a 268 98 1205 1509
a 98 296 85 1557
a 296 98 85 1557
a 98 475 7604 1597
a 475 98 7604 1597
a 99 316 340 1192
a 316 99 340 1192
a 99 376 19609 867
a 376 99 19609 867
a 99 386 3989 1052
a 386 99 3989 1052
a 100 304 5288 1425
a 304 100 5288 1425
a 100 376 2842 861
a 376 100 2842 861
a 100 386 1138 845
a 386 100 1138 845
a 100 443 7922 1455
a 443 100 7922 1455
a 101 136 50 1077
a 136 101 50 1077
a 101 143 1325 1154
a 143 101 1325 1154
a 101 245 1 1470
a 245 101 1 1470
a 101 283 1525 1362
a 283 101 1525 1362
a 101 415 1258 1202
a 415 101 1258 1202
a 101 474 1381 813
a 474 101 1381 813
a 102 122 1241 1536
a 122 102 1241 1536
a 102 227 1090 956
a 227 102 1090 956
a 102 403 6705 962
a 403 102 6705 962
a 102 408 2458 1026
a 408 102 2458 1026
a 103 248 2005 883
a 248 103 2005 883
a 103 266 2609 808
a 266 103 2609 808
a 103 278 1777 1446
a 278 103 1777 1446
a 103 404 3802 1329
a 404 103 3802 1329
a 104 270 5954 1156
a 270 104 5954 1156
a 104 323 106 1128
a 323 104 106 1128
a 104 413 1300 1155
a 413 104 1300 1155
a 105 113 481 999
a 113 105 481 999
a 105 134 362 1342
a 134 105 362 1342
a 105 246 125 1041
a 246 105 125 1041
a 105 291 6084 1249
a 291 105 6084 1249
a 105 299 3037 1306
a 299 105 3037 1306
a 105 482 809 1540
a 482 105 809 1540
a 105 489 4765 1051
a 489 105 4765 1051
a 106 294 200 1019
a 294 106 200 1019
a 106 301 725 1192
a 301 106 725 1192
a 106 317 562 860
a 317 106 562 860
a 106 330 226 1095
a 330 106 226 1095
a 106 469 1885 1268
a 469 106 1885 1268
a 107 201 724 979
a 201 107 724 979
a 107 219 1629 1296
a 219 107 1629 1296
a 107 388 4010 1332
a 388 107 4010 1332
a 108 209 776 866
a 209 108 776 866
a 108 254 890 1043
a 254 108 890 1043
a 108 402 1609 1089
a 402 108 1609 1089
a 108 483 1021 1260
a 483 108 1021 1260
a 109 244 1640 962
a 244 109 1640 962
a 109 285 650 1266
a 285 109 650 1266
a 109 310 2245 1411
a 310 109 2245 1411
a 110 228 592 1135
a 228 110 592 1135
a 110 276 569 1333
a 276 110 569 1333
a 110 361 436 1009
a 361 110 436 1009
a 110 458 548 1080
a 458 110 548 1080
a 110 481 722 1253
a 481 110 722 1253
a 111 223 2357 924
a 223 111 2357 924
a 111 359 8361 1411
a 359 111 8361 1411
a 111 396 1352 1562
a 396 111 1352 1562
a 112 141 1825 1496
a 141 112 1825 1496
a 112 279 1553 1477
a 279 112 1553 1477
a 112 360 313 960
a 360 112 313 960
a 112 369 585 940
a 369 112 585 940
a 112 491 5904 1486
a 491 112 5904 1486
a 112 498 2393 1515
a 498 112 2393 1515
a 113 134 305 1335
a 134 113 305 1335
a 113 345 90 1527
a 345 113 90 1527
a 113 482 244 1349
a 482 113 244 1349
a 114 203 706 1149
a 203 114 706 1149
a 114 258 1250 879
a 258 114 1250 879
a 114 263 865 994
a 263 114 865 994
a 115 197 218 1044
a 197 115 218 1044
a 115 306 113 1000
a 306 115 113 1000
a 116 258 857 1482
a 258 116 857 1482
a 116 299 3845 1293
a 299 116 3845 1293
a 116 437 2701 1447
a 437 116 2701 1447
a 117 153 1714 1286
a 153 117 1714 1286
a 117 275 170 1457
a 275 117 170 1457
a 117 389 1445 1243
a 389 117 1445 1243
a 117 480 493 1154
a 480 117 493 1154
a 118 160 626 1181
a 160 118 626 1181
a 118 216 2960 965
a 216 118 2960 965
a 118 225 1129 1463
a 225 118 1129 1463
a 118 257 936 984
a 257 118 936 984
a 118 367 14633 1291
a 367 118 14633 1291
a 119 370 6305 1391
a 370 119 6305 1391
a 119 453 2682 1121
a 453 119 2682 1121
a 119 468 1600 1356
a 468 119 1600 1356
a 120 211 936 1336
a 211 120 936 1336
a 120 281 1082 1214
a 281 120 1082 1214
a 120 375 6925 1570
a 375 120 6925 1570
a 120 471 3501 1314
a 471 120 3501 1314
a 121 231 1765 1519
a 231 121 1765 1519
a 121 328 610 979
a 328 121 610 979
a 121 379 1268 1160
a 379 121 1268 1160
a 121 410 5085 1176
a 410 121 5085 1176
a 122 138 1649 1243
a 138 122 1649 1243
a 122 232 1352 1520
a 232 122 1352 1520
a 122 316 2045 1083
a 316 122 2045 1083
a 122 363 4274 1578
a 363 122 4274 1578
a 122 408 5713 1262
a 408 122 5713 1262
a 122 441 2549 820
a 441 122 2549 820
a 123 293 1625 944
a 293 123 1625 944
a 123 384 1521 898
a 384 123 1521 898
a 123 452 2500 1328
a 452 123 2500 1328
a 124 195 1417 886
a 195 124 1417 886
a 124 424 802 1517
a 424 124 802 1517
a 125 153 613 1421
a 153 125 613 1421
a 125 355 1370 1031
a 355 125 1370 1031
a 125 499 4346 1207
a 499 125 4346 1207
a 126 270 1305 1372
a 270 126 1305 1372
a 126 462 709 1435
a 462 126 709 1435
a 127 158 797 1486
a 158 127 797 1486
a 127 168 305 1372
a 168 127 305 1372
a 127 462 441 844
a 462 127 441 844
a 128 205 565 1218
a 205 128 565 1218
a 128 333 72 1145
a 333 128 72 1145
a 128 354 185 1427
a 354 128 185 1427
a 128 470 530 816
a 470 128 530 816
a 129 231 1657 903
a 231 129 1657 903
a 129 420 218 1026
a 420 129 218 1026
a 129 447 1808 941
a 447 129 1808 941
a 129 480 1037 1000
a 480 129 1037 1000
a 130 160 578 1392
a 160 130 578 1392
a 130 175 290 1410
a 175 130 290 1410
a 130 257 1440 1357
a 257 130 1440 1357
a 130 368 2169 1179
a 368 130 2169 1179
a 130 398 4409 1489
a 398 130 4409 1489
a 131 367 1469 1300
a 367 131 1469 1300
a 131 419 802 1406
a 419 131 802 1406
a 131 452 4234 1295
a 452 131 4234 1295
a 132 167 250 839
a 167 132 250 839
a 132 206 170 1105
a 206 132 170 1105
a 132 209 2405 1359
a 209 132 2405 1359
a 132 227 3145 1456
a 227 132 3145 1456
a 132 234 800 1028
a 234 132 800 1028
a 132 356 1921 1436
a 356 132 1921 1436
a 132 408 481 1081
a 408 132 481 1081
a 133 256 6714 926
a 256 133 6714 926
a 133 314 3250 848
a 314 133 3250 848
a 133 479 3293 870
a 479 133 3293 870
a 134 246 97 1281
a 246 134 97 1281
a 134 299 2873 1194
a 299 134 2873 1194
a 134 345 677 1270
a 345 134 677 1270
a 134 475 2722 1578
a 475 134 2722 1578
a 135 279 810 919
a 279 135 810 919
a 135 302 925 979
a 302 135 925 979
a 135 447 2557 925
a 447 135 2557 925
a 135 459 4045 884
a 459 135 4045 884
a 135 463 2834 949
a 463 135 2834 949
a 136 245 53 1050
a 245 136 53 1050
a 136 261 2402 855
a 261 136 2402 855
a 136 283 1373 817
a 283 136 1373 817
a 136 467 2426 969
a 467 136 2426 969
a 137 244 485 1145
a 244 137 485 1145
a 137 310 6410 911
a 310 137 6410 911
a 137 314 8325 956
a 314 137 8325 956
a 138 232 125 1367
a 232 138 125 1367
a 138 408 1850 1251
a 408 138 1850 1251
a 139 161 1241 982
a 161 139 1241 982
a 139 285 3538 1022
a 285 139 3538 1022
a 139 309 2281 1517
a 309 139 2281 1517
a 139 315 178 1528
a 315 139 178 1528
a 139 399 2025 1408
a 399 139 2025 1408
a 139 454 1989 904
a 454 139 1989 904
a 139 476 4450 1015
a 476 139 4450 1015
a 140 290 11981 1152
a 290 140 11981 1152
a 140 319 225 1385
a 319 140 225 1385
a 140 358 925 1383
a 358 140 925 1383
a 141 279 578 932
a 279 141 578 932
a 141 339 4240 1551
a 339 141 4240 1551
a 141 488 2581 899
a 488 141 2581 899
a 141 491 5689 1243
a 491 141 5689 1243
a 142 318 5338 841
a 318 142 5338 841
a 142 444 292 1499
a 444 142 292 1499
a 143 154 265 1002
a 154 143 265 1002
a 143 283 500 1236
a 283 143 500 1236
a 143 474 802 1416
a 474 143 802 1416
a 144 365 365 1568
a 365 144 365 1568
a 144 398 6445 1570
a 398 144 6445 1570
a 144 439 7025 968
a 439 144 7025 968
a 145 200 1088 1162
a 200 145 1088 1162
a 145 243 34 1383
a 243 145 34 1383
a 145 272 2980 947
a 272 145 2980 947
a 145 336 410 803
a 336 145 410 803
a 146 231 629 1053
a 231 146 629 1053
a 146 328 1268 1576
a 328 146 1268 1576
a 146 373 2930 1430
a 373 146 2930 1430
a 146 383 1898 1237
a 383 146 1898 1237
a 146 480 4721 861
a 480 146 4721 861
a 147 178 1010 1105
a 178 147 1010 1105
a 147 406 293 982
a 406 147 293 982
a 148 410 613 1427
a 410 148 613 1427
a 148 469 3185 947
a 469 148 3185 947
a 149 373 1297 1018
a 373 149 1297 1018
a 149 383 2225 1538
a 383 149 2225 1538
a 149 392 1489 1357
a 392 149 1489 1357
a 150 250 2105 1281
a 250 150 2105 1281
a 150 417 1097 1331
a 417 150 1097 1331
a 150 430 3293 1490
a 430 150 3293 1490
a 150 477 722 1302
a 477 150 722 1302
a 150 499 1690 1079
a 499 150 1690 1079
a 151 263 674 1298
a 263 151 674 1298
a 151 433 225 1119
a 433 151 225 1119
a 152 472 2708 1470
a 472 152 2708 1470
a 152 480 1480 1224
a 480 152 1480 1224
a 153 250 1640 954
a 250 153 1640 954
a 153 355 2245 1346
a 355 153 2245 1346
a 153 389 701 1110
a 389 153 701 1110
a 153 480 3809 848
a 480 153 3809 848
a 153 499 7933 1388
a 499 153 7933 1388
a 154 176 7922 1390
a 176 154 7922 1390
a 154 255 5938 1534
a 255 154 5938 1534
a 154 283 1205 1448
a 283 154 1205 1448
a 154 474 981 851
a 474 154 981 851
a 154 479 8273 1290
a 479 154 8273 1290
a 155 339 6736 1157
a 339 155 6736 1157
a 155 404 1096 1119
a 404 155 1096 1119
a 155 491 9 936
a 491 155 9 936
a 156 261 1066 1281
a 261 156 1066 1281
a 156 292 2074 1408
a 292 156 2074 1408
a 156 335 2482 1063
a 335 156 2482 1063
a 156 357 5513 1545
a 357 156 5513 1545
a 156 380 365 1594
a 380 156 365 1594
a 156 467 850 1203
a 467 156 850 1203
a 157 181 261 1369
a 181 157 261 1369
a 157 253 8333 1280
a 253 157 8333 1280
a 157 282 2801 1053
a 282 157 2801 1053
a 157 316 16837 1239
a 316 157 16837 1239
a 157 435 1937 1026
a 435 157 1937 1026
a 158 168 1114 1164
a 168 158 1114 1164
a 158 326 1480 1243
a 326 158 1480 1243
a 158 348 4996 1401
a 348 158 4996 1401
a 158 390 6170 1539
a 390 158 6170 1539
a 158 416 2810 1151
a 416 158 2810 1151
a 158 462 1700 1028
a 462 158 1700 1028
a 159 184 1557 1343
a 184 159 1557 1343
a 159 191 1088 1144
a 191 159 1088 1144
a 159 205 466 899
a 205 159 466 899
a 159 212 340 997
a 212 159 340 997
a 159 334 1492 1128
a 334 159 1492 1128
a 159 470 137 1373
a 470 159 137 1373
a 160 175 52 1489
a 175 160 52 1489
a 160 257 1202 1001
a 257 160 1202 1001
a 160 367 11285 1593
a 367 160 11285 1593
a 161 224 729 963
a 224 161 729 963
a 161 310 580 1162
a 310 161 580 1162
a 161 315 725 1570
a 315 161 725 1570
a 161 454 194 1322
a 454 161 194 1322
a 162 199 585 1270
a 199 162 585 1270
a 162 292 1093 946
a 292 162 1093 946
a 162 377 8020 1171
a 377 162 8020 1171
a 162 428 1669 1100
a 428 162 1669 1100
a 162 455 1732 1372
a 455 162 1732 1372
a 162 467 3845 1249
a 467 162 3845 1249
a 163 282 292 899
a 282 163 292 899
a 163 322 676 1514
a 322 163 676 1514
a 163 411 610 1430
a 411 163 610 1430
a 163 414 125 1301
a 414 163 125 1301
a 163 435 130 1356
a 435 163 130 1356
a 164 169 1413 1398
a 169 164 1413 1398
a 164 181 505 1293
a 181 164 505 1293
a 164 249 6625 900
a 249 164 6625 900
a 164 359 10057 915
a 359 164 10057 915
a 165 256 2440 1164
a 256 165 2440 1164
a 165 352 104 902
a 352 165 104 902
a 165 393 3802 1165
a 393 165 3802 1165
a 166 219 194 920
a 219 166 194 920
a 166 237 1445 1130
a 237 166 1445 1130
a 166 388 3725 1486
a 388 166 3725 1486
a 166 445 1325 1351
a 445 166 1325 1351
a 167 206 100 1419
a 206 167 100 1419
a 167 254 481 1293
a 254 167 481 1293
a 167 402 416 1325
a 402 167 416 1325
a 168 326 170 1195
a 326 168 170 1195
a 168 433 4562 991
a 433 168 4562 991
a 168 448 3250 1433
a 448 168 3250 1433
a 168 462 1418 1038
a 462 168 1418 1038
a 169 217 26 1102
a 217 169 26 1102
a 169 223 514 1047
a 223 169 514 1047
a 169 359 6100 822
a 359 169 6100 822
a 170 304 530 985
a 304 170 530 985
a 170 307 3460 1598
a 307 170 3460 1598
a 170 443 6500 983
a 443 170 6500 983
a 170 485 164 1217
a 485 170 164 1217
a 171 349 2665 963
a 349 171 2665 963
a 171 437 5729 1572
a 437 171 5729 1572
a 171 440 2644 1349
a 440 171 2644 1349
a 171 451 980 1202
a 451 171 980 1202
a 171 457 1469 1552
a 457 171 1469 1552
a 172 229 1130 1544
a 229 172 1130 1544
a 172 394 409 1423
a 394 172 409 1423
a 172 444 2809 1558
a 444 172 2809 1558
a 173 293 102401 1302
a 293 173 102401 1302
a 173 370 13652 1059
a 370 173 13652 1059
a 173 405 592 1157
a 405 173 592 1157
a 173 423 592 949
a 423 173 592 949
a 173 468 55709 1132
a 468 173 55709 1132
a 173 486 3242 1273
a 486 173 3242 1273
a 174 242 442 1067
a 242 174 442 1067
a 174 444 2405 1574
a 444 174 2405 1574
a 174 487 1373 1314
a 487 174 1373 1314
a 174 495 1300 1001
a 495 174 1300 1001
a 175 198 7732 1255
a 198 175 7732 1255
a 175 321 8521 881
a 321 175 8521 881
a 176 251 1282 815
a 251 176 1282 815
a 176 255 8020 1309
a 255 176 8020 1309
a 176 256 346 1123
a 256 176 346 1123
a 176 324 6145 1013
a 324 176 6145 1013
a 176 342 1549 1178
a 342 176 1549 1178
a 176 479 19777 1331
a 479 176 19777 1331
a 177 285 1261 958
a 285 177 1261 958
a 177 340 3761 851
a 340 177 3761 851
a 177 396 1690 1516
a 396 177 1690 1516
a 177 476 853 1163
a 476 177 853 1163
a 178 321 3218 1376
a 321 178 3218 1376
a 178 384 1604 1541
a 384 178 1604 1541
a 178 419 4293 1187
a 419 178 4293 1187
a 178 466 1170 941
a 466 178 1170 941
a 179 258 10144 976
a 258 179 10144 976
a 179 299 8712 1579
a 299 179 8712 1579
a 179 300 2314 1530
a 300 179 2314 1530
a 179 323 10420 1547
a 323 179 10420 1547
a 179 422 1594 1006
a 422 179 1594 1006
a 179 475 3653 1119
a 475 179 3653 1119
a 180 286 281 845
a 286 180 281 845
a 180 341 1466 841
a 341 180 1466 841
a 180 357 901 1390
a 357 180 901 1390
a 180 397 2525 1189
a 397 180 2525 1189
a 180 421 1538 1171
a 421 180 1538 1171
a 180 496 666 1282
a 496 180 666 1282
a 181 249 4450 913
a 249 181 4450 913
a 182 332 1481 1491
a 332 182 1481 1491
a 182 359 1017 1065
a 359 182 1017 1065
a 182 396 6056 1215
a 396 182 6056 1215
a 182 473 1810 1123
a 473 182 1810 1123
a 183 193 1649 845
a 193 183 1649 845
a 183 350 586 925
a 350 183 586 925
a 183 423 2833 905
a 423 183 2833 905
a 183 489 1061 1137
a 489 183 1061 1137
a 184 191 1637 1572
a 191 184 1637 1572
a 184 271 178 1465
a 271 184 178 1465
a 184 334 2389 1183
a 334 184 2389 1183
a 185 196 3029 1313
a 196 185 3029 1313
a 185 237 2285 1080
a 237 185 2285 1080
a 185 306 11570 1092
a 306 185 11570 1092
a 185 393 4100 985
a 393 185 4100 985
a 186 276 1621 1380
a 276 186 1621 1380
a 186 288 64 1526
a 288 186 64 1526
a 186 295 850 1567
a 295 186 850 1567
a 186 378 1061 1261
a 378 186 1061 1261
a 187 457 3961 1383
a 457 187 3961 1383
a 187 468 2504 836
a 468 187 2504 836
a 187 493 405 1337
a 493 187 405 1337
a 188 329 1193 1524
a 329 188 1193 1524
a 188 338 1217 1430
a 338 188 1217 1430
a 188 349 1636 1554
a 349 188 1636 1554
a 188 456 4329 1090
a 456 188 4329 1090
a 188 481 1781 1317
a 481 188 1781 1317
a 189 309 370 1413
a 309 189 370 1413
a 189 399 914 1594
a 399 189 914 1594
a 189 476 3809 934
a 476 189 3809 934
a 190 294 689 872
a 294 190 689 872
a 190 312 901 1478
a 312 190 901 1478
a 190 330 65 976
a 330 190 65 976
a 190 387 829 950
a 387 190 829 950
a 190 426 117 1235
a 426 190 117 1235
a 191 271 2777 1214
a 271 191 2777 1214
a 191 306 12457 1412
a 306 191 12457 1412
a 191 354 2450 1315
a 354 191 2450 1315
a 191 392 4360 1335
a 392 191 4360 1335
a 191 470 1145 1546
a 470 191 1145 1546
a 192 240 1345 821
a 240 192 1345 821
a 192 289 640 956
a 289 192 640 956
a 192 424 1421 1070
a 424 192 1421 1070
a 192 434 272 898
a 434 192 272 898
a 193 291 1105 1256
a 291 193 1105 1256
a 193 350 269 1315
a 350 193 269 1315
a 193 489 1800 1483
a 489 193 1800 1483
a 194 210 394 805
a 210 194 394 805
a 194 311 1124 1103
a 311 194 1124 1103
a 194 340 2210 1405
a 340 194 2210 1405
a 194 396 4325 1510
a 396 194 4325 1510
a 195 229 1665 1350
a 229 195 1665 1350
a 195 353 3709 1238
a 353 195 3709 1238
a 195 378 2845 1119
a 378 195 2845 1119
a 195 394 4036 1562
a 394 195 4036 1562
a 195 424 4329 1597
a 424 195 4329 1597
a 196 237 180 812
a 237 196 180 812
a 196 354 14050 1383
a 354 196 14050 1383
a 196 390 9425 1435
a 390 196 9425 1435
a 196 431 7565 1400
a 431 196 7565 1400
a 196 445 290 1146
a 445 196 290 1146
a 197 224 485 1311
a 224 197 485 1311
a 197 306 637 1202
a 306 197 637 1202
a 197 310 680 1358
a 310 197 680 1358
a 197 393 15185 1396
a 393 197 15185 1396
a 198 321 3845 958
a 321 198 3845 958
a 198 367 5513 1376
a 367 198 5513 1376
a 198 419 2120 1296
a 419 198 2120 1296
a 199 418 1073 1283
a 418 199 1073 1283
a 199 428 520 1020
a 428 199 520 1020
a 199 455 541 1423
a 455 199 541 1423
a 200 243 850 1240
a 243 200 850 1240
a 200 272 6724 945
a 272 200 6724 945
a 200 313 49284 880
a 313 200 49284 880
a 200 336 586 875
a 336 200 586 875
a 200 377 5018 1274
a 377 200 5018 1274
a 201 251 1521 1199
a 251 201 1521 1199
a 201 324 1418 1563
a 324 201 1418 1563
a 201 425 1872 1352
a 425 201 1872 1352
a 201 432 1853 1032
a 432 201 1853 1032
a 202 233 5122 1477
a 233 202 5122 1477
a 202 290 11889 1374
a 290 202 11889 1374
a 202 347 6760 942
a 347 202 6760 942
a 202 409 3217 831
a 409 202 3217 831
a 203 258 3364 1123
a 258 203 3364 1123
a 203 263 1517 1198
a 263 203 1517 1198
a 203 337 740 825
a 337 203 740 825
a 203 361 3277 1183
a 361 203 3277 1183
a 203 433 4210 1318
a 433 203 4210 1318
a 203 437 3650 840
a 437 203 3650 840
a 203 448 6994 1218
a 448 203 6994 1218
a 204 262 2500 1098
a 262 204 2500 1098
a 204 267 2293 1304
a 267 204 2293 1304
a 204 269 746 969
a 269 204 746 969
a 204 343 3065 902
a 343 204 3065 902
a 204 427 3538 1522
a 427 204 3538 1522
a 205 212 458 1394
a 212 205 458 1394
a 205 333 481 851
a 333 205 481 851
a 205 416 2273 1431
a 416 205 2273 1431
a 205 470 181 1509
a 470 205 181 1509
a 206 234 298 837
a 234 206 298 837
a 206 402 340 848
a 402 206 340 848
a 207 370 1613 1470
a 370 207 1613 1470
a 207 453 666 1482
a 453 207 666 1482
a 208 214 137 1407
a 214 208 137 1407
a 208 238 612 1444
a 238 208 612 1444
a 208 272 565 1559
a 272 208 565 1559
a 209 227 962 1175
a 227 209 962 1175
a 209 254 722 805
a 254 209 722 805
a 209 483 457 1389
a 483 209 457 1389
a 210 286 1865 1561
a 286 210 1865 1561
a 210 311 986 1020
a 311 210 986 1020
a 210 396 3785 1127
a 396 210 3785 1127
a 210 401 6845 1124
a 401 210 6845 1124
a 210 421 5968 1486
a 421 210 5968 1486
a 211 281 3746 956
a 281 211 3746 956
a 211 471 3249 1308
a 471 211 3249 1308
a 211 483 29584 1271
a 483 211 29584 1271
a 212 270 5525 1551
a 270 212 5525 1551
a 212 334 648 1441
a 334 212 648 1441
a 213 270 9386 1171
a 270 213 9386 1171
a 213 294 2909 1557
a 294 213 2909 1557
a 213 301 872 962
a 301 213 872 962
a 213 312 5193 1431
a 312 213 5193 1431
a 213 317 1069 1200
a 317 213 1069 1200
a 213 334 5265 1146
a 334 213 5265 1146
a 213 379 1933 880
a 379 213 1933 880
a 213 413 9376 1316
a 413 213 9376 1316
a 214 238 809 887
a 238 214 809 887
a 214 272 1114 965
a 272 214 1114 965
a 214 274 1021 1465
a 274 214 1021 1465
a 214 415 1205 1572
a 415 214 1205 1572
a 214 474 2314 1325
a 474 214 2314 1325
a 215 244 1013 983
a 244 215 1013 983
a 215 277 3797 853
a 277 215 3797 853
a 215 314 5801 1111
a 314 215 5801 1111
a 215 340 425 1344
a 340 215 425 1344
a 216 225 2993 1029
a 225 216 2993 1029
a 216 281 5617 1156
a 281 216 5617 1156
a 216 346 3341 1314
a 346 216 3341 1314
a 216 375 4996 844
a 375 216 4996 844
a 216 449 1489 1321
a 449 216 1489 1321
a 217 223 400 1353
a 223 217 400 1353
a 218 332 3601 1301
a 332 218 3601 1301
a 218 401 1858 1411
a 401 218 1858 1411
a 218 412 436 881
a 412 218 436 881
a 218 473 1808 1345
a 473 218 1808 1345
a 219 388 3833 830
a 388 219 3833 830
a 219 425 673 1081
a 425 219 673 1081
a 219 445 2129 1210
a 445 219 2129 1210
a 220 292 464 1053
a 292 220 464 1053
a 220 344 410 1195
a 344 220 410 1195
a 220 428 1076 1343
a 428 220 1076 1343
a 220 429 872 1400
a 429 220 872 1400
a 221 236 1193 1240
a 236 221 1193 1240
a 221 280 2320 1297
a 280 221 2320 1297
a 221 305 3530 845
a 305 221 3530 845
a 221 319 16276 859
a 319 221 16276 859
a 222 239 68 1117
a 239 222 68 1117
a 222 298 2285 860
a 298 222 2285 860
a 222 307 1412 1068
a 307 222 1412 1068
a 222 358 6057 1414
a 358 222 6057 1414
a 222 473 3106 1019
a 473 222 3106 1019
a 223 359 9386 1576
a 359 223 9386 1576
a 223 476 3386 874
a 476 223 3386 874
a 224 306 1010 986
a 306 224 1010 986
a 224 310 337 1221
a 310 224 337 1221
a 224 454 1193 1341
a 454 224 1193 1341
a 225 367 16724 1166
a 367 225 16724 1166
a 225 449 1730 992
a 449 225 1730 992
a 225 498 173 1178
a 498 225 173 1178
a 226 266 1370 1176
a 266 226 1370 1176
a 226 296 709 1364
a 296 226 709 1364
a 226 436 977 1262
a 436 226 977 1262
a 226 475 9040 1450
a 475 226 9040 1450
a 227 403 8425 1582
a 403 227 8425 1582
a 227 408 4292 957
a 408 227 4292 957
a 227 483 1213 1443
a 483 227 1213 1443
a 228 230 2057 1398
a 230 228 2057 1398
a 228 276 377 1531
a 276 228 377 1531
a 228 289 2690 1406
a 289 228 2690 1406
a 228 400 1697 1060
a 400 228 1697 1060
a 228 481 554 1318
a 481 228 554 1318
a 229 318 3229 848
a 318 229 3229 848
a 229 353 5938 886
a 353 229 5938 886
a 229 394 1033 1214
a 394 229 1033 1214
a 229 444 5741 1300
a 444 229 5741 1300
a 230 400 58 1569
a 400 230 58 1569
a 230 434 425 1120
a 434 230 425 1120
a 230 456 1117 898
a 456 230 1117 898
a 230 481 2545 1471
a 481 230 2545 1471
a 231 328 585 1049
a 328 231 585 1049
a 231 410 3898 1205
a 410 231 3898 1205
a 231 447 6697 1284
a 447 231 6697 1284
a 231 480 3844 1509
a 480 231 3844 1509
a 232 308 1040 1188
a 308 232 1040 1188
a 232 363 1010 886
a 363 232 1010 886
a 232 382 709 1390
a 382 232 709 1390
a 232 408 2917 899
a 408 232 2917 899
a 233 290 1405 961
a 290 233 1405 961
a 233 362 1073 960
a 362 233 1073 960
a 233 409 8069 863
a 409 233 8069 863
a 234 259 1385 1007
a 259 234 1385 1007
a 234 356 905 1421
a 356 234 905 1421
a 234 402 234 885
a 402 234 234 885
a 235 270 848 1291
a 270 235 848 1291
a 235 323 3428 844
a 323 235 3428 844
a 235 433 3362 1546
a 433 235 3362 1546
a 235 462 3050 1271
a 462 235 3050 1271
a 236 280 337 987
a 280 236 337 987
a 236 366 4050 1198
a 366 236 4050 1198
a 236 412 7240 1314
a 412 236 7240 1314
a 236 421 2637 925
a 421 236 2637 925
a 237 388 8468 1044
a 388 237 8468 1044
a 237 445 50 1011
a 445 237 50 1011
a 238 245 2097 1576
a 245 238 2097 1576
a 238 272 1873 922
a 272 238 1873 922
a 238 377 7481 818
a 377 238 7481 818
a 238 415 180 1465
a 415 238 180 1465
a 238 467 9466 1096
a 467 238 9466 1096
a 239 307 1360 1385
a 307 239 1360 1385
a 239 443 4160 1428
a 443 239 4160 1428
a 239 484 3370 874
a 484 239 3370 874
a 240 260 1369 1153
a 260 240 1369 1153
a 240 424 5090 1041
a 424 240 5090 1041
a 240 438 845 1038
a 438 240 845 1038
a 240 456 325 1428
a 456 240 325 1428
a 241 327 373 1250
a 327 241 373 1250
a 241 385 2000 1240
a 385 241 2000 1240
a 241 446 221 1303
a 446 241 221 1303
a 242 247 2768 1290
a 247 242 2768 1290
a 242 444 1469 1135
a 444 242 1469 1135
a 242 487 1805 1288
a 487 242 1805 1288
a 243 336 208 1548
a 336 243 208 1548
a 244 285 1322 1106
a 285 244 1322 1106
a 244 314 10388 1485
a 314 244 10388 1485
a 244 340 1332 1202
a 340 244 1332 1202
a 245 415 1233 858
a 415 245 1233 858
a 245 467 3145 806
a 467 245 3145 806
a 246 299 2402 851
a 299 246 2402 851
a 247 255 55240 1133
a 255 247 55240 1133
a 247 324 7129 1461
a 324 247 7129 1461
a 247 336 155461 1376
a 336 247 155461 1376
a 247 342 29429 1210
a 342 247 29429 1210
a 247 394 26269 1551
a 394 247 26269 1551
a 247 432 4264 1558
a 432 247 4264 1558
a 247 444 7925 1068
a 444 247 7925 1068
a 247 487 925 1330
a 487 247 925 1330
a 247 495 1186 1451
a 495 247 1186 1451
a 248 268 901 1405
a 268 248 901 1405
a 248 269 2349 1531
a 269 248 2349 1531
a 248 367 5114 1501
a 367 248 5114 1501
a 248 404 3825 1072
a 404 248 3825 1072
a 248 407 200 1191
a 407 248 200 1191
a 249 316 8612 1331
a 316 249 8612 1331
a 249 386 3977 1217
a 386 249 3977 1217
a 249 443 2941 1594
a 443 249 2941 1594
a 250 417 196 914
a 417 250 196 914
a 250 472 4121 1140
a 472 250 4121 1140
a 250 480 6037 1380
a 480 250 6037 1380
a 250 499 4849 1086
a 499 250 4849 1086
a 251 256 296 811
a 256 251 296 811
a 251 324 4553 1268
a 324 251 4553 1268
a 252 404 829 1401
a 404 252 829 1401
a 252 491 1538 1586
a 491 252 1538 1586
a 253 316 2692 1328
a 316 253 2692 1328
a 253 363 449 1408
a 363 253 449 1408
a 253 371 533 1180
a 371 253 533 1180
a 253 430 3761 986
a 430 253 3761 986
a 253 441 520 1194
a 441 253 520 1194
a 254 402 137 879
a 402 254 137 879
a 255 274 5354 1529
a 274 255 5354 1529
a 255 336 25649 1399
a 336 255 25649 1399
a 255 342 4097 1391
a 342 255 4097 1391
a 255 474 5353 1233
a 474 255 5353 1233
a 256 479 18965 1021
a 479 256 18965 1021
a 257 346 2529 1274
a 346 257 2529 1274
a 257 368 3393 1575
a 368 257 3393 1575
a 258 263 3545 1504
a 263 258 3545 1504
a 258 299 7240 1236
a 299 258 7240 1236
a 258 323 6948 1346
a 323 258 6948 1346
a 258 437 3386 1543
a 437 258 3386 1543
a 259 355 820 1571
a 355 259 820 1571
a 259 356 1466 1582
a 356 259 1466 1582
a 259 402 1961 1290
a 402 259 1961 1290
a 259 494 2320 1500
a 494 259 2320 1500
a 260 385 6093 1525
a 385 260 6093 1525
a 260 394 33892 1262
a 394 260 33892 1262
a 260 424 11261 1156
a 424 260 11261 1156
a 260 438 706 922
a 438 260 706 922
a 260 446 436 1287
a 446 260 436 1287
a 261 277 5210 1569
a 277 261 5210 1569
a 261 283 3505 1252
a 283 261 3505 1252
a 261 335 4196 973
a 335 261 4196 973
a 261 380 1585 1183
a 380 261 1585 1183
a 261 467 36 1273
a 467 261 36 1273
a 262 267 1405 965
a 267 262 1405 965
a 262 452 2890 1460
a 452 262 2890 1460
a 262 478 2960 1323
a 478 262 2960 1323
a 263 323 2669 1490
a 323 263 2669 1490
a 263 433 1649 1384
a 433 263 1649 1384
a 264 318 144 1301
a 318 264 144 1301
a 264 353 1125 1283
a 353 264 1125 1283
a 264 390 2069 1589
a 390 264 2069 1589
a 264 431 2393 999
a 431 264 2393 999
a 265 272 845 1475
a 272 265 845 1475
a 265 303 685 1150
a 303 265 685 1150
a 265 336 2341 929
a 336 265 2341 929
a 266 278 1360 1359
a 278 266 1360 1359
a 266 296 1937 1040
a 296 266 1937 1040
a 266 297 661 1405
a 297 266 661 1405
a 266 426 1440 1597
a 426 266 1440 1597
a 267 343 1576 1557
a 343 267 1576 1557
a 267 478 709 1176
a 478 267 709 1176
a 268 407 265 1133
a 407 268 265 1133
a 268 475 4777 1312
a 475 268 4777 1312
a 269 407 2873 823
a 407 269 2873 823
a 269 427 4100 1448
a 427 269 4100 1448
a 270 323 7396 813
a 323 270 7396 813
a 270 334 4049 1282
a 334 270 4049 1282
a 270 413 4474 895
a 413 270 4474 895
a 270 462 2482 852
a 462 270 2482 852
a 271 328 5769 1186
a 328 271 5769 1186
a 271 334 2965 1383
a 334 271 2965 1383
a 271 373 4537 1040
a 373 271 4537 1040
a 271 392 4589 1422
a 392 271 4589 1422
a 272 274 1109 1262
a 274 272 1109 1262
a 272 303 674 1041
a 303 272 674 1041
a 272 377 5650 1413
a 377 272 5650 1413
a 273 410 3978 1374
a 410 273 3978 1374
a 273 461 178 1337
a 461 273 178 1337
a 273 469 1780 1377
a 469 273 1780 1377
a 273 488 265 1217
a 488 273 265 1217
a 274 303 225 1156
a 303 274 225 1156
a 274 336 7713 1313
a 336 274 7713 1313
a 274 474 6085 1411
a 474 274 6085 1411
a 275 389 765 938
a 389 275 765 938
a 275 459 1088 1390
a 459 275 1088 1390
a 275 480 1105 979
a 480 275 1105 979
a 276 289 3601 1487
a 289 276 3601 1487
a 276 295 2153 1545
a 295 276 2153 1545
a 276 353 11236 876
a 353 276 11236 876
a 276 361 1285 1336
a 361 276 1285 1336
a 276 378 4900 1088
a 378 276 4900 1088
a 277 314 2196 1107
a 314 277 2196 1107
a 277 335 2074 823
a 335 277 2074 823
a 277 340 4628 839
a 340 277 4628 839
a 277 479 1933 1039
a 479 277 1933 1039
a 278 297 317 929
a 297 278 317 929
a 278 339 3609 1098
a 339 278 3609 1098
a 278 404 2925 826
a 404 278 2925 826
a 279 302 493 1247
a 302 279 493 1247
a 279 369 740 854
a 369 279 740 854
a 279 488 4553 1065
a 488 279 4553 1065
a 280 305 2050 1228
a 305 280 2050 1228
a 280 397 1525 1566
a 397 280 1525 1566
a 280 421 1234 1427
a 421 280 1234 1427
a 281 346 5800 1169
a 346 281 5800 1169
a 281 347 282010 805
a 347 281 282010 805
a 281 375 9461 968
a 375 281 9461 968
a 281 483 54314 1391
a 483 281 54314 1391
a 282 287 821 1077
a 287 282 821 1077
a 282 411 386 1409
a 411 282 386 1409
a 282 435 386 976
a 435 282 386 976
a 284 291 4021 980
a 291 284 4021 980
a 284 299 2612 912
a 299 284 2612 912
a 284 372 1049 937
a 372 284 1049 937
a 284 440 5521 1356
a 440 284 5521 1356
a 284 486 2564 1097
a 486 284 2564 1097
a 285 310 4477 1385
a 310 285 4477 1385
a 285 315 3332 850
a 315 285 3332 850
a 285 340 4394 1224
a 340 285 4394 1224
a 285 476 1908 847
a 476 285 1908 847
a 286 311 1017 1379
a 311 286 1017 1379
a 286 341 1069 935
a 341 286 1069 935
a 286 421 1865 1561
a 421 286 1865 1561
a 287 322 425 1096
a 322 287 425 1096
a 287 411 117 1577
a 411 287 117 1577
a 287 497 533 1586
a 497 287 533 1586
a 288 295 1090 1488
a 295 288 1090 1488
a 288 364 1378 1342
a 364 288 1378 1342
a 288 378 629 1493
a 378 288 629 1493
a 288 448 1625 1472
a 448 288 1625 1472
a 289 378 8361 1103
a 378 289 8361 1103
a 289 400 505 1550
a 400 289 505 1550
a 289 424 2173 897
a 424 289 2173 897
a 289 434 208 1278
a 434 289 208 1278
a 290 358 14596 835
a 358 290 14596 835
a 290 362 1556 1066
a 362 290 1556 1066
a 290 374 3042 996
a 374 290 3042 996
a 291 299 7465 1387
a 299 291 7465 1387
a 291 405 281 1293
a 405 291 281 1293
a 291 486 3485 1435
a 486 291 3485 1435
a 292 357 3769 1149
a 357 292 3769 1149
a 292 428 1924 974
a 428 292 1924 974
a 292 429 2600 1598
a 429 292 2600 1598
a 292 467 4624 1243
a 467 292 4624 1243
a 293 384 1586 898
a 384 293 1586 898
a 293 423 87625 800
a 423 293 87625 800
a 293 439 2952 953
a 439 293 2952 953
a 293 452 7025 1029
a 452 293 7025 1029
a 293 478 31693 1484
a 478 293 31693 1484
a 294 312 530 1165
a 312 294 530 1165
a 294 317 538 1446
a 317 294 538 1446
a 294 330 338 1554
a 330 294 338 1554
a 294 426 1352 1421
a 426 294 1352 1421
a 295 361 1780 1314
a 361 295 1780 1314
a 295 448 365 841
a 448 295 365 841
a 297 339 2312 1498
a 339 297 2312 1498
a 297 426 2269 1106
a 426 297 2269 1106
a 298 307 153 1347
a 307 298 153 1347
a 298 358 2930 1355
a 358 298 2930 1355
a 299 372 585 1069
a 372 299 585 1069
a 299 437 11402 1446
a 437 299 11402 1446
a 299 440 8345 932
a 440 299 8345 932
a 299 475 11177 1570
a 475 299 11177 1570
a 300 323 7146 1577
a 323 300 7146 1577
a 300 387 4121 1063
a 387 300 4121 1063
a 300 422 68 1479
a 422 300 68 1479
a 300 436 212 1480
a 436 300 212 1480
a 301 317 17 1083
a 317 301 17 1083
a 301 379 4625 1064
a 379 301 4625 1064
a 301 469 2320 1260
a 469 301 2320 1260
a 302 369 505 1430
a 369 302 505 1430
a 302 463 757 957
a 463 302 757 957
a 303 336 5328 1147
a 336 303 5328 1147
a 304 376 3650 1343
a 376 304 3650 1343
a 304 443 6322 929
a 443 304 6322 929
a 304 485 650 1054
a 485 304 650 1054
a 304 492 841 817
a 492 304 841 817
a 305 313 2897 1421
a 313 305 2897 1421
a 305 397 45 1313
a 397 305 45 1313
a 305 429 3250 1567
a 429 305 3250 1567
a 306 354 14081 1488
a 354 306 14081 1488
a 306 392 11125 1005
a 392 306 11125 1005
a 306 454 4005 1432
a 454 306 4005 1432
a 307 374 2257 1232
a 374 307 2257 1232
a 307 443 9040 848
a 443 307 9040 848
a 308 363 538 1062
a 363 308 538 1062
a 308 371 730 1532
a 371 308 730 1532
a 308 382 205 1162
a 382 308 205 1162
a 308 477 117 855
a 477 308 117 855
a 309 399 256 1570
a 399 309 256 1570
a 309 476 3301 1314
a 476 309 3301 1314
a 310 315 725 1594
a 315 310 725 1594
a 310 393 21925 1549
a 393 310 21925 1549
a 311 335 1508 1263
a 335 311 1508 1263
a 311 341 202 942
a 341 311 202 942
a 312 387 130 803
a 387 312 130 803
a 312 413 3265 1249
a 413 312 3265 1249
a 313 418 5450 1446
a 418 313 5450 1446
a 313 429 1013 1369
a 429 313 1013 1369
a 314 393 7618 1081
a 393 314 7618 1081
a 314 479 673 906
a 479 314 673 906
a 316 386 5353 948
a 386 316 5353 948
a 316 403 4761 1568
a 403 316 4761 1568
a 316 441 1476 1443
a 441 316 1476 1443
a 318 431 3305 1201
a 431 318 3305 1201
a 318 444 8090 900
a 444 318 8090 900
a 318 495 15805 1029
a 495 318 15805 1029
a 319 358 340 1133
a 358 319 340 1133
a 319 366 2353 1345
a 366 319 2353 1345
a 320 343 45 1595
a 343 320 45 1595
a 320 395 538 1116
a 395 320 538 1116
a 320 427 1636 816
a 427 320 1636 816
a 321 398 2056 971
a 398 321 2056 971
a 321 406 1277 1321
a 406 321 1277 1321
a 322 411 242 835
a 411 322 242 835
a 322 414 1381 1519
a 414 322 1381 1519
a 322 430 1937 1282
a 430 322 1937 1282
a 322 472 2504 1041
a 472 322 2504 1041
a 322 497 808 1408
a 497 322 808 1408
a 323 433 3978 1011
a 433 323 3978 1011
a 324 342 8116 1241
a 342 324 8116 1241
a 324 432 1125 1576
a 432 324 1125 1576
a 325 375 1557 814
a 375 325 1557 814
a 325 463 1937 1275
a 463 325 1937 1275
a 325 471 685 967
a 471 325 685 967
a 326 353 5584 1197
a 353 326 5584 1197
a 326 364 4229 1491
a 364 326 4229 1491
a 326 390 8026 1169
a 390 326 8026 1169
a 326 448 2420 917
a 448 326 2420 917
a 327 329 2074 1070
a 329 327 2074 1070
a 327 385 2045 1145
a 385 327 2045 1145
a 328 373 2482 1537
a 373 328 2482 1537
a 328 379 3394 1032
a 379 328 3394 1032
a 329 349 113 853
a 349 329 113 853
a 329 456 5690 1070
a 456 329 5690 1070
a 329 457 2221 856
a 457 329 2221 856
a 330 339 4105 1218
a 339 330 4105 1218
a 330 426 338 1506
a 426 330 338 1506
a 331 351 58 1134
a 351 331 58 1134
a 331 367 657 1476
a 367 331 657 1476
a 332 396 3725 937
a 396 332 3725 937
a 332 401 3065 1590
a 401 332 3065 1590
a 332 473 3233 1421
a 473 332 3233 1421
a 333 354 221 1354
a 354 333 221 1354
a 333 416 1600 883
a 416 333 1600 883
a 335 341 1202 944
a 341 335 1202 944
a 335 357 4753 1287
a 357 335 4753 1287
a 335 380 949 931
a 380 335 949 931
a 337 361 905 1320
a 361 337 905 1320
a 337 458 1889 1190
a 458 337 1889 1190
a 338 349 1945 1421
a 349 338 1945 1421
a 338 437 3497 846
a 437 338 3497 846
a 338 481 3690 859
a 481 338 3690 859
a 339 404 9864 964
a 404 339 9864 964
a 339 426 2857 1278
a 426 339 2857 1278
a 339 461 1172 947
a 461 339 1172 947
a 339 469 1714 1440
a 469 339 1714 1440
a 339 488 637 940
a 488 339 637 940
a 340 396 3737 1461
a 396 340 3737 1461
a 341 357 1937 1094
a 357 341 1937 1094
a 343 395 877 904
a 395 343 877 904
a 343 427 1849 1318
a 427 343 1849 1318
a 343 478 2529 1024
a 478 343 2529 1024
a 343 489 3589 1403
a 489 343 3589 1403
a 344 418 1261 1325
a 418 344 1261 1325
a 344 428 362 1250
a 428 344 362 1250
a 344 429 490 876
a 429 344 490 876
a 345 450 701 830
a 450 345 701 830
a 345 475 769 879
a 475 345 769 879
a 345 482 178 1294
a 482 345 178 1294
a 347 376 4520 856
a 376 347 4520 856
a 347 403 32464 1353
a 403 347 32464 1353
a 347 409 1709 1421
a 409 347 1709 1421
a 347 483 88808 1553
a 483 347 88808 1553
a 348 390 9938 861
a 390 348 9938 861
a 348 416 442 1439
a 416 348 442 1439
a 349 437 10000 1149
a 437 349 10000 1149
a 349 457 1418 1377
a 457 349 1418 1377
a 350 489 1097 1591
a 489 350 1097 1591
a 351 367 733 1258
a 367 351 733 1258
a 352 388 773 1334
a 388 352 773 1334
a 352 393 2650 1322
a 393 352 2650 1322
a 353 364 533 897
a 364 353 533 897
a 353 378 1296 938
a 378 353 1296 938
a 353 390 3554 1277
a 390 353 3554 1277
a 354 470 1341 1206
a 470 354 1341 1206
a 355 356 538 1303
a 356 355 538 1303
a 355 389 2164 1517
a 389 355 2164 1517
a 355 465 1000 884
a 465 355 1000 884
a 355 494 1508 1376
a 494 355 1508 1376
a 356 408 2682 1472
a 408 356 2682 1472
a 357 496 157 1070
a 496 357 157 1070
a 358 412 2357 1023
a 412 358 2357 1023
a 358 473 6445 1030
a 473 358 6445 1030
a 359 473 373 1598
a 473 359 373 1598
a 359 484 5513 1306
a 484 359 5513 1306
a 360 369 244 1046
a 369 360 244 1046
a 360 375 2210 1489
a 375 360 2210 1489
a 360 463 1828 1099
a 463 360 1828 1099
a 360 498 2762 1079
a 498 360 2762 1079
a 361 448 3425 1240
a 448 361 3425 1240
a 361 458 928 1076
a 458 361 928 1076
a 362 374 1970 979
a 374 362 1970 979
a 362 464 3898 912
a 464 362 3898 912
a 362 485 2725 1598
a 485 362 2725 1598
a 363 371 200 1500
a 371 363 200 1500
a 363 441 421 1242
a 441 363 421 1242
a 364 378 245 1399
a 378 364 245 1399
a 364 448 3613 1469
a 448 364 3613 1469
a 365 398 4250 1199
a 398 365 4250 1199
a 365 406 585 927
a 406 365 585 927
a 366 412 2722 1163
a 412 366 2722 1163
a 367 419 4205 1070
a 419 367 4205 1070
a 367 452 10453 1124
a 452 367 10453 1124
a 367 498 19485 1539
a 498 367 19485 1539
a 368 398 848 1239
a 398 368 848 1239
a 369 463 1224 1439
a 463 369 1224 1439
a 370 453 1073 849
a 453 370 1073 849
a 370 468 14225 1464
a 468 370 14225 1464
a 370 486 4714 1568
a 486 370 4714 1568
a 371 430 2410 1389
a 430 371 2410 1389
a 371 477 793 859
a 477 371 793 859
a 372 391 116 1319
a 391 372 116 1319
a 373 383 3140 1266
a 383 373 3140 1266
a 373 392 1412 862
a 392 373 1412 862
a 374 485 1553 924
a 485 374 1553 924
a 375 463 1754 1434
a 463 375 1754 1434
a 375 471 2320 1148
a 471 375 2320 1148
a 376 386 7508 1227
a 386 376 7508 1227
a 376 403 26632 1596
a 403 376 26632 1596
a 376 409 3033 1028
a 409 376 3033 1028
a 376 464 1385 988
a 464 376 1385 988
a 376 492 1069 1531
a 492 376 1069 1531
a 377 442 365 1136
a 442 377 365 1136
a 377 455 3016 1065
a 455 377 3016 1065
a 377 467 17477 1171
a 467 377 17477 1171
a 379 410 8861 1247
a 410 379 8861 1247
a 379 469 7585 1328
a 469 379 7585 1328
a 381 389 1017 1148
a 389 381 1017 1148
a 381 459 2138 1241
a 459 381 2138 1241
a 381 460 612 1317
a 460 381 612 1317
a 381 465 185 863
a 465 381 185 863
a 381 494 109 1248
a 494 381 109 1248
a 382 408 1280 987
a 408 382 1280 987
a 382 477 484 1250
a 477 382 484 1250
a 382 499 484 961
a 499 382 484 961
a 383 472 2925 1022
a 472 383 2925 1022
a 383 480 9665 1372
a 480 383 9665 1372
a 383 497 3229 862
a 497 383 3229 862
a 384 419 7589 1115
a 419 384 7589 1115
a 384 439 2066 1109
a 439 384 2066 1109
a 384 466 98 1360
a 466 384 98 1360
a 384 490 1450 1221
a 490 384 1450 1221
a 385 446 3373 823
a 446 385 3373 823
a 385 468 11065 1573
a 468 385 11065 1573
a 385 493 5120 1524
a 493 385 5120 1524
a 386 443 7880 1382
a 443 386 7880 1382
a 387 413 3649 1190
a 413 387 3649 1190
a 387 426 1312 1074
a 426 387 1312 1074
a 388 393 941 907
a 393 388 941 907
a 389 459 1805 1480
a 459 389 1805 1480
a 389 465 1124 1472
a 465 389 1124 1472
a 390 431 180 1527
a 431 390 180 1527
a 392 454 4450 1219
a 454 392 4450 1219
a 394 424 6205 1560
a 424 394 6205 1560
a 394 444 5338 1233
a 444 394 5338 1233
a 395 427 2210 1048
a 427 395 2210 1048
a 395 450 953 828
a 450 395 953 828
a 395 482 1696 1122
a 482 395 1696 1122
a 395 489 1962 805
a 489 395 1962 805
a 396 401 10660 1536
a 401 396 10660 1536
a 396 476 3881 1444
a 476 396 3881 1444
a 397 421 3133 1543
a 421 397 3133 1543
a 397 496 941 1098
a 496 397 941 1098
a 398 406 4985 886
a 406 398 4985 886
a 399 454 5364 1143
a 454 399 5364 1143
a 399 497 5525 1170
a 497 399 5525 1170
a 400 434 337 1070
a 434 400 337 1070
a 401 412 2930 998
a 412 401 2930 998
a 401 421 1157 1435
a 421 401 1157 1435
a 403 483 14024 1241
a 483 403 14024 1241
a 404 491 925 1103
a 491 404 925 1103
a 405 486 2834 1560
a 486 405 2834 1560
a 406 490 1277 1225
a 490 406 1277 1225
a 407 427 2705 1220
a 427 407 2705 1220
a 407 475 6714 974
a 475 407 6714 974
a 408 499 356 1178
a 499 408 356 1178
a 409 464 2372 1361
a 464 409 2372 1361
a 410 447 965 921
a 447 410 965 921
a 410 469 6514 1495
a 469 410 6514 1495
a 412 421 6481 1435
a 421 412 6481 1435
a 414 430 1000 1434
a 430 414 1000 1434
a 414 435 5 1586
a 435 414 5 1586
a 415 474 785 892
a 474 415 785 892
a 416 462 4762 1036
a 462 416 4762 1036
a 417 430 5668 1308
a 430 417 5668 1308
a 417 472 3757 906
a 472 417 3757 906
a 418 428 445 1404
a 428 418 445 1404
a 418 429 2745 1241
a 429 418 2745 1241
a 418 455 1268 1054
a 455 418 1268 1054
a 419 452 2420 1349
a 452 419 2420 1349
a 420 447 1746 1175
a 447 420 1746 1175
a 420 480 313 939
a 480 420 313 939
a 422 436 272 1364
a 436 422 272 1364
a 425 432 2117 1173
a 432 425 2117 1173
a 425 445 4820 1307
a 445 425 4820 1307
a 425 495 7605 944
a 495 425 7605 944
a 427 450 1845 1323
a 450 427 1845 1323
a 427 475 1913 1103
a 475 427 1913 1103
a 430 472 5877 1564
a 472 430 5877 1564
a 430 477 3825 1492
a 477 430 3825 1492
a 431 445 9005 1204
a 445 431 9005 1204
a 431 495 14500 844
a 495 431 14500 844
a 432 495 4346 984
a 495 432 4346 984
a 433 448 4352 1315
a 448 433 4352 1315
a 433 462 4688 1572
a 462 433 4688 1572
a 437 440 4493 802
a 440 437 4493 802
a 438 446 1202 894
a 446 438 1202 894
a 438 456 260 1456
a 456 438 260 1456
a 439 490 1936 1571
a 490 439 1936 1571
a 440 451 488 1591
a 451 440 488 1591
a 442 455 3545 979
a 455 442 3545 979
a 443 484 442 1409
a 484 443 442 1409
a 445 495 10805 1257
a 495 445 10805 1257
a 447 459 1746 1506
a 459 447 1746 1506
a 449 498 1017 1107
a 498 449 1017 1107
a 450 475 290 1167
a 475 450 290 1167
a 450 482 593 1268
a 482 450 593 1268
a 451 453 6980 1327
a 453 451 6980 1327
a 451 457 4241 1158
a 457 451 4241 1158
a 451 468 19730 1528
a 468 451 19730 1528
a 452 478 11074 1493
a 478 452 11074 1493
a 456 481 5096 1432
a 481 456 5096 1432
a 457 468 10789 1159
a 468 457 10789 1159
a 458 481 738 1064
a 481 458 738 1064
a 459 463 5581 831
a 463 459 5581 831
a 459 480 2977 1405
a 480 459 2977 1405
a 460 494 985 1171
a 494 460 985 1171
a 461 469 842 1301
a 469 461 842 1301
a 461 488 269 1290
a 488 461 269 1290
a 464 485 2617 1494
a 485 464 2617 1494
a 464 492 482 831
a 492 464 482 831
a 465 494 68 907
a 494 465 68 907
a 466 490 848 926
a 490 466 848 926
a 468 493 1145 915
a 493 468 1145 915
a 472 497 1600 1207
a 497 472 1600 1207
a 477 499 968 850
a 499 477 968 850
a 478 489 4450 1285
a 489 478 4450 1285
a 482 489 3706 1156
a 489 482 3706 1156
a 487 495 17 840
a 495 487 17 840
a 491 498 6929 1299
a 498 491 6929 1299
