c multi commodity flow
c planar150
c
c problem vertices edges commodities
p mcf 150 850 2239
c
c origin destination demand
k 0 11 5
k 0 24 11
k 0 28 12
k 0 34 10
k 0 39 5
k 0 75 12
k 0 84 7
k 0 93 9
k 0 105 6
k 0 107 11
k 0 125 13
k 0 131 5
k 0 133 8
k 0 143 9
k 1 8 11
k 1 19 10
k 1 39 11
k 1 40 5
k 1 46 11
k 1 52 6
k 1 61 5
k 1 63 5
k 1 64 5
k 1 109 11
k 1 114 7
k 1 120 3
k 1 125 11
k 1 127 9
k 1 128 4
k 1 137 7
k 1 141 12
k 1 146 7
k 2 0 10
k 2 8 3
k 2 9 8
k 2 18 7
k 2 49 9
k 2 54 4
k 2 64 10
k 2 68 4
k 2 94 5
k 2 97 5
k 2 107 6
k 3 0 7
k 3 7 3
k 3 9 3
k 3 11 13
k 3 28 3
k 3 48 10
k 3 66 12
k 3 68 5
k 3 71 9
k 3 72 7
k 3 77 3
k 3 80 4
k 3 113 3
k 3 128 8
k 3 131 12
k 3 132 12
k 4 12 13
k 4 13 12
k 4 36 13
k 4 45 7
k 4 51 9
k 4 64 10
k 4 74 9
k 4 75 13
k 4 85 9
k 4 100 6
k 4 108 5
k 4 112 11
k 4 122 11
k 4 123 11
k 4 127 9
k 5 3 8
k 5 7 3
k 5 9 6
k 5 23 6
k 5 77 3
k 5 83 5
k 5 86 11
k 5 89 6
k 5 91 4
k 5 93 5
k 5 100 7
k 5 109 9
k 5 117 11
k 5 120 3
k 5 121 7
k 5 126 13
k 5 129 11
k 5 148 6
k 6 14 8
k 6 24 4
k 6 40 9
k 6 60 13
k 6 70 7
k 6 87 11
k 6 98 6
k 6 112 4
k 6 113 10
k 6 131 7
k 6 135 6
k 6 140 5
k 7 17 13
k 7 18 5
k 7 32 4
k 7 58 7
k 7 65 8
k 7 66 11
k 7 67 13
k 7 76 3
k 7 102 4
k 7 104 4
k 7 119 7
k 7 123 13
k 7 138 13
k 7 139 13
k 7 144 9
k 7 148 9
k 8 5 5
k 8 10 11
k 8 24 8
k 8 36 9
k 8 39 6
k 8 67 10
k 8 88 12
k 8 101 7
k 8 104 13
k 8 107 3
k 8 108 5
k 8 112 5
k 8 114 11
k 8 120 5
k 8 124 13
k 8 125 6
k 8 126 7
k 9 7 6
k 9 15 9
k 9 20 3
k 9 23 10
k 9 24 4
k 9 41 6
k 9 45 13
k 9 48 10
k 9 49 5
k 9 91 8
k 9 114 7
k 9 124 5
k 9 128 8
k 9 136 12
k 9 149 4
k 10 9 6
k 10 16 8
k 10 20 7
k 10 46 11
k 10 69 11
k 10 78 4
k 10 93 9
k 10 110 3
k 10 115 3
k 10 117 3
k 10 129 11
k 10 134 6
k 10 135 3
k 10 145 9
k 11 5 9
k 11 8 4
k 11 36 4
k 11 44 13
k 11 48 9
k 11 53 13
k 11 59 8
k 11 66 4
k 11 83 9
k 11 86 12
k 11 140 3
k 11 142 4
k 11 145 12
k 12 2 8
k 12 7 9
k 12 20 6
k 12 21 8
k 12 36 4
k 12 39 7
k 12 72 9
k 12 80 8
k 12 82 3
k 12 98 5
k 12 112 12
k 12 123 13
k 12 128 5
k 12 143 5
k 12 144 4
k 13 17 4
k 13 31 8
k 13 32 13
k 13 33 10
k 13 38 6
k 13 44 5
k 13 45 13
k 13 50 3
k 13 81 7
k 13 87 4
k 13 99 13
k 13 102 11
k 13 113 7
k 13 122 8
k 13 125 6
k 13 127 4
k 13 139 3
k 14 2 5
k 14 37 8
k 14 51 8
k 14 53 13
k 14 60 4
k 14 68 9
k 14 70 12
k 14 123 3
k 14 146 10
k 15 1 10
k 15 25 5
k 15 32 5
k 15 39 8
k 15 62 6
k 15 74 6
k 15 92 8
k 15 95 9
k 15 100 8
k 15 102 13
k 15 105 3
k 15 118 8
k 15 126 13
k 15 129 10
k 15 133 11
k 15 144 13
k 16 1 3
k 16 9 10
k 16 10 12
k 16 14 8
k 16 18 10
k 16 20 11
k 16 21 3
k 16 22 4
k 16 26 9
k 16 29 7
k 16 37 10
k 16 39 12
k 16 42 4
k 16 55 12
k 16 70 8
k 16 77 11
k 16 98 7
k 16 99 9
k 16 101 5
k 16 107 6
k 16 110 9
k 17 16 7
k 17 21 13
k 17 24 6
k 17 40 10
k 17 44 12
k 17 53 6
k 17 62 12
k 17 67 7
k 17 72 5
k 17 98 6
k 17 122 4
k 17 128 12
k 18 15 8
k 18 20 4
k 18 28 11
k 18 51 6
k 18 63 3
k 18 89 4
k 18 119 4
k 18 121 8
k 18 126 3
k 18 129 8
k 18 130 8
k 18 131 8
k 18 135 5
k 19 9 9
k 19 39 4
k 19 42 5
k 19 46 13
k 19 51 12
k 19 73 5
k 19 82 10
k 19 84 10
k 19 106 11
k 19 110 11
k 19 118 3
k 19 121 8
k 19 124 4
k 19 128 13
k 19 135 10
k 19 142 12
k 19 144 7
k 20 13 3
k 20 17 13
k 20 33 13
k 20 39 9
k 20 52 3
k 20 54 3
k 20 73 7
k 20 88 10
k 20 91 10
k 20 102 9
k 20 106 13
k 20 109 8
k 20 114 13
k 20 126 10
k 20 127 6
k 20 131 8
k 20 141 3
k 20 144 6
k 20 145 10
k 20 146 11
k 21 8 13
k 21 11 5
k 21 15 10
k 21 23 8
k 21 24 7
k 21 62 11
k 21 72 10
k 21 82 13
k 21 92 3
k 21 96 3
k 21 98 3
k 21 114 5
k 21 117 5
k 21 123 10
k 21 145 10
k 22 21 9
k 22 35 3
k 22 44 4
k 22 69 7
k 22 78 5
k 22 79 13
k 22 88 3
k 22 103 7
k 22 132 11
k 22 138 7
k 23 10 12
k 23 33 8
k 23 50 10
k 23 56 5
k 23 63 10
k 23 64 13
k 23 65 3
k 23 74 4
k 23 85 6
k 23 107 9
k 23 111 6
k 23 113 8
k 23 115 11
k 23 118 11
k 23 132 12
k 23 134 3
k 23 135 6
k 23 144 6
k 23 146 4
k 24 5 12
k 24 18 13
k 24 29 9
k 24 34 3
k 24 40 10
k 24 43 5
k 24 45 3
k 24 49 13
k 24 52 12
k 24 56 10
k 24 69 7
k 24 93 3
k 24 107 3
k 24 108 9
k 24 117 12
k 24 131 4
k 24 132 12
k 24 141 5
k 24 147 13
k 25 0 7
k 25 1 13
k 25 8 4
k 25 43 11
k 25 88 6
k 25 97 11
k 25 109 9
k 25 121 3
k 25 138 12
k 25 140 12
k 25 141 5
k 25 146 10
k 26 0 10
k 26 6 11
k 26 21 5
k 26 29 5
k 26 36 4
k 26 46 12
k 26 51 7
k 26 76 4
k 26 84 8
k 26 85 6
k 26 88 9
k 26 100 3
k 26 104 5
k 26 131 7
k 26 144 8
k 27 13 5
k 27 14 9
k 27 15 12
k 27 22 9
k 27 26 13
k 27 46 12
k 27 52 11
k 27 58 5
k 27 76 5
k 27 85 5
k 27 87 3
k 27 90 6
k 27 98 5
k 27 103 12
k 27 109 13
k 27 112 8
k 27 113 6
k 27 128 9
k 27 130 6
k 27 133 10
k 27 134 8
k 27 138 5
k 27 147 5
k 28 3 6
k 28 6 8
k 28 16 13
k 28 22 7
k 28 51 12
k 28 62 3
k 28 63 4
k 28 70 13
k 28 71 3
k 28 78 5
k 28 101 5
k 28 109 4
k 28 110 6
k 28 112 13
k 28 118 10
k 28 120 5
k 28 128 7
k 28 143 5
k 29 36 11
k 29 39 10
k 29 44 7
k 29 47 8
k 29 61 11
k 29 63 5
k 29 93 8
k 29 106 5
k 29 113 7
k 29 128 3
k 29 131 7
k 29 139 8
k 30 5 10
k 30 8 5
k 30 13 6
k 30 15 7
k 30 19 13
k 30 27 5
k 30 32 4
k 30 34 3
k 30 37 9
k 30 42 6
k 30 44 8
k 30 50 3
k 30 55 8
k 30 61 5
k 30 63 7
k 30 121 3
k 30 122 5
k 30 139 7
k 30 140 7
k 30 146 12
k 31 6 5
k 31 53 10
k 31 68 10
k 31 90 9
k 31 91 6
k 31 97 4
k 31 99 13
k 31 102 11
k 31 103 6
k 31 106 8
k 31 110 12
k 31 119 5
k 31 127 4
k 31 133 13
k 32 1 13
k 32 19 13
k 32 26 3
k 32 36 3
k 32 37 13
k 32 59 12
k 32 63 13
k 32 87 3
k 32 88 10
k 32 92 9
k 32 106 11
k 32 110 4
k 32 132 3
k 32 141 9
k 33 60 7
k 33 65 6
k 33 77 5
k 33 83 3
k 33 92 13
k 33 120 5
k 33 137 11
k 33 148 4
k 34 3 4
k 34 13 10
k 34 17 10
k 34 19 9
k 34 28 10
k 34 39 11
k 34 40 6
k 34 46 13
k 34 70 12
k 34 89 5
k 34 98 13
k 34 129 7
k 34 132 7
k 34 136 3
k 34 137 12
k 35 12 13
k 35 19 4
k 35 22 7
k 35 24 8
k 35 34 8
k 35 37 11
k 35 39 13
k 35 50 6
k 35 52 9
k 35 53 12
k 35 58 7
k 35 70 12
k 35 71 3
k 35 87 3
k 35 105 11
k 35 111 4
k 35 124 4
k 35 148 8
k 35 149 7
k 36 16 4
k 36 19 12
k 36 22 12
k 36 23 5
k 36 28 5
k 36 32 6
k 36 42 6
k 36 43 9
k 36 58 5
k 36 59 9
k 36 77 13
k 36 78 7
k 36 91 4
k 36 94 11
k 36 107 4
k 36 114 10
k 36 139 6
k 36 145 12
k 36 149 3
k 37 3 12
k 37 12 7
k 37 13 8
k 37 18 6
k 37 21 13
k 37 34 12
k 37 50 13
k 37 63 6
k 37 74 5
k 37 75 4
k 37 77 7
k 37 80 13
k 37 105 11
k 37 119 3
k 37 124 7
k 37 128 11
k 37 138 8
k 38 9 5
k 38 24 7
k 38 26 9
k 38 27 6
k 38 28 3
k 38 40 8
k 38 52 8
k 38 57 7
k 38 58 7
k 38 80 8
k 38 106 7
k 38 108 3
k 38 118 4
k 38 123 3
k 38 124 9
k 38 138 8
k 38 146 9
k 39 1 3
k 39 22 6
k 39 28 11
k 39 30 13
k 39 32 10
k 39 47 5
k 39 54 3
k 39 62 13
k 39 115 13
k 39 120 10
k 39 130 12
k 39 131 12
k 39 138 10
k 39 144 12
k 39 148 12
k 40 4 8
k 40 26 9
k 40 44 11
k 40 46 5
k 40 53 3
k 40 63 12
k 40 70 8
k 40 100 4
k 40 104 9
k 40 112 7
k 40 117 7
k 40 118 11
k 40 125 6
k 40 140 8
k 40 143 7
k 41 8 5
k 41 13 3
k 41 21 8
k 41 28 11
k 41 64 4
k 41 66 6
k 41 73 7
k 41 90 3
k 41 93 3
k 41 101 13
k 41 105 4
k 41 125 7
k 41 127 6
k 41 128 13
k 41 129 7
k 41 134 5
k 41 135 12
k 41 143 11
k 41 147 8
k 41 149 10
k 42 3 6
k 42 22 6
k 42 27 13
k 42 69 12
k 42 74 9
k 42 75 6
k 42 88 8
k 42 91 12
k 42 94 3
k 42 97 12
k 42 120 5
k 42 131 12
k 42 132 13
k 42 133 10
k 43 4 8
k 43 28 4
k 43 59 13
k 43 67 11
k 43 71 7
k 43 97 6
k 43 101 13
k 43 119 8
k 43 120 6
k 43 127 12
k 43 130 11
k 43 131 10
k 43 148 6
k 44 2 5
k 44 6 9
k 44 18 13
k 44 33 8
k 44 41 8
k 44 51 8
k 44 55 7
k 44 66 7
k 44 88 6
k 44 90 4
k 44 95 12
k 44 101 4
k 44 123 6
k 44 134 6
k 44 135 10
k 44 143 12
k 44 145 6
k 44 149 9
k 45 10 11
k 45 19 13
k 45 41 7
k 45 57 8
k 45 58 10
k 45 79 11
k 45 81 4
k 45 84 12
k 45 92 6
k 45 108 10
k 45 112 11
k 45 121 6
k 45 126 12
k 45 139 6
k 46 9 7
k 46 18 13
k 46 36 5
k 46 43 4
k 46 58 6
k 46 59 4
k 46 72 9
k 46 93 3
k 46 103 4
k 46 104 8
k 46 109 4
k 46 116 10
k 46 124 13
k 46 145 6
k 46 147 5
k 47 17 12
k 47 30 12
k 47 44 10
k 47 60 10
k 47 69 9
k 47 76 4
k 47 85 6
k 47 86 3
k 47 95 11
k 47 104 6
k 47 105 13
k 47 107 11
k 47 109 6
k 47 120 13
k 47 129 11
k 47 142 11
k 48 0 5
k 48 9 10
k 48 12 10
k 48 30 10
k 48 39 13
k 48 50 9
k 48 51 12
k 48 56 10
k 48 57 13
k 48 65 6
k 48 91 12
k 48 96 5
k 48 131 5
k 48 141 13
k 48 145 11
k 49 11 11
k 49 29 3
k 49 32 13
k 49 38 4
k 49 50 9
k 49 55 9
k 49 60 12
k 49 69 4
k 49 73 3
k 49 76 10
k 49 83 13
k 49 90 6
k 49 125 3
k 49 129 7
k 49 139 6
k 50 4 3
k 50 10 11
k 50 25 6
k 50 48 13
k 50 54 6
k 50 77 3
k 50 86 13
k 50 93 5
k 50 114 5
k 50 121 4
k 50 126 4
k 50 146 5
k 51 2 7
k 51 10 4
k 51 23 9
k 51 35 12
k 51 41 4
k 51 46 7
k 51 66 11
k 51 80 4
k 51 91 10
k 51 96 9
k 51 101 7
k 51 109 5
k 51 121 10
k 51 123 6
k 51 125 8
k 51 139 13
k 52 17 3
k 52 31 7
k 52 39 6
k 52 40 9
k 52 56 8
k 52 63 12
k 52 75 13
k 52 76 12
k 52 84 9
k 52 85 8
k 52 92 5
k 52 96 8
k 52 101 5
k 52 114 7
k 52 123 3
k 52 127 3
k 53 0 6
k 53 2 11
k 53 3 8
k 53 7 3
k 53 36 11
k 53 39 7
k 53 47 6
k 53 56 7
k 53 66 11
k 53 76 7
k 53 95 9
k 53 110 13
k 53 130 9
k 53 133 5
k 54 6 5
k 54 15 4
k 54 33 4
k 54 76 13
k 54 83 11
k 54 89 11
k 54 97 3
k 54 104 4
k 54 107 4
k 54 115 8
k 54 134 12
k 54 149 7
k 55 23 11
k 55 27 10
k 55 38 7
k 55 39 5
k 55 43 6
k 55 46 13
k 55 47 5
k 55 62 4
k 55 66 10
k 55 80 6
k 55 86 9
k 55 90 8
k 55 138 10
k 55 148 3
k 56 10 3
k 56 46 12
k 56 59 8
k 56 65 13
k 56 66 4
k 56 69 13
k 56 79 10
k 56 81 13
k 56 84 13
k 56 85 4
k 56 92 3
k 56 115 4
k 56 117 4
k 56 133 6
k 56 140 4
k 56 147 3
k 57 7 5
k 57 10 4
k 57 13 4
k 57 16 7
k 57 17 5
k 57 22 11
k 57 25 6
k 57 70 10
k 57 84 10
k 57 88 5
k 57 96 5
k 57 128 5
k 57 129 11
k 58 8 5
k 58 22 8
k 58 24 8
k 58 30 3
k 58 31 13
k 58 32 6
k 58 41 13
k 58 44 5
k 58 55 9
k 58 68 10
k 58 94 11
k 58 100 3
k 58 104 10
k 58 114 7
k 58 121 8
k 58 142 8
k 58 143 12
k 59 52 4
k 59 53 11
k 59 61 3
k 59 84 6
k 59 92 7
k 59 102 7
k 59 103 12
k 59 113 11
k 59 122 8
k 59 123 5
k 60 13 10
k 60 22 6
k 60 28 5
k 60 31 13
k 60 32 4
k 60 36 9
k 60 45 11
k 60 52 3
k 60 63 11
k 60 73 4
k 60 79 5
k 60 83 12
k 60 99 7
k 60 109 13
k 60 123 11
k 60 137 4
k 61 16 11
k 61 18 12
k 61 51 8
k 61 52 13
k 61 57 4
k 61 59 6
k 61 80 12
k 61 97 6
k 61 99 6
k 61 118 8
k 61 147 10
k 62 16 8
k 62 23 8
k 62 54 7
k 62 73 5
k 62 81 4
k 62 99 3
k 62 104 13
k 62 119 11
k 62 124 6
k 62 129 7
k 62 131 11
k 62 132 8
k 62 137 5
k 63 0 8
k 63 8 11
k 63 11 8
k 63 12 6
k 63 20 8
k 63 27 8
k 63 41 6
k 63 71 9
k 63 84 8
k 63 95 9
k 63 96 11
k 63 97 6
k 63 104 9
k 63 117 6
k 64 24 8
k 64 27 4
k 64 58 4
k 64 60 4
k 64 88 13
k 64 95 13
k 64 116 11
k 64 120 6
k 64 129 9
k 64 141 10
k 65 2 10
k 65 5 13
k 65 13 10
k 65 22 6
k 65 27 6
k 65 33 6
k 65 34 11
k 65 44 13
k 65 49 8
k 65 54 10
k 65 56 5
k 65 59 7
k 65 64 4
k 65 69 4
k 65 94 9
k 65 120 8
k 65 124 10
k 65 139 11
k 66 1 9
k 66 10 10
k 66 14 11
k 66 18 6
k 66 29 8
k 66 44 12
k 66 68 12
k 66 75 6
k 66 81 12
k 66 84 8
k 66 88 11
k 66 101 13
k 66 109 3
k 66 130 4
k 66 140 4
k 66 149 4
k 67 11 10
k 67 14 7
k 67 19 6
k 67 38 13
k 67 70 9
k 67 73 9
k 67 98 8
k 67 108 6
k 67 112 5
k 67 116 13
k 67 139 12
k 68 22 8
k 68 58 8
k 68 59 8
k 68 78 4
k 68 103 10
k 68 112 5
k 68 135 13
k 68 142 7
k 68 146 8
k 68 147 5
k 69 7 12
k 69 9 10
k 69 29 5
k 69 86 11
k 69 90 3
k 69 106 5
k 69 113 13
k 69 132 12
k 69 133 3
k 69 140 4
k 69 144 6
k 70 4 9
k 70 8 10
k 70 77 6
k 70 106 8
k 70 107 5
k 70 115 6
k 70 118 6
k 70 120 5
k 70 131 12
k 70 144 12
k 71 2 9
k 71 3 3
k 71 11 5
k 71 15 11
k 71 23 10
k 71 24 13
k 71 29 12
k 71 36 4
k 71 37 4
k 71 46 5
k 71 67 5
k 71 79 6
k 71 88 11
k 71 89 7
k 71 105 5
k 71 122 9
k 71 123 5
k 71 126 7
k 71 127 3
k 71 128 3
k 71 137 11
k 71 148 4
k 72 0 10
k 72 11 6
k 72 14 5
k 72 16 4
k 72 22 4
k 72 39 11
k 72 48 6
k 72 51 5
k 72 61 12
k 72 94 12
k 72 104 11
k 72 132 6
k 72 137 13
k 72 143 9
k 73 14 11
k 73 42 3
k 73 70 11
k 73 74 11
k 73 75 7
k 73 77 3
k 73 82 10
k 73 92 13
k 73 106 7
k 73 110 3
k 73 123 13
k 73 130 6
k 73 134 9
k 73 136 9
k 73 149 13
k 74 2 8
k 74 10 10
k 74 22 7
k 74 34 6
k 74 37 7
k 74 39 7
k 74 44 12
k 74 57 12
k 74 64 4
k 74 69 3
k 74 70 11
k 74 75 6
k 74 112 6
k 74 137 6
k 75 18 12
k 75 20 12
k 75 28 3
k 75 52 9
k 75 55 6
k 75 60 11
k 75 61 3
k 75 65 11
k 75 74 12
k 75 77 9
k 75 109 5
k 75 121 12
k 75 123 3
k 75 125 9
k 75 133 5
k 76 6 5
k 76 14 3
k 76 23 8
k 76 28 7
k 76 41 9
k 76 87 6
k 76 94 5
k 76 95 11
k 76 96 13
k 76 110 6
k 76 116 7
k 76 135 10
k 76 136 6
k 77 0 11
k 77 9 4
k 77 18 4
k 77 25 4
k 77 35 13
k 77 38 10
k 77 62 10
k 77 68 3
k 77 70 4
k 77 107 4
k 77 114 8
k 77 121 9
k 77 124 4
k 77 125 3
k 77 128 12
k 77 133 9
k 77 138 12
k 78 36 9
k 78 43 13
k 78 60 7
k 78 83 12
k 78 89 6
k 78 105 10
k 78 134 4
k 78 141 13
k 78 143 13
k 78 144 13
k 79 18 6
k 79 24 6
k 79 26 7
k 79 40 5
k 79 44 11
k 79 46 8
k 79 73 8
k 79 85 12
k 79 106 5
k 79 118 9
k 79 120 12
k 79 121 6
k 79 135 9
k 79 144 6
k 80 20 7
k 80 65 13
k 80 67 6
k 80 99 13
k 80 109 4
k 80 116 4
k 80 119 4
k 80 135 8
k 80 143 3
k 80 147 7
k 81 10 12
k 81 11 10
k 81 24 4
k 81 30 3
k 81 33 10
k 81 36 10
k 81 42 13
k 81 53 3
k 81 58 4
k 81 59 13
k 81 73 3
k 81 77 13
k 81 131 9
k 81 140 13
k 81 145 10
k 81 146 13
k 82 0 10
k 82 19 11
k 82 47 12
k 82 57 3
k 82 73 12
k 82 76 9
k 82 87 12
k 82 92 5
k 82 101 10
k 82 107 11
k 82 115 10
k 82 122 9
k 82 123 3
k 82 126 9
k 82 148 11
k 83 10 7
k 83 16 13
k 83 65 6
k 83 68 12
k 83 71 12
k 83 75 5
k 83 76 6
k 83 77 12
k 83 81 11
k 83 103 12
k 83 108 3
k 83 110 6
k 83 124 10
k 83 129 4
k 83 132 10
k 83 133 9
k 83 148 10
k 84 6 5
k 84 17 8
k 84 26 6
k 84 35 5
k 84 48 9
k 84 66 11
k 84 82 9
k 84 98 13
k 84 112 12
k 84 124 9
k 84 149 10
k 85 22 12
k 85 25 8
k 85 47 7
k 85 67 11
k 85 68 9
k 85 73 8
k 85 77 10
k 85 95 13
k 85 107 9
k 85 135 10
k 86 5 11
k 86 16 8
k 86 20 4
k 86 69 3
k 86 81 5
k 86 85 3
k 86 91 9
k 86 115 4
k 86 118 6
k 86 131 3
k 87 12 9
k 87 14 12
k 87 18 13
k 87 22 9
k 87 34 10
k 87 37 6
k 87 39 10
k 87 58 6
k 87 60 12
k 87 67 10
k 87 84 4
k 87 90 10
k 87 114 13
k 87 118 6
k 87 123 8
k 87 126 12
k 88 74 11
k 88 75 10
k 88 86 3
k 88 94 13
k 88 95 10
k 88 100 4
k 88 108 6
k 88 129 5
k 88 135 8
k 88 149 6
k 89 0 4
k 89 2 5
k 89 16 4
k 89 21 13
k 89 23 10
k 89 39 12
k 89 88 12
k 89 118 12
k 89 122 3
k 89 138 7
k 90 0 9
k 90 21 13
k 90 24 3
k 90 33 9
k 90 45 6
k 90 57 8
k 90 92 9
k 91 1 5
k 91 3 5
k 91 4 4
k 91 10 9
k 91 17 8
k 91 29 4
k 91 44 6
k 91 47 6
k 91 54 5
k 91 55 12
k 91 67 6
k 91 73 7
k 91 90 12
k 91 93 3
k 91 113 7
k 91 125 3
k 91 128 4
k 91 135 11
k 91 141 5
k 91 144 13
k 92 2 6
k 92 10 6
k 92 33 12
k 92 36 12
k 92 63 10
k 92 78 7
k 92 86 3
k 92 89 11
k 92 91 5
k 92 93 6
k 92 99 4
k 92 121 4
k 92 143 5
k 93 4 7
k 93 5 4
k 93 17 9
k 93 18 13
k 93 41 5
k 93 43 12
k 93 60 6
k 93 65 13
k 93 70 11
k 93 81 5
k 93 102 6
k 93 116 13
k 93 125 7
k 93 133 10
k 93 134 13
k 93 136 4
k 93 137 10
k 93 146 10
k 93 147 8
k 94 11 6
k 94 19 7
k 94 21 3
k 94 50 5
k 94 53 13
k 94 58 6
k 94 62 8
k 94 71 3
k 94 72 5
k 94 82 7
k 94 90 9
k 94 110 8
k 94 114 7
k 94 118 11
k 94 125 9
k 94 130 3
k 94 145 13
k 95 6 5
k 95 9 10
k 95 12 9
k 95 13 9
k 95 15 9
k 95 18 11
k 95 19 10
k 95 35 13
k 95 42 7
k 95 49 5
k 95 50 11
k 95 51 4
k 95 53 3
k 95 72 5
k 95 85 10
k 95 91 13
k 95 93 11
k 95 109 5
k 95 110 13
k 96 12 8
k 96 16 8
k 96 18 13
k 96 30 6
k 96 38 3
k 96 40 5
k 96 41 12
k 96 45 10
k 96 78 12
k 96 79 12
k 96 89 6
k 96 93 12
k 96 94 6
k 96 99 13
k 96 103 5
k 96 112 8
k 96 119 11
k 96 135 8
k 96 143 10
k 97 9 3
k 97 10 12
k 97 13 4
k 97 14 10
k 97 16 5
k 97 19 7
k 97 29 5
k 97 36 9
k 97 37 13
k 97 40 6
k 97 41 11
k 97 42 7
k 97 50 5
k 97 53 7
k 97 56 10
k 97 65 4
k 97 72 6
k 97 83 6
k 97 92 11
k 97 102 11
k 97 117 10
k 97 139 12
k 98 1 7
k 98 4 11
k 98 6 12
k 98 7 3
k 98 8 13
k 98 10 5
k 98 25 8
k 98 38 4
k 98 60 9
k 98 64 12
k 98 75 9
k 98 97 10
k 98 101 9
k 98 103 4
k 98 107 4
k 98 136 4
k 99 3 5
k 99 10 13
k 99 27 5
k 99 29 5
k 99 41 12
k 99 43 3
k 99 54 6
k 99 56 3
k 99 70 11
k 99 84 9
k 99 91 4
k 99 92 3
k 99 120 10
k 99 127 8
k 99 131 8
k 99 138 7
k 100 3 3
k 100 27 3
k 100 30 12
k 100 41 13
k 100 46 8
k 100 50 12
k 100 55 10
k 100 59 8
k 100 70 7
k 100 75 3
k 100 77 5
k 100 81 4
k 100 82 13
k 100 105 12
k 100 117 13
k 100 130 4
k 100 132 6
k 101 6 8
k 101 19 7
k 101 23 8
k 101 29 11
k 101 31 3
k 101 47 9
k 101 49 6
k 101 51 7
k 101 55 9
k 101 63 11
k 101 66 4
k 101 68 9
k 101 72 9
k 101 75 6
k 101 79 6
k 101 80 8
k 101 81 5
k 101 90 13
k 101 96 12
k 101 113 13
k 101 126 8
k 101 133 5
k 101 134 12
k 101 140 4
k 101 142 12
k 101 144 10
k 101 145 11
k 102 18 13
k 102 36 7
k 102 40 5
k 102 55 13
k 102 66 7
k 102 70 8
k 102 76 13
k 102 81 5
k 102 88 7
k 102 98 3
k 102 109 3
k 102 113 7
k 102 117 5
k 102 119 4
k 102 120 12
k 102 123 12
k 102 124 8
k 102 134 4
k 103 12 5
k 103 17 11
k 103 19 13
k 103 25 6
k 103 37 5
k 103 61 13
k 103 73 8
k 103 80 13
k 103 87 10
k 103 104 12
k 103 137 3
k 103 142 9
k 104 1 4
k 104 32 10
k 104 36 8
k 104 38 7
k 104 43 3
k 104 45 8
k 104 46 8
k 104 48 9
k 104 73 8
k 104 74 8
k 104 93 11
k 104 100 10
k 104 105 7
k 104 113 4
k 104 129 3
k 104 140 11
k 105 13 8
k 105 14 7
k 105 17 13
k 105 21 5
k 105 49 12
k 105 55 13
k 105 63 3
k 105 72 3
k 105 73 11
k 105 75 3
k 105 87 4
k 105 88 13
k 105 101 6
k 105 108 9
k 105 112 11
k 105 115 9
k 105 127 8
k 105 130 12
k 105 137 13
k 106 1 12
k 106 2 4
k 106 7 9
k 106 15 5
k 106 37 9
k 106 85 10
k 106 93 10
k 106 97 7
k 106 99 3
k 106 101 8
k 106 102 6
k 106 109 6
k 106 110 11
k 106 115 6
k 106 121 7
k 106 126 3
k 106 136 3
k 106 148 13
k 107 9 3
k 107 12 9
k 107 15 13
k 107 22 9
k 107 30 3
k 107 37 11
k 107 53 10
k 107 55 7
k 107 62 6
k 107 64 12
k 107 72 4
k 107 75 12
k 107 78 3
k 107 81 12
k 107 82 7
k 107 98 7
k 107 104 8
k 107 106 5
k 107 108 9
k 107 109 11
k 107 117 3
k 107 120 6
k 107 126 10
k 107 128 11
k 108 14 3
k 108 16 12
k 108 18 4
k 108 44 5
k 108 45 11
k 108 47 11
k 108 58 10
k 108 82 3
k 108 101 7
k 108 109 5
k 108 113 6
k 108 144 11
k 108 146 5
k 109 13 8
k 109 26 9
k 109 39 3
k 109 81 13
k 109 89 5
k 109 97 6
k 109 110 9
k 109 135 9
k 109 140 5
k 110 26 6
k 110 27 13
k 110 33 5
k 110 47 8
k 110 68 12
k 110 70 13
k 110 71 11
k 110 89 3
k 110 97 13
k 110 105 10
k 110 109 12
k 110 112 12
k 110 143 7
k 110 147 6
k 111 24 9
k 111 34 13
k 111 44 13
k 111 56 6
k 111 59 7
k 111 62 11
k 111 65 9
k 111 77 8
k 111 84 7
k 111 94 4
k 111 126 9
k 111 141 7
k 112 4 5
k 112 17 8
k 112 26 13
k 112 34 3
k 112 42 9
k 112 49 12
k 112 54 13
k 112 70 3
k 112 93 11
k 112 99 9
k 112 113 6
k 112 116 5
k 112 119 3
k 112 124 10
k 112 126 12
k 112 130 4
k 112 145 10
k 113 14 3
k 113 19 8
k 113 25 11
k 113 41 7
k 113 45 12
k 113 55 6
k 113 68 9
k 113 70 10
k 113 76 9
k 113 87 9
k 113 98 7
k 113 137 5
k 113 141 13
k 113 143 6
k 113 149 7
k 114 10 11
k 114 33 10
k 114 37 7
k 114 49 4
k 114 51 5
k 114 53 13
k 114 55 13
k 114 60 11
k 114 73 6
k 114 93 13
k 114 100 5
k 114 101 12
k 114 102 8
k 114 104 11
k 114 121 8
k 114 146 5
k 114 148 8
k 115 10 8
k 115 13 8
k 115 22 13
k 115 41 10
k 115 45 3
k 115 48 11
k 115 51 13
k 115 63 13
k 115 85 10
k 115 87 12
k 115 88 5
k 115 92 9
k 115 105 10
k 115 117 10
k 115 130 4
k 115 146 9
k 116 2 13
k 116 5 5
k 116 30 5
k 116 31 11
k 116 37 9
k 116 40 6
k 116 44 5
k 116 51 12
k 116 55 9
k 116 67 5
k 116 88 8
k 116 99 13
k 117 2 6
k 117 4 11
k 117 31 4
k 117 35 4
k 117 39 7
k 117 48 7
k 117 55 8
k 117 67 4
k 117 68 12
k 117 75 3
k 117 77 5
k 117 81 10
k 117 95 12
k 117 106 11
k 117 109 3
k 117 118 13
k 118 8 11
k 118 16 7
k 118 26 13
k 118 54 9
k 118 55 5
k 118 68 7
k 118 72 5
k 118 80 13
k 118 83 8
k 118 93 9
k 118 94 9
k 118 99 8
k 118 108 8
k 118 112 3
k 118 122 10
k 118 135 9
k 118 147 5
k 118 148 5
k 119 26 5
k 119 45 10
k 119 46 5
k 119 58 12
k 119 61 5
k 119 77 10
k 119 83 11
k 119 91 8
k 119 116 13
k 119 118 5
k 119 123 10
k 119 126 4
k 119 127 8
k 119 128 6
k 119 132 4
k 120 6 13
k 120 11 4
k 120 34 13
k 120 39 4
k 120 60 7
k 120 84 10
k 120 115 11
k 120 121 11
k 120 122 11
k 120 124 3
k 120 127 13
k 120 138 6
k 121 17 4
k 121 35 10
k 121 39 3
k 121 43 12
k 121 53 9
k 121 54 8
k 121 64 8
k 121 75 4
k 121 81 6
k 121 88 8
k 121 101 8
k 121 132 11
k 122 12 5
k 122 27 7
k 122 37 6
k 122 53 3
k 122 59 13
k 122 65 11
k 122 73 5
k 122 76 12
k 122 77 7
k 122 88 4
k 122 101 8
k 122 120 7
k 122 124 5
k 122 126 12
k 122 128 3
k 123 0 11
k 123 9 6
k 123 16 4
k 123 22 9
k 123 26 12
k 123 57 6
k 123 58 11
k 123 61 6
k 123 77 10
k 123 98 10
k 123 104 10
k 123 110 8
k 123 119 13
k 123 130 12
k 123 145 12
k 124 40 3
k 124 43 10
k 124 63 6
k 124 65 5
k 124 68 9
k 124 69 6
k 124 75 10
k 124 80 7
k 124 81 8
k 124 84 4
k 124 101 10
k 124 123 3
k 124 130 13
k 124 133 12
k 124 135 7
k 124 136 6
k 124 141 3
k 124 149 10
k 125 8 7
k 125 15 8
k 125 26 8
k 125 27 3
k 125 28 7
k 125 38 11
k 125 43 13
k 125 44 11
k 125 48 8
k 125 59 8
k 125 66 12
k 125 75 4
k 125 92 8
k 125 128 12
k 125 130 10
k 125 135 4
k 125 136 4
k 126 17 11
k 126 33 6
k 126 34 4
k 126 36 9
k 126 41 13
k 126 49 3
k 126 58 12
k 126 64 5
k 126 68 8
k 126 69 7
k 126 75 12
k 126 85 7
k 126 89 13
k 126 110 4
k 126 112 9
k 126 115 6
k 126 136 11
k 127 6 12
k 127 7 8
k 127 9 9
k 127 15 6
k 127 17 6
k 127 38 10
k 127 44 8
k 127 58 5
k 127 69 8
k 127 73 12
k 127 90 4
k 127 104 13
k 127 107 4
k 127 110 8
k 127 115 13
k 127 134 10
k 128 2 12
k 128 13 10
k 128 17 8
k 128 44 9
k 128 51 13
k 128 54 8
k 128 105 12
k 128 111 9
k 128 145 6
k 129 8 13
k 129 16 8
k 129 24 7
k 129 35 3
k 129 46 7
k 129 50 7
k 129 56 13
k 129 57 6
k 129 59 5
k 129 69 12
k 129 76 12
k 129 77 7
k 129 106 7
k 129 109 7
k 129 112 13
k 129 116 13
k 129 123 13
k 129 132 9
k 129 139 6
k 129 142 7
k 129 143 8
k 129 146 6
k 130 14 3
k 130 21 12
k 130 33 10
k 130 47 12
k 130 51 8
k 130 53 9
k 130 54 5
k 130 58 12
k 130 76 12
k 130 78 3
k 130 81 5
k 130 104 3
k 130 139 7
k 131 0 6
k 131 1 12
k 131 5 5
k 131 28 10
k 131 32 9
k 131 39 13
k 131 41 4
k 131 47 12
k 131 62 12
k 131 66 6
k 131 69 13
k 131 81 4
k 131 104 4
k 131 111 7
k 131 112 5
k 131 116 13
k 131 126 10
k 131 133 7
k 131 138 5
k 132 18 7
k 132 33 5
k 132 45 7
k 132 51 6
k 132 56 9
k 132 67 8
k 132 74 7
k 132 76 3
k 132 86 4
k 132 87 8
k 132 90 9
k 132 111 7
k 132 118 7
k 132 142 12
k 132 144 6
k 132 145 13
k 133 25 11
k 133 28 5
k 133 59 11
k 133 70 6
k 133 78 6
k 133 89 3
k 133 95 11
k 133 132 6
k 133 142 11
k 133 147 12
k 134 0 4
k 134 6 6
k 134 19 4
k 134 40 7
k 134 49 4
k 134 50 8
k 134 55 10
k 134 87 5
k 134 123 8
k 134 144 11
k 135 0 9
k 135 10 12
k 135 37 12
k 135 39 5
k 135 63 12
k 135 73 8
k 135 74 6
k 135 84 8
k 135 102 11
k 135 123 13
k 135 125 12
k 135 133 4
k 136 2 3
k 136 33 3
k 136 34 4
k 136 35 12
k 136 47 12
k 136 87 3
k 136 90 13
k 136 94 8
k 136 95 11
k 136 103 12
k 136 106 5
k 136 127 10
k 136 130 8
k 137 62 10
k 137 88 9
k 137 114 3
k 137 124 7
k 138 7 6
k 138 13 8
k 138 33 10
k 138 34 6
k 138 43 9
k 138 49 12
k 138 81 7
k 138 88 3
k 138 107 5
k 138 124 8
k 138 144 5
k 138 147 6
k 139 1 8
k 139 11 3
k 139 20 7
k 139 22 5
k 139 27 6
k 139 38 10
k 139 59 6
k 139 74 10
k 139 85 4
k 139 87 5
k 139 93 7
k 139 94 10
k 139 105 12
k 139 112 12
k 139 114 10
k 139 117 12
k 139 131 11
k 139 134 3
k 140 21 12
k 140 23 9
k 140 70 10
k 140 76 3
k 140 78 6
k 140 93 3
k 140 108 11
k 140 132 9
k 140 138 10
k 140 144 3
k 140 146 13
k 141 3 6
k 141 15 3
k 141 19 13
k 141 29 7
k 141 42 13
k 141 80 4
k 141 84 8
k 141 90 8
k 141 102 8
k 141 103 5
k 141 106 13
k 141 122 3
k 141 136 9
k 141 142 9
k 142 5 7
k 142 40 9
k 142 41 3
k 142 58 4
k 142 86 3
k 142 92 13
k 142 96 6
k 142 104 5
k 142 112 10
k 142 134 7
k 142 137 11
k 142 145 12
k 143 11 3
k 143 17 13
k 143 20 11
k 143 21 10
k 143 36 6
k 143 46 8
k 143 72 5
k 143 82 8
k 143 85 6
k 143 120 4
k 143 126 11
k 143 127 12
k 143 134 9
k 144 1 3
k 144 3 6
k 144 10 11
k 144 23 4
k 144 28 12
k 144 44 13
k 144 46 7
k 144 66 6
k 144 68 8
k 144 78 7
k 144 94 10
k 144 99 4
k 144 108 8
k 144 121 8
k 144 127 6
k 144 143 6
k 144 145 4
k 144 149 7
k 145 18 12
k 145 28 8
k 145 43 8
k 145 54 7
k 145 61 8
k 145 66 10
k 145 72 9
k 145 81 13
k 145 96 5
k 145 98 8
k 145 103 5
k 145 111 13
k 145 113 13
k 145 121 3
k 145 131 9
k 145 136 7
k 146 18 5
k 146 21 10
k 146 32 9
k 146 34 9
k 146 41 12
k 146 44 13
k 146 45 9
k 146 49 10
k 146 51 13
k 146 54 13
k 146 55 10
k 146 59 12
k 146 64 4
k 146 68 9
k 146 97 10
k 146 107 7
k 146 109 4
k 146 128 8
k 146 133 3
k 147 12 7
k 147 19 9
k 147 41 13
k 147 44 12
k 147 47 11
k 147 60 12
k 147 63 3
k 147 68 7
k 147 72 6
k 147 75 9
k 147 77 11
k 147 78 5
k 147 81 7
k 147 112 7
k 147 113 13
k 147 117 5
k 147 133 7
k 147 140 13
k 148 14 5
k 148 21 13
k 148 24 5
k 148 27 9
k 148 32 6
k 148 65 12
k 148 67 12
k 148 70 7
k 148 111 7
k 148 119 5
k 148 128 10
k 148 136 11
k 148 142 10
k 148 147 6
k 149 20 8
k 149 28 11
k 149 36 5
k 149 37 5
k 149 40 11
k 149 48 8
k 149 49 9
k 149 56 11
k 149 62 11
k 149 64 5
k 149 65 4
k 149 67 5
k 149 82 10
k 149 87 9
k 149 115 12
k 149 117 13
k 149 134 8
c
c source target cost capacity
a 0 57 3042 306
a 57 0 3042 306
a 0 124 1746 384
a 124 0 1746 384
a 0 134 401 289
a 134 0 401 289
a 0 138 881 224
a 138 0 881 224
a 0 140 1769 235
a 140 0 1769 235
a 1 41 2353 273
a 41 1 2353 273
a 1 72 3170 186
a 72 1 3170 186
a 1 79 11665 258
a 79 1 11665 258
a 1 81 4562 370
a 81 1 4562 370
a 1 111 3492 360
a 111 1 3492 360
a 1 143 5297 173
a 143 1 5297 173
a 2 77 1872 191
a 77 2 1872 191
a 2 98 962 422
a 98 2 962 422
a 2 112 1717 276
a 112 2 1717 276
a 2 133 356 224
a 133 2 356 224
a 3 40 949 374
a 40 3 949 374
a 3 45 7376 251
a 45 3 7376 251
a 3 62 4490 234
a 62 3 4490 234
a 3 98 15952 303
a 98 3 15952 303
a 3 102 1360 222
a 102 3 1360 222
a 3 120 5338 270
a 120 3 5338 270
a 4 14 1073 192
a 14 4 1073 192
a 4 96 68 328
a 96 4 68 328
a 4 147 3202 324
a 147 4 3202 324
a 5 48 842 385
a 48 5 842 385
a 5 50 2153 302
a 50 5 2153 302
a 5 85 7252 278
a 85 5 7252 278
a 5 89 877 450
a 89 5 877 450
a 6 46 1189 329
a 46 6 1189 329
a 6 70 1381 298
a 70 6 1381 298
a 6 128 1570 358
a 128 6 1570 358
a 7 47 2797 289
a 47 7 2797 289
a 7 54 2749 268
a 54 7 2749 268
a 7 56 7085 405
a 56 7 7085 405
a 7 137 10034 320
a 137 7 10034 320
a 8 27 3701 293
a 27 8 3701 293
a 8 55 10909 388
a 55 8 10909 388
a 8 65 5882 442
a 65 8 5882 442
a 8 82 1226 430
a 82 8 1226 430
a 8 91 5760 203
a 91 8 5760 203
a 8 93 965 247
a 93 8 965 247
a 8 149 5437 342
a 149 8 5437 342
a 9 100 360 289
a 100 9 360 289
a 9 112 2353 297
a 112 9 2353 297
a 9 127 916 448
a 127 9 916 448
a 10 38 125 367
a 38 10 125 367
a 10 62 1378 236
a 62 10 1378 236
a 10 105 2440 377
a 105 10 2440 377
a 11 13 3089 385
a 13 11 3089 385
a 11 54 3205 404
a 54 11 3205 404
a 11 56 45 267
a 56 11 45 267
a 12 16 173 264
a 16 12 173 264
a 12 111 586 364
a 111 12 586 364
a 12 143 1313 454
a 143 12 1313 454
a 13 54 706 239
a 54 13 706 239
a 13 56 3560 324
a 56 13 3560 324
a 13 77 2329 254
a 77 13 2329 254
a 13 112 5000 424
a 112 13 5000 424
a 14 61 1960 449
a 61 14 1960 449
a 14 63 4640 373
a 63 14 4640 373
a 14 74 2516 419
a 74 14 2516 419
a 14 96 1125 365
a 96 14 1125 365
a 14 131 8658 275
a 131 14 8658 275
a 14 147 6197 260
a 147 14 6197 260
a 15 26 2920 280
a 26 15 2920 280
a 15 40 2000 238
a 40 15 2000 238
a 15 45 3341 373
a 45 15 3341 373
a 15 83 4217 182
a 83 15 4217 182
a 16 44 68 251
a 44 16 68 251
a 16 55 4261 351
a 55 16 4261 351
a 16 111 293 353
a 111 16 293 353
a 16 121 3365 168
a 121 16 3365 168
a 16 122 4745 173
a 122 16 4745 173
a 16 143 2196 253
a 143 16 2196 253
a 17 22 2754 326
a 22 17 2754 326
a 17 51 3898 315
a 51 17 3898 315
a 17 117 265 300
a 117 17 265 300
a 17 128 5300 447
a 128 17 5300 447
a 18 98 1013 449
a 98 18 1013 449
a 18 112 466 263
a 112 18 466 263
a 18 127 7465 198
a 127 18 7465 198
a 18 133 333 220
a 133 18 333 220
a 19 52 44829 173
a 52 19 44829 173
a 19 73 4357 427
a 73 19 4357 427
a 19 74 7218 341
a 74 19 7218 341
a 19 87 12905 427
a 87 19 12905 427
a 19 96 10565 269
a 96 19 10565 269
a 19 119 15529 297
a 119 19 15529 297
a 19 147 21709 160
a 147 19 21709 160
a 20 26 3625 374
a 26 20 3625 374
a 20 41 3944 371
a 41 20 3944 371
a 20 45 10368 161
a 45 20 10368 161
a 20 72 2601 208
a 72 20 2601 208
a 20 101 1657 197
a 101 20 1657 197
a 20 123 8458 245
a 123 20 8458 245
a 21 64 100 260
a 64 21 100 260
a 21 92 745 275
a 92 21 745 275
a 21 116 857 441
a 116 21 857 441
a 21 129 706 387
a 129 21 706 387
a 22 51 3664 238
a 51 22 3664 238
a 22 58 4936 166
a 58 22 4936 166
a 22 60 9220 310
a 60 22 9220 310
a 22 115 13941 255
a 115 22 13941 255
a 22 117 4297 245
a 117 22 4297 245
a 22 139 3653 400
a 139 22 3653 400
a 23 32 19645 377
a 32 23 19645 377
a 23 33 7208 280
a 33 23 7208 280
a 23 39 1417 461
a 39 23 1417 461
a 23 73 25325 279
a 73 23 25325 279
a 23 87 26253 355
a 87 23 26253 355
a 23 108 1693 222
a 108 23 1693 222
a 23 119 20005 431
a 119 23 20005 431
a 23 142 2756 177
a 142 23 2756 177
a 24 70 5449 257
a 70 24 5449 257
a 24 97 189032 318
a 97 24 189032 318
a 24 109 12346 393
a 109 24 12346 393
a 24 114 980 377
a 114 24 980 377
a 24 117 21101 358
a 117 24 21101 358
a 24 128 14642 354
a 128 24 14642 354
a 25 46 65026 229
a 46 25 65026 229
a 25 78 5953 428
a 78 25 5953 428
a 25 95 800 292
a 95 25 800 292
a 25 104 8917 236
a 104 25 8917 236
a 25 144 23440 165
a 144 25 23440 165
a 25 145 5330 309
a 145 25 5330 309
a 26 41 1885 369
a 41 26 1885 369
a 26 45 7225 378
a 45 26 7225 378
a 26 81 4338 423
a 81 26 4338 423
a 26 83 3709 339
a 83 26 3709 339
a 27 82 3217 323
a 82 27 3217 323
a 27 83 4825 375
a 83 27 4825 375
a 27 102 5585 441
a 102 27 5585 441
a 27 149 196 466
a 149 27 196 466
a 28 57 464 181
a 57 28 464 181
a 28 111 3362 345
a 111 28 3362 345
a 28 118 1466 315
a 118 28 1466 315
a 28 124 788 370
a 124 28 788 370
a 28 135 976 392
a 135 28 976 392
a 29 43 61 222
a 43 29 61 222
a 29 65 2000 259
a 65 29 2000 259
a 29 69 4586 355
a 69 29 4586 355
a 29 85 4329 441
a 85 29 4329 441
a 29 110 6845 422
a 110 29 6845 422
a 29 146 2218 430
a 146 29 2218 430
a 29 148 2129 324
a 148 29 2129 324
a 30 62 14170 477
a 62 30 14170 477
a 30 77 1882 429
a 77 30 1882 429
a 30 98 7592 434
a 98 30 7592 434
a 30 105 10816 323
a 105 30 10816 323
a 30 137 82 363
a 137 30 82 363
a 31 47 34549 339
a 47 31 34549 339
a 31 97 90 216
a 97 31 90 216
a 31 105 3770 257
a 105 31 3770 257
a 31 137 14312 350
a 137 31 14312 350
a 32 37 5140 309
a 37 32 5140 309
a 32 49 2929 366
a 49 32 2929 366
a 32 75 4420 370
a 75 32 4420 370
a 32 86 5402 364
a 86 32 5402 364
a 32 87 5956 379
a 87 32 5956 379
a 33 37 1973 353
a 37 33 1973 353
a 33 60 13481 385
a 60 33 13481 385
a 33 88 2770 181
a 88 33 2770 181
a 33 115 12064 417
a 115 33 12064 417
a 33 142 6148 398
a 142 33 6148 398
a 34 50 1601 196
a 50 34 1601 196
a 34 89 2545 338
a 89 34 2545 338
a 34 97 5077 423
a 97 34 5077 423
a 34 105 4901 371
a 105 34 4901 371
a 35 63 2176 314
a 63 35 2176 314
a 35 101 674 322
a 101 35 674 322
a 35 123 1405 290
a 123 35 1405 290
a 35 126 689 465
a 126 35 689 465
a 36 46 2458 169
a 46 36 2458 169
a 36 51 3589 285
a 51 36 3589 285
a 36 128 1769 226
a 128 36 1769 226
a 36 144 10804 239
a 144 36 10804 239
a 37 75 2120 466
a 75 37 2120 466
a 37 84 1250 235
a 84 37 1250 235
a 37 88 109 301
a 88 37 109 301
a 38 62 2273 455
a 62 38 2273 455
a 38 82 9437 334
a 82 38 9437 334
a 38 89 7141 431
a 89 38 7141 431
a 38 105 1825 298
a 105 38 1825 298
a 39 67 900 465
a 67 39 900 465
a 39 108 2628 272
a 108 39 2628 272
a 39 142 545 427
a 142 39 545 427
a 40 45 9661 283
a 45 40 9661 283
a 40 83 2777 373
a 83 40 2777 373
a 40 102 261 345
a 102 40 261 345
a 41 72 1445 179
a 72 41 1445 179
a 41 81 3277 178
a 81 41 3277 178
a 42 53 93029 403
a 53 42 93029 403
a 42 69 134693 479
a 69 42 134693 479
a 42 90 2330 344
a 90 42 2330 344
a 42 125 3524 345
a 125 42 3524 345
a 42 134 3825 306
a 134 42 3825 306
a 42 138 4225 307
a 138 42 4225 307
a 42 140 13005 381
a 140 42 13005 381
a 43 55 9090 199
a 55 43 9090 199
a 43 65 2341 192
a 65 43 2341 192
a 43 113 7345 295
a 113 43 7345 295
a 43 148 2314 224
a 148 43 2314 224
a 44 111 81 372
a 111 44 81 372
a 44 121 3217 184
a 121 44 3217 184
a 45 76 14164 311
a 76 45 14164 311
a 45 120 178 295
a 120 45 178 295
a 45 123 19402 322
a 123 45 19402 322
a 45 136 7892 266
a 136 45 7892 266
a 46 70 4100 264
a 70 46 4100 264
a 46 128 2125 193
a 128 46 2125 193
a 46 144 23354 440
a 144 46 23354 440
a 47 56 17714 307
a 56 47 17714 307
a 47 97 38077 240
a 97 47 38077 240
a 47 109 16641 418
a 109 47 16641 418
a 47 137 18097 217
a 137 47 18097 217
a 47 139 32434 332
a 139 47 32434 332
a 48 82 2825 291
a 82 48 2825 291
a 48 89 2125 435
a 89 48 2125 435
a 48 91 3349 242
a 91 48 3349 242
a 48 93 980 387
a 93 48 980 387
a 49 66 4205 179
a 66 49 4205 179
a 49 86 7445 316
a 86 49 7445 316
a 49 87 1745 260
a 87 49 1745 260
a 49 131 8306 397
a 131 49 8306 397
a 50 85 15145 193
a 85 50 15145 193
a 50 89 962 210
a 89 50 962 210
a 50 110 32345 380
a 110 50 32345 380
a 51 71 3332 312
a 71 51 3332 312
a 51 128 6698 462
a 128 51 6698 462
a 51 144 3253 423
a 144 51 3253 423
a 52 59 18245 254
a 59 52 18245 254
a 52 99 6154 312
a 99 52 6154 312
a 52 106 5749 203
a 106 52 5749 203
a 52 119 110938 184
a 119 52 110938 184
a 52 147 4258 427
a 147 52 4258 427
a 53 69 3844 391
a 69 53 3844 391
a 53 113 3700 402
a 113 53 3700 402
a 53 140 36482 433
a 140 53 36482 433
a 53 141 12077 347
a 141 53 12077 347
a 53 146 1924 392
a 146 53 1924 392
a 53 148 1025 166
a 148 53 1025 166
a 54 77 3649 405
a 77 54 3649 405
a 54 137 4813 463
a 137 54 4813 463
a 55 65 19357 433
a 65 55 19357 433
a 55 113 2545 179
a 113 55 2545 179
a 55 122 1588 371
a 122 55 1588 371
a 55 143 2989 310
a 143 55 2989 310
a 55 149 6682 244
a 149 55 6682 244
a 56 58 8585 281
a 58 56 8585 281
a 56 100 13949 316
a 100 56 13949 316
a 56 112 7760 340
a 112 56 7760 340
a 56 139 8500 238
a 139 56 8500 238
a 57 124 1620 450
a 124 57 1620 450
a 57 135 160 191
a 135 57 160 191
a 57 138 3341 375
a 138 57 3341 375
a 58 60 2564 271
a 60 58 2564 271
a 58 100 14216 213
a 100 58 14216 213
a 58 139 2465 168
a 139 58 2465 168
a 59 90 14426 173
a 90 59 14426 173
a 59 92 2074 196
a 92 59 2074 196
a 59 106 7018 316
a 106 59 7018 316
a 59 116 2468 446
a 116 59 2468 446
a 59 130 11773 437
a 130 59 11773 437
a 60 75 4896 410
a 75 60 4896 410
a 60 84 4250 402
a 84 60 4250 402
a 60 88 5777 317
a 88 60 5777 317
a 60 100 10420 163
a 100 60 10420 163
a 60 115 19825 411
a 115 60 19825 411
a 61 63 4360 373
a 63 61 4360 373
a 61 99 4909 206
a 99 61 4909 206
a 61 103 481 169
a 103 61 481 169
a 61 126 7717 284
a 126 61 7717 284
a 61 147 3313 452
a 147 61 3313 452
a 62 82 9970 314
a 82 62 9970 314
a 62 98 17474 377
a 98 62 17474 377
a 62 102 4706 266
a 102 62 4706 266
a 62 105 7114 278
a 105 62 7114 278
a 63 123 1325 207
a 123 63 1325 207
a 63 126 1249 382
a 126 63 1249 382
a 63 131 7154 417
a 131 63 7154 417
a 64 106 4337 357
a 106 64 4337 357
a 64 116 1537 358
a 116 64 1537 358
a 64 129 306 161
a 129 64 306 161
a 64 130 1000 347
a 130 64 1000 347
a 64 132 2978 441
a 132 64 2978 441
a 65 85 449 368
a 85 65 449 368
a 65 91 1754 187
a 91 65 1754 187
a 66 76 1234 387
a 76 66 1234 387
a 66 86 8720 412
a 86 66 8720 412
a 66 131 1629 316
a 131 66 1629 316
a 66 136 4306 405
a 136 66 4306 405
a 67 104 4106 324
a 104 67 4106 324
a 67 107 9146 470
a 107 67 9146 470
a 67 108 2664 303
a 108 67 2664 303
a 67 142 2081 188
a 142 67 2081 188
a 67 145 1985 280
a 145 67 1985 280
a 68 94 5777 443
a 94 68 5777 443
a 68 104 9857 450
a 104 68 9857 450
a 68 107 1037 321
a 107 68 1037 321
a 68 119 17753 160
a 119 68 17753 160
a 69 110 3809 463
a 110 69 3809 463
a 69 146 808 276
a 146 69 808 276
a 70 114 2341 204
a 114 70 2341 204
a 70 128 5657 362
a 128 70 5657 362
a 71 115 1745 271
a 115 71 1745 271
a 71 144 145 353
a 144 71 145 353
a 72 79 8233 256
a 79 72 8233 256
a 72 101 6196 469
a 101 72 6196 469
a 72 126 12157 336
a 126 72 12157 336
a 73 87 14978 355
a 87 73 14978 355
a 73 119 3610 469
a 119 73 3610 469
a 74 87 9749 218
a 87 74 9749 218
a 74 96 1901 467
a 96 74 1901 467
a 74 131 8570 245
a 131 74 8570 245
a 75 84 170 317
a 84 75 170 317
a 75 86 4226 443
a 86 75 4226 443
a 75 100 8452 388
a 100 75 8452 388
a 76 123 4442 323
a 123 76 4442 323
a 76 131 925 228
a 131 76 925 228
a 76 136 4520 259
a 136 76 4520 259
a 77 98 2234 176
a 98 77 2234 176
a 77 137 1544 463
a 137 77 1544 463
a 78 95 3145 228
a 95 78 3145 228
a 78 115 2257 375
a 115 78 2257 375
a 78 142 8905 238
a 142 78 8905 238
a 78 144 6505 355
a 144 78 6505 355
a 78 145 6661 457
a 145 78 6661 457
a 79 111 20233 461
a 111 79 20233 461
a 79 126 13770 347
a 126 79 13770 347
a 79 130 2000 438
a 130 79 2000 438
a 79 132 5098 427
a 132 79 5098 427
a 79 135 7577 463
a 135 79 7577 463
a 80 118 610 264
a 118 80 610 264
a 80 121 1066 211
a 121 80 1066 211
a 80 124 2260 461
a 124 80 2260 461
a 80 140 2405 195
a 140 80 2405 195
a 80 141 1642 203
a 141 80 1642 203
a 81 83 1129 346
a 83 81 1129 346
a 81 143 2125 247
a 143 81 2125 247
a 81 149 4420 374
a 149 81 4420 374
a 82 89 8420 460
a 89 82 8420 460
a 82 93 949 469
a 93 82 949 469
a 82 102 9280 195
a 102 82 9280 195
a 83 102 3380 404
a 102 83 3380 404
a 83 149 3341 388
a 149 83 3341 388
a 84 88 709 326
a 88 84 709 326
a 85 91 793 213
a 91 85 793 213
a 85 110 4292 207
a 110 85 4292 207
a 86 100 4226 198
a 100 86 4226 198
a 86 127 2210 358
a 127 86 2210 358
a 86 136 5930 300
a 136 86 5930 300
a 87 131 11097 472
a 131 87 11097 472
a 89 105 8068 318
a 105 89 8068 318
a 90 130 15925 446
a 130 90 15925 446
a 90 138 10585 462
a 138 90 10585 462
a 91 93 3797 296
a 93 91 3797 296
a 92 116 314 203
a 116 92 314 203
a 92 129 2417 194
a 129 92 2417 194
a 92 130 4105 183
a 130 92 4105 183
a 94 107 1928 327
a 107 94 1928 327
a 94 108 1898 286
a 108 94 1898 286
a 94 119 7162 167
a 119 94 7162 167
a 95 145 2610 401
a 145 95 2610 401
a 96 147 4082 175
a 147 96 4082 175
a 97 105 3620 317
a 105 97 3620 317
a 97 109 104770 412
a 109 97 104770 412
a 98 120 15138 216
a 120 98 15138 216
a 98 127 13352 421
a 127 98 13352 421
a 98 133 386 336
a 133 98 386 336
a 99 103 2644 467
a 103 99 2644 467
a 99 106 2493 247
a 106 99 2493 247
a 99 126 7380 225
a 126 99 7380 225
a 99 132 2344 429
a 132 99 2344 429
a 99 147 9684 399
a 147 99 9684 399
a 100 112 3541 375
a 112 100 3541 375
a 100 127 1060 240
a 127 100 1060 240
a 101 123 2897 366
a 123 101 2897 366
a 101 126 2501 342
a 126 101 2501 342
a 103 147 3088 282
a 147 103 3088 282
a 104 107 9800 229
a 107 104 9800 229
a 104 145 4033 406
a 145 104 4033 406
a 105 137 12706 331
a 137 105 12706 331
a 106 116 2050 436
a 116 106 2050 436
a 106 132 3265 440
a 132 106 3265 440
a 107 108 5186 202
a 108 107 5186 202
a 108 119 14240 455
a 119 108 14240 455
a 109 117 18269 399
a 117 109 18269 399
a 109 139 24565 304
a 139 109 24565 304
a 111 118 3536 298
a 118 111 3536 298
a 111 121 3460 243
a 121 111 3460 243
a 111 135 5450 458
a 135 111 5450 458
a 111 143 3653 317
a 143 111 3653 317
a 112 127 6093 263
a 127 112 6093 263
a 112 133 1105 193
a 133 112 1105 193
a 113 122 697 232
a 122 113 697 232
a 113 141 4013 342
a 141 113 4013 342
a 113 148 4385 191
a 148 113 4385 191
a 115 142 12564 187
a 142 115 12564 187
a 115 144 1616 258
a 144 115 1616 258
a 117 128 5345 191
a 128 117 5345 191
a 117 139 5570 270
a 139 117 5570 270
a 118 121 1444 278
a 121 118 1444 278
a 118 124 970 221
a 124 118 970 221
a 120 127 18050 213
a 127 120 18050 213
a 120 136 9722 331
a 136 120 9722 331
a 121 122 2900 180
a 122 121 2900 180
a 121 141 296 454
a 141 121 296 454
a 122 141 2020 383
a 141 122 2020 383
a 123 131 4097 479
a 131 123 4097 479
a 124 140 1229 384
a 140 124 1229 384
a 125 134 113 389
a 134 125 113 389
a 125 138 53 409
a 138 125 53 409
a 126 132 7780 257
a 132 126 7780 257
a 127 136 4516 284
a 136 127 4516 284
a 129 130 226 258
a 130 129 226 258
a 130 132 4258 326
a 132 130 4258 326
a 130 135 11737 304
a 135 130 11737 304
a 130 138 11530 387
a 138 130 11530 387
a 134 138 250 360
a 138 134 250 360
a 134 140 3690 248
a 140 134 3690 248
a 135 138 3973 446
a 138 135 3973 446
a 140 141 8009 474
a 141 140 8009 474
a 142 145 2682 360
a 145 142 2682 360
a 143 149 4505 345
a 149 143 4505 345
a 146 148 449 428
a 148 146 449 428
