c multi commodity flow
c
c problem vertices edges commodities
p mcf 30 150 92
c
c origin destination demand
k 0 5 4
k 0 17 10
k 1 21 4
k 1 23 4
k 1 26 9
k 2 4 8
k 2 16 9
k 3 4 9
k 3 13 4
k 3 17 10
k 3 20 9
k 4 1 8
k 4 15 10
k 4 25 11
k 5 18 9
k 5 21 9
k 5 29 11
k 6 5 11
k 6 12 6
k 6 13 7
k 7 6 11
k 7 8 5
k 7 9 4
k 7 15 4
k 7 21 8
k 7 24 7
k 7 25 4
k 8 0 4
k 8 19 7
k 8 25 9
k 8 29 6
k 10 3 8
k 10 5 11
k 10 8 9
k 10 15 4
k 10 20 7
k 10 21 11
k 10 24 6
k 10 26 5
k 11 6 11
k 12 6 7
k 12 13 8
k 12 15 6
k 13 2 6
k 13 7 6
k 13 8 10
k 13 14 6
k 13 18 6
k 13 21 10
k 13 29 8
k 14 23 7
k 15 1 8
k 15 4 7
k 15 10 9
k 15 12 9
k 15 14 8
k 16 1 11
k 16 4 8
k 16 9 10
k 17 2 4
k 17 10 5
k 17 20 5
k 18 6 4
k 18 27 8
k 19 5 4
k 19 11 8
k 19 12 11
k 20 10 10
k 20 16 5
k 21 14 4
k 22 8 8
k 22 19 11
k 22 21 7
k 22 27 7
k 23 13 9
k 23 28 11
k 24 6 6
k 24 11 4
k 24 25 11
k 25 4 5
k 25 11 11
k 26 15 11
k 26 25 9
k 26 27 6
k 27 2 11
k 27 7 9
k 28 2 5
k 28 4 6
k 28 18 10
k 28 23 8
k 29 0 7
k 29 6 11
c
c source target cost capacity
a 0 13 9981 48
a 13 0 9981 48
a 0 15 11417 115
a 15 0 11417 115
a 0 21 20077 65
a 21 0 20077 65
a 0 25 8501 86
a 25 0 8501 86
a 1 11 52306 35
a 11 1 52306 35
a 1 15 9169 116
a 15 1 9169 116
a 1 18 118372 42
a 18 1 118372 42
a 1 20 6581 25
a 20 1 6581 25
a 1 25 10537 114
a 25 1 10537 114
a 2 16 6253 80
a 16 2 6253 80
a 2 18 56821 70
a 18 2 56821 70
a 2 21 33930 86
a 21 2 33930 86
a 2 23 29725 105
a 23 2 29725 105
a 2 24 37000 109
a 24 2 37000 109
a 2 29 41497 57
a 29 2 41497 57
a 3 10 88201 97
a 10 3 88201 97
a 3 14 7760 102
a 14 3 7760 102
a 3 17 8584 63
a 17 3 8584 63
a 3 22 51080 103
a 22 3 51080 103
a 3 26 14474 85
a 26 3 14474 85
a 3 27 36756 43
a 27 3 36756 43
a 4 6 1098 107
a 6 4 1098 107
a 4 9 12025 33
a 9 4 12025 33
a 4 12 13796 95
a 12 4 13796 95
a 4 22 48130 38
a 22 4 48130 38
a 4 24 13032 59
a 24 4 13032 59
a 4 26 44136 82
a 26 4 44136 82
a 4 29 4369 72
a 29 4 4369 72
a 5 6 9490 49
a 6 5 9490 49
a 5 7 6250 111
a 7 5 6250 111
a 5 9 7649 84
a 9 5 7649 84
a 5 27 15634 92
a 27 5 15634 92
a 5 29 19853 74
a 29 5 19853 74
a 6 9 7693 26
a 9 6 7693 26
a 6 29 5065 101
a 29 6 5065 101
a 7 13 43216 96
a 13 7 43216 96
a 7 19 33146 113
a 19 7 33146 113
a 7 27 23108 71
a 27 7 23108 71
a 7 28 27752 118
a 28 7 27752 118
a 7 29 44285 79
a 29 7 44285 79
a 8 10 25541 99
a 10 8 25541 99
a 8 19 1780 106
a 19 8 1780 106
a 8 28 6890 26
a 28 8 6890 26
a 9 12 61 102
a 12 9 61 102
a 9 27 5953 46
a 27 9 5953 46
a 10 19 16217 84
a 19 10 16217 84
a 10 27 52357 99
a 27 10 52357 99
a 11 13 107185 100
a 13 11 107185 100
a 11 20 24025 99
a 20 11 24025 99
a 12 26 20852 28
a 26 12 20852 28
a 12 27 4810 31
a 27 12 4810 31
a 13 15 15140 99
a 15 13 15140 99
a 13 20 44100 79
a 20 13 44100 79
a 13 21 49360 46
a 21 13 49360 46
a 13 28 51976 95
a 28 13 51976 95
a 13 29 73069 61
a 29 13 73069 61
a 14 17 680 29
a 17 14 680 29
a 14 26 3842 75
a 26 14 3842 75
a 14 27 12308 74
a 27 14 12308 74
a 15 20 14216 66
a 20 15 14216 66
a 15 25 1620 102
a 25 15 1620 102
a 16 24 12913 117
a 24 16 12913 117
a 16 29 21960 36
a 29 16 21960 36
a 17 26 1378 34
a 26 17 1378 34
a 18 21 31753 55
a 21 18 31753 55
a 18 23 33412 76
a 23 18 33412 76
a 18 25 77449 119
a 25 18 77449 119
a 19 27 60898 95
a 27 19 60898 95
a 19 28 9826 45
a 28 19 9826 45
a 21 25 46160 62
a 25 21 46160 62
a 21 29 33565 32
a 29 21 33565 32
a 22 24 35770 35
a 24 22 35770 35
a 22 26 16858 113
a 26 22 16858 113
a 24 29 19357 65
a 29 24 19357 65
a 26 27 19970 68
a 27 26 19970 68
