c multi commodity flow
c planar300
c
c problem vertices edges commodities
p mcf 300 1680 3584
c
c origin destination demand
k 0 26 11
k 0 29 8
k 0 30 3
k 0 56 5
k 0 110 10
k 0 153 4
k 0 166 11
k 0 194 3
k 0 201 10
k 0 294 7
k 1 27 6
k 1 111 5
k 1 146 11
k 1 159 6
k 1 177 7
k 1 188 9
k 1 247 9
k 1 262 9
k 2 31 10
k 2 76 5
k 2 87 11
k 2 97 11
k 2 105 6
k 2 110 4
k 2 190 3
k 2 199 4
k 2 244 6
k 2 252 11
k 2 273 9
k 2 276 9
k 2 298 6
k 3 41 9
k 3 76 3
k 3 127 7
k 3 134 7
k 3 157 6
k 3 158 9
k 3 162 7
k 3 170 11
k 3 203 9
k 3 224 11
k 3 225 3
k 3 230 7
k 3 246 2
k 3 276 8
k 3 287 8
k 3 290 9
k 3 296 3
k 3 297 11
k 4 38 8
k 4 50 11
k 4 63 3
k 4 67 11
k 4 71 6
k 4 123 10
k 4 142 5
k 4 148 4
k 4 152 4
k 4 182 4
k 4 184 11
k 4 231 11
k 4 245 3
k 5 3 3
k 5 10 4
k 5 32 9
k 5 40 5
k 5 52 8
k 5 65 5
k 5 71 8
k 5 105 3
k 5 174 5
k 5 183 11
k 5 196 6
k 5 201 7
k 5 265 2
k 5 289 4
k 6 22 4
k 6 39 10
k 6 41 8
k 6 43 4
k 6 82 9
k 6 88 10
k 6 95 8
k 6 104 4
k 6 134 8
k 6 227 10
k 6 232 2
k 6 234 9
k 6 237 4
k 6 257 2
k 7 13 7
k 7 16 10
k 7 45 4
k 7 59 5
k 7 83 2
k 7 139 4
k 7 150 7
k 7 152 7
k 7 164 3
k 7 170 10
k 7 218 10
k 7 262 4
k 7 269 3
k 7 291 9
k 8 6 9
k 8 15 7
k 8 52 8
k 8 54 7
k 8 98 8
k 8 105 2
k 8 195 10
k 8 210 5
k 8 254 7
k 8 268 11
k 8 290 2
k 9 21 8
k 9 47 2
k 9 68 9
k 9 121 8
k 9 128 3
k 9 141 7
k 9 144 7
k 9 169 9
k 9 184 6
k 9 220 10
k 9 273 11
k 9 274 10
k 9 297 3
k 10 0 7
k 10 30 11
k 10 118 7
k 10 124 8
k 10 151 5
k 10 157 5
k 10 179 2
k 10 189 11
k 10 209 10
k 10 237 2
k 10 261 3
k 10 262 11
k 10 272 5
k 10 274 10
k 10 288 4
k 10 291 7
k 11 6 11
k 11 57 11
k 11 80 11
k 11 91 5
k 11 116 8
k 11 147 2
k 11 176 10
k 11 190 9
k 11 236 10
k 11 239 5
k 11 259 2
k 11 265 2
k 11 270 9
k 12 31 7
k 12 51 7
k 12 67 6
k 12 159 7
k 12 169 5
k 12 171 8
k 12 192 2
k 12 220 7
k 12 223 8
k 12 248 11
k 12 254 7
k 12 272 10
k 12 275 8
k 12 282 9
k 13 79 7
k 13 106 8
k 13 114 2
k 13 135 8
k 13 150 9
k 13 159 6
k 13 195 5
k 13 213 5
k 13 219 11
k 13 224 10
k 13 248 3
k 13 256 2
k 13 295 8
k 14 5 8
k 14 6 3
k 14 46 10
k 14 98 11
k 14 109 11
k 14 127 5
k 14 132 8
k 14 142 7
k 14 143 11
k 14 163 5
k 14 172 4
k 14 186 8
k 14 212 9
k 14 225 6
k 14 230 9
k 14 272 5
k 14 290 4
k 15 22 7
k 15 24 9
k 15 50 11
k 15 52 4
k 15 59 9
k 15 72 6
k 15 125 4
k 15 190 2
k 15 210 10
k 15 219 11
k 15 237 9
k 15 285 3
k 16 12 10
k 16 17 8
k 16 18 7
k 16 62 8
k 16 96 3
k 16 116 4
k 16 129 11
k 16 146 7
k 16 153 7
k 16 203 7
k 16 205 6
k 16 233 6
k 16 266 8
k 16 270 6
k 17 3 5
k 17 12 5
k 17 41 6
k 17 63 4
k 17 97 3
k 17 108 4
k 17 206 2
k 17 212 3
k 17 264 8
k 17 266 3
k 18 98 4
k 18 118 2
k 18 155 6
k 18 157 8
k 18 163 3
k 18 185 10
k 18 247 11
k 18 271 2
k 19 32 8
k 19 41 11
k 19 107 7
k 19 122 10
k 19 162 2
k 19 184 11
k 19 191 7
k 19 211 4
k 19 260 10
k 19 287 4
k 20 22 8
k 20 56 8
k 20 64 8
k 20 68 7
k 20 87 3
k 20 101 4
k 20 102 4
k 20 152 5
k 20 168 10
k 20 177 4
k 20 189 5
k 20 210 11
k 20 221 4
k 20 241 8
k 20 251 6
k 20 278 7
k 21 10 3
k 21 15 5
k 21 36 2
k 21 100 4
k 21 171 11
k 21 243 9
k 22 8 11
k 22 20 11
k 22 51 10
k 22 59 6
k 22 77 10
k 22 99 8
k 22 101 3
k 22 175 8
k 22 200 2
k 22 247 2
k 22 255 6
k 22 259 6
k 22 264 10
k 23 49 3
k 23 74 9
k 23 145 8
k 23 153 3
k 23 171 8
k 23 213 5
k 23 231 5
k 23 235 5
k 23 241 7
k 23 251 7
k 23 281 7
k 23 299 2
k 24 16 5
k 24 38 8
k 24 59 10
k 24 77 11
k 24 81 2
k 24 121 10
k 24 181 3
k 24 204 11
k 24 220 3
k 24 224 7
k 24 226 9
k 24 246 11
k 24 256 3
k 24 274 6
k 24 275 11
k 25 23 3
k 25 77 8
k 25 78 4
k 25 91 9
k 25 94 7
k 25 128 4
k 25 130 8
k 25 211 7
k 25 224 11
k 25 281 5
k 25 294 6
k 26 33 8
k 26 52 7
k 26 54 5
k 26 66 3
k 26 67 6
k 26 77 2
k 26 183 11
k 26 188 10
k 26 197 4
k 26 200 8
k 26 212 6
k 26 219 8
k 26 242 9
k 26 250 6
k 27 12 7
k 27 13 10
k 27 39 4
k 27 96 3
k 27 132 8
k 27 241 5
k 27 242 6
k 27 248 11
k 27 260 9
k 28 18 8
k 28 31 5
k 28 46 5
k 28 48 10
k 28 92 8
k 28 96 10
k 28 97 9
k 28 123 9
k 28 136 8
k 28 138 10
k 28 168 9
k 28 176 10
k 28 211 7
k 28 243 9
k 28 256 8
k 28 283 4
k 29 24 4
k 29 56 2
k 29 124 10
k 29 134 3
k 29 199 10
k 29 212 2
k 29 214 2
k 29 217 6
k 29 230 3
k 29 241 7
k 29 266 6
k 29 290 5
k 29 293 8
k 29 296 3
k 30 38 7
k 30 46 7
k 30 68 5
k 30 118 7
k 30 192 5
k 30 217 11
k 30 219 3
k 30 258 6
k 30 262 5
k 30 265 8
k 30 272 7
k 30 285 10
k 30 287 11
k 30 294 11
k 31 7 5
k 31 28 10
k 31 36 10
k 31 76 11
k 31 85 8
k 31 102 10
k 31 167 7
k 31 177 4
k 31 180 11
k 31 201 8
k 31 202 10
k 31 217 3
k 31 236 10
k 31 258 10
k 31 262 6
k 32 97 2
k 32 109 4
k 32 195 8
k 32 225 3
k 32 231 8
k 32 238 5
k 32 241 5
k 32 262 2
k 32 273 10
k 33 3 6
k 33 10 7
k 33 73 8
k 33 89 10
k 33 133 11
k 33 163 9
k 33 177 4
k 33 182 10
k 33 235 3
k 33 238 11
k 33 249 4
k 33 253 6
k 33 258 9
k 33 278 10
k 33 291 4
k 34 3 4
k 34 35 7
k 34 96 10
k 34 107 8
k 34 120 9
k 34 121 11
k 34 137 5
k 34 143 2
k 34 147 2
k 34 230 5
k 34 241 4
k 35 43 5
k 35 107 11
k 35 118 5
k 35 153 3
k 35 191 11
k 35 238 5
k 35 281 9
k 35 295 2
k 36 12 5
k 36 23 5
k 36 46 3
k 36 61 6
k 36 114 4
k 36 171 2
k 36 176 2
k 36 184 5
k 36 249 4
k 36 265 6
k 36 298 9
k 37 67 7
k 37 78 2
k 37 84 5
k 37 100 10
k 37 139 5
k 37 241 7
k 37 245 11
k 38 0 5
k 38 15 10
k 38 70 11
k 38 101 3
k 38 116 2
k 38 134 9
k 38 142 10
k 38 161 4
k 38 230 3
k 38 238 8
k 38 297 9
k 39 3 4
k 39 25 8
k 39 31 8
k 39 54 6
k 39 87 3
k 39 113 5
k 39 115 7
k 39 140 5
k 39 225 8
k 39 288 9
k 40 0 4
k 40 33 7
k 40 38 8
k 40 61 6
k 40 70 9
k 40 80 9
k 40 147 8
k 40 164 11
k 40 173 9
k 40 185 4
k 40 196 4
k 40 210 4
k 40 257 6
k 40 262 8
k 41 30 11
k 41 36 11
k 41 91 6
k 41 118 10
k 41 131 3
k 41 133 11
k 41 136 10
k 41 198 2
k 41 220 6
k 41 221 4
k 41 224 4
k 41 226 3
k 41 229 6
k 41 238 10
k 41 249 7
k 41 271 5
k 42 21 2
k 42 32 5
k 42 65 4
k 42 85 2
k 42 104 7
k 42 209 8
k 42 233 5
k 42 236 5
k 42 255 6
k 42 270 10
k 43 28 4
k 43 48 3
k 43 60 5
k 43 80 9
k 43 128 8
k 43 227 8
k 43 253 8
k 43 269 2
k 43 274 11
k 43 276 3
k 44 36 5
k 44 63 5
k 44 74 10
k 44 180 3
k 44 186 4
k 44 209 3
k 44 210 4
k 44 250 10
k 44 253 3
k 44 258 9
k 44 270 6
k 44 274 6
k 44 291 2
k 45 9 8
k 45 13 2
k 45 19 10
k 45 43 8
k 45 55 7
k 45 63 3
k 45 75 5
k 45 106 10
k 45 118 10
k 45 123 9
k 45 135 2
k 45 136 4
k 45 140 7
k 45 150 11
k 45 282 10
k 46 13 8
k 46 18 8
k 46 38 6
k 46 87 11
k 46 88 6
k 46 235 6
k 47 9 6
k 47 48 6
k 47 75 2
k 47 95 11
k 47 108 6
k 47 110 2
k 47 114 8
k 47 117 10
k 47 134 9
k 47 190 10
k 47 273 4
k 47 276 8
k 48 25 10
k 48 40 10
k 48 75 6
k 48 113 7
k 48 125 5
k 48 147 3
k 48 155 6
k 48 165 5
k 48 168 2
k 48 220 5
k 48 231 7
k 48 263 6
k 48 280 3
k 49 7 9
k 49 64 11
k 49 83 6
k 49 106 3
k 49 111 4
k 49 122 6
k 49 181 7
k 49 209 2
k 49 235 6
k 49 262 10
k 49 291 6
k 50 19 7
k 50 29 5
k 50 57 11
k 50 79 8
k 50 94 10
k 50 108 9
k 50 109 11
k 50 151 8
k 50 153 5
k 50 184 3
k 50 196 7
k 50 225 11
k 50 251 10
k 50 271 4
k 50 288 10
k 51 23 6
k 51 41 8
k 51 42 3
k 51 138 11
k 51 152 4
k 51 165 2
k 51 186 2
k 51 200 10
k 51 224 2
k 51 235 9
k 51 262 8
k 51 294 4
k 52 2 4
k 52 15 2
k 52 33 8
k 52 76 10
k 52 91 4
k 52 107 6
k 52 114 5
k 52 118 7
k 52 125 7
k 52 127 4
k 52 214 9
k 52 264 2
k 52 293 8
k 52 299 10
k 53 11 2
k 53 54 7
k 53 55 3
k 53 97 4
k 53 98 3
k 53 104 11
k 53 106 2
k 53 108 5
k 53 138 7
k 53 161 3
k 53 199 11
k 53 213 11
k 53 256 2
k 53 274 6
k 53 276 9
k 53 287 10
k 54 15 11
k 54 65 3
k 54 86 6
k 54 115 3
k 54 119 4
k 54 122 11
k 54 135 11
k 54 153 7
k 54 280 5
k 54 294 11
k 55 67 3
k 55 70 11
k 55 104 11
k 55 108 5
k 55 115 6
k 55 123 4
k 55 147 7
k 55 171 2
k 55 207 6
k 55 257 9
k 56 52 3
k 56 71 5
k 56 101 6
k 56 133 2
k 56 137 5
k 56 138 4
k 56 144 7
k 56 163 3
k 56 193 5
k 56 292 2
k 56 297 10
k 57 27 4
k 57 40 5
k 57 41 7
k 57 69 11
k 57 74 4
k 57 121 9
k 57 126 2
k 57 140 4
k 57 156 4
k 57 183 11
k 57 195 11
k 57 196 3
k 57 197 10
k 57 211 9
k 57 237 6
k 58 11 7
k 58 59 3
k 58 97 5
k 58 137 9
k 58 142 8
k 58 161 10
k 58 174 9
k 58 232 8
k 58 259 5
k 58 269 7
k 58 298 11
k 59 4 7
k 59 17 6
k 59 34 5
k 59 62 3
k 59 72 10
k 59 129 8
k 59 206 7
k 59 219 7
k 59 248 7
k 59 251 3
k 60 17 10
k 60 80 4
k 60 110 10
k 60 177 10
k 60 199 3
k 60 217 5
k 60 248 6
k 60 258 2
k 60 286 6
k 61 57 2
k 61 70 9
k 61 95 11
k 61 116 4
k 61 131 7
k 61 165 10
k 61 168 4
k 61 177 5
k 61 183 3
k 61 209 6
k 61 234 4
k 61 288 3
k 62 16 11
k 62 71 7
k 62 108 8
k 62 109 4
k 62 151 8
k 62 189 4
k 62 203 4
k 62 257 8
k 62 263 7
k 62 286 11
k 62 296 9
k 63 1 5
k 63 16 3
k 63 37 7
k 63 41 7
k 63 47 10
k 63 94 5
k 63 134 10
k 63 163 2
k 63 198 7
k 63 227 2
k 63 281 11
k 63 285 7
k 63 288 8
k 63 291 2
k 64 9 6
k 64 23 2
k 64 45 5
k 64 46 11
k 64 101 8
k 64 113 6
k 64 141 7
k 64 191 6
k 64 192 6
k 64 201 3
k 64 212 10
k 64 213 6
k 64 217 6
k 64 268 6
k 64 273 8
k 64 297 4
k 65 7 4
k 65 45 6
k 65 75 5
k 65 95 11
k 65 149 11
k 65 170 11
k 65 221 8
k 65 223 7
k 65 278 11
k 65 279 11
k 66 33 6
k 66 85 3
k 66 86 3
k 66 132 2
k 66 143 3
k 66 153 11
k 66 187 2
k 66 216 6
k 66 222 2
k 66 243 3
k 66 271 6
k 66 272 6
k 67 95 2
k 67 119 3
k 67 153 3
k 67 206 9
k 67 250 7
k 67 262 9
k 67 284 2
k 68 9 2
k 68 11 11
k 68 16 6
k 68 20 9
k 68 28 9
k 68 74 5
k 68 108 5
k 68 131 4
k 68 137 5
k 68 160 4
k 68 208 11
k 68 218 2
k 68 219 10
k 68 226 8
k 68 229 4
k 68 237 8
k 68 243 9
k 68 259 8
k 68 263 2
k 68 294 6
k 68 299 10
k 69 30 5
k 69 63 8
k 69 84 7
k 69 98 8
k 69 107 9
k 69 145 7
k 69 185 11
k 69 246 11
k 69 262 11
k 69 265 10
k 69 288 2
k 69 294 4
k 70 40 7
k 70 71 9
k 70 93 11
k 70 124 3
k 70 130 6
k 70 139 7
k 70 185 10
k 70 213 10
k 70 240 8
k 70 255 10
k 70 265 8
k 70 292 9
k 71 16 7
k 71 34 3
k 71 39 8
k 71 42 3
k 71 78 2
k 71 79 6
k 71 128 11
k 71 166 10
k 71 201 4
k 71 220 4
k 71 232 4
k 71 238 10
k 71 244 4
k 71 265 5
k 71 273 2
k 72 1 8
k 72 3 10
k 72 7 10
k 72 41 5
k 72 84 7
k 72 88 6
k 72 156 3
k 72 168 11
k 72 212 10
k 72 213 7
k 72 240 11
k 72 241 8
k 72 258 7
k 72 265 11
k 72 274 8
k 73 20 8
k 73 26 4
k 73 97 4
k 73 126 3
k 73 128 4
k 73 154 10
k 73 177 9
k 73 204 5
k 73 217 6
k 73 230 5
k 73 289 5
k 74 35 10
k 74 48 3
k 74 85 3
k 74 94 11
k 74 110 8
k 74 164 9
k 74 204 4
k 74 207 5
k 74 208 6
k 74 210 10
k 74 236 9
k 74 244 11
k 75 9 6
k 75 30 5
k 75 115 5
k 75 119 8
k 75 153 9
k 75 234 11
k 75 245 8
k 76 49 4
k 76 122 8
k 76 131 10
k 76 166 11
k 76 170 4
k 76 182 6
k 76 210 9
k 76 214 11
k 76 266 2
k 77 47 7
k 77 97 7
k 77 98 4
k 77 148 3
k 77 172 9
k 77 196 9
k 77 218 7
k 77 234 7
k 77 278 6
k 77 281 4
k 78 33 9
k 78 52 2
k 78 66 11
k 78 142 8
k 78 171 3
k 78 173 10
k 78 179 10
k 78 204 6
k 78 214 8
k 78 220 2
k 78 237 3
k 78 245 10
k 79 4 4
k 79 48 4
k 79 113 6
k 79 141 9
k 79 176 5
k 79 184 3
k 79 193 9
k 79 211 5
k 79 216 5
k 79 226 10
k 79 230 9
k 79 233 10
k 79 247 7
k 79 257 8
k 79 293 6
k 79 296 9
k 80 27 7
k 80 32 4
k 80 40 11
k 80 41 5
k 80 55 4
k 80 61 9
k 80 71 3
k 80 90 10
k 80 125 4
k 80 156 11
k 80 181 9
k 80 207 8
k 80 227 3
k 80 237 10
k 80 253 7
k 80 255 8
k 80 279 2
k 80 294 10
k 81 20 3
k 81 33 5
k 81 37 6
k 81 56 10
k 81 61 11
k 81 64 10
k 81 86 10
k 81 102 9
k 81 103 2
k 81 110 6
k 81 129 11
k 81 134 5
k 81 138 5
k 81 185 11
k 81 190 4
k 81 216 9
k 81 220 6
k 81 232 3
k 81 249 6
k 81 256 4
k 81 283 4
k 82 6 4
k 82 19 8
k 82 35 6
k 82 44 8
k 82 59 11
k 82 81 7
k 82 195 9
k 82 245 8
k 82 250 7
k 82 290 7
k 83 19 11
k 83 31 2
k 83 35 2
k 83 54 4
k 83 63 2
k 83 68 11
k 83 72 11
k 83 79 4
k 83 137 6
k 83 139 9
k 83 173 9
k 83 203 8
k 83 216 9
k 83 219 3
k 83 222 5
k 83 258 9
k 83 270 11
k 83 292 7
k 83 296 7
k 83 299 6
k 84 66 2
k 84 99 10
k 84 114 7
k 84 175 6
k 84 194 2
k 84 221 8
k 84 223 5
k 84 224 7
k 84 234 3
k 84 247 2
k 84 252 2
k 84 256 11
k 84 263 4
k 85 19 2
k 85 30 4
k 85 160 6
k 85 239 10
k 85 250 3
k 85 282 7
k 86 2 11
k 86 57 10
k 86 107 10
k 86 115 4
k 86 117 4
k 86 129 7
k 86 163 4
k 86 172 3
k 86 210 9
k 86 233 11
k 86 264 10
k 86 283 3
k 87 36 4
k 87 111 3
k 87 137 2
k 87 241 11
k 87 284 9
k 88 17 11
k 88 44 10
k 88 121 6
k 88 146 10
k 88 180 11
k 88 198 5
k 88 207 4
k 88 268 8
k 89 44 3
k 89 65 2
k 89 94 9
k 89 124 4
k 89 128 6
k 89 149 5
k 89 183 10
k 89 216 7
k 89 226 10
k 89 270 2
k 89 275 4
k 89 296 9
k 90 22 10
k 90 40 7
k 90 44 6
k 90 81 8
k 90 113 6
k 90 188 5
k 90 210 9
k 90 243 8
k 90 244 5
k 90 247 3
k 91 78 7
k 91 98 10
k 91 155 6
k 91 189 5
k 91 191 2
k 91 206 6
k 91 222 2
k 91 242 3
k 91 254 7
k 91 283 8
k 92 53 3
k 92 100 7
k 92 102 6
k 92 137 7
k 92 147 8
k 92 205 6
k 92 263 11
k 92 276 2
k 92 280 9
k 93 32 6
k 93 39 8
k 93 49 7
k 93 79 9
k 93 121 8
k 93 202 3
k 93 212 3
k 93 224 2
k 93 232 8
k 93 234 7
k 93 240 2
k 93 265 8
k 94 10 9
k 94 14 8
k 94 31 9
k 94 47 2
k 94 93 5
k 94 147 6
k 94 170 2
k 94 191 9
k 94 228 8
k 94 268 5
k 94 277 6
k 94 290 10
k 94 295 10
k 95 36 4
k 95 68 11
k 95 94 4
k 95 105 4
k 95 157 9
k 95 175 4
k 95 179 6
k 95 218 5
k 95 239 9
k 95 252 9
k 95 284 7
k 95 294 3
k 96 73 5
k 96 82 4
k 96 85 7
k 96 103 3
k 96 104 2
k 96 121 4
k 96 122 11
k 96 128 4
k 96 194 9
k 96 208 3
k 96 288 4
k 97 2 10
k 97 3 3
k 97 6 10
k 97 19 5
k 97 41 11
k 97 47 6
k 97 89 11
k 97 163 8
k 97 239 6
k 98 20 7
k 98 31 10
k 98 39 2
k 98 79 9
k 98 95 9
k 98 144 2
k 98 158 2
k 98 189 7
k 98 216 11
k 98 232 3
k 98 249 2
k 98 283 7
k 99 1 9
k 99 10 7
k 99 18 2
k 99 39 3
k 99 60 8
k 99 103 2
k 99 113 2
k 99 184 3
k 99 204 5
k 99 211 7
k 99 213 4
k 99 223 4
k 99 251 9
k 99 254 4
k 99 268 9
k 100 0 5
k 100 16 11
k 100 21 4
k 100 28 2
k 100 30 4
k 100 34 6
k 100 48 4
k 100 75 7
k 100 104 6
k 100 122 4
k 100 156 7
k 100 174 7
k 100 195 5
k 100 201 2
k 100 229 3
k 100 235 6
k 101 26 2
k 101 37 11
k 101 50 11
k 101 53 8
k 101 59 8
k 101 79 6
k 101 93 3
k 101 99 7
k 101 102 8
k 101 108 4
k 101 112 3
k 101 128 10
k 101 137 6
k 101 173 6
k 101 195 2
k 101 207 8
k 101 254 5
k 101 255 9
k 101 256 11
k 101 280 9
k 102 42 3
k 102 70 5
k 102 108 7
k 102 111 4
k 102 118 11
k 102 124 8
k 102 163 9
k 102 186 9
k 102 212 4
k 102 217 5
k 102 245 3
k 102 274 2
k 102 277 4
k 103 55 7
k 103 56 4
k 103 69 5
k 103 86 11
k 103 119 9
k 103 125 4
k 103 135 2
k 103 158 6
k 103 173 7
k 103 214 6
k 103 250 5
k 104 35 2
k 104 51 10
k 104 165 3
k 104 200 8
k 104 204 6
k 104 255 6
k 104 260 2
k 105 27 3
k 105 59 7
k 105 173 8
k 105 178 9
k 105 202 8
k 105 214 4
k 105 230 7
k 105 277 7
k 105 281 3
k 105 296 7
k 106 9 8
k 106 53 4
k 106 59 8
k 106 76 6
k 106 83 6
k 106 124 4
k 106 167 11
k 106 254 5
k 106 276 6
k 106 278 11
k 106 280 8
k 106 285 6
k 106 287 4
k 107 19 4
k 107 29 8
k 107 38 11
k 107 53 10
k 107 70 7
k 107 128 11
k 107 171 4
k 107 190 6
k 107 225 9
k 107 242 5
k 107 257 8
k 107 267 11
k 107 278 5
k 108 31 5
k 108 32 5
k 108 95 3
k 108 110 10
k 108 133 9
k 108 162 8
k 108 165 10
k 108 179 8
k 109 18 10
k 109 53 7
k 109 55 5
k 109 76 7
k 109 153 9
k 109 197 7
k 110 62 11
k 110 80 3
k 110 111 10
k 110 114 6
k 110 132 5
k 110 189 11
k 110 199 2
k 110 216 9
k 110 217 6
k 110 219 2
k 110 222 4
k 110 228 2
k 110 266 9
k 110 280 10
k 111 46 3
k 111 78 11
k 111 92 4
k 111 117 7
k 111 121 7
k 111 126 3
k 111 132 4
k 111 149 11
k 111 173 8
k 111 204 5
k 111 236 3
k 111 284 6
k 111 290 2
k 112 0 8
k 112 25 4
k 112 30 9
k 112 34 10
k 112 56 2
k 112 72 5
k 112 147 4
k 112 183 5
k 112 197 11
k 112 230 2
k 113 22 8
k 113 23 7
k 113 50 2
k 113 70 8
k 113 95 6
k 113 97 10
k 113 128 8
k 113 175 8
k 113 181 7
k 113 184 11
k 113 188 4
k 113 255 3
k 113 261 3
k 113 284 5
k 114 84 10
k 114 107 10
k 114 127 3
k 114 159 4
k 114 163 9
k 114 187 10
k 114 198 11
k 114 202 10
k 114 208 9
k 114 242 6
k 114 252 5
k 115 31 3
k 115 45 4
k 115 69 9
k 115 100 6
k 115 120 6
k 115 140 3
k 115 184 2
k 115 190 11
k 115 196 11
k 115 216 2
k 115 269 5
k 115 293 10
k 115 297 11
k 116 39 2
k 116 86 7
k 116 152 8
k 116 195 6
k 116 244 7
k 116 293 11
k 116 298 3
k 117 1 2
k 117 41 8
k 117 89 11
k 117 101 6
k 117 103 8
k 117 107 2
k 117 180 8
k 117 198 4
k 117 233 6
k 117 284 5
k 117 295 6
k 118 8 6
k 118 10 3
k 118 27 8
k 118 41 5
k 118 60 3
k 118 74 9
k 118 101 4
k 118 162 10
k 118 239 11
k 118 285 4
k 119 34 6
k 119 39 2
k 119 95 4
k 119 128 7
k 119 129 6
k 119 130 5
k 119 141 8
k 119 237 6
k 119 239 4
k 119 250 10
k 119 256 3
k 119 270 5
k 119 291 3
k 120 12 3
k 120 60 8
k 120 119 4
k 120 203 9
k 120 230 9
k 120 243 5
k 120 287 8
k 120 299 3
k 121 44 9
k 121 55 7
k 121 87 4
k 121 106 6
k 121 154 7
k 121 163 3
k 121 192 3
k 122 6 7
k 122 19 9
k 122 48 11
k 122 60 9
k 122 157 9
k 122 159 7
k 122 162 4
k 122 190 9
k 122 198 10
k 122 209 4
k 122 214 3
k 122 237 5
k 122 271 10
k 122 292 7
k 123 30 10
k 123 31 6
k 123 77 8
k 123 109 10
k 123 115 10
k 123 167 6
k 123 202 6
k 123 285 10
k 124 7 3
k 124 24 5
k 124 36 2
k 124 45 10
k 124 55 11
k 124 120 3
k 124 134 3
k 124 140 2
k 124 143 4
k 124 147 10
k 124 173 10
k 124 215 2
k 124 217 7
k 124 246 3
k 125 26 4
k 125 55 6
k 125 63 3
k 125 69 6
k 125 100 6
k 125 120 5
k 125 126 9
k 125 156 6
k 125 163 9
k 125 170 9
k 125 184 3
k 125 223 2
k 125 227 3
k 125 272 3
k 125 282 6
k 126 3 10
k 126 80 2
k 126 127 2
k 126 128 8
k 126 139 10
k 126 156 11
k 126 168 9
k 126 169 10
k 126 188 4
k 126 208 4
k 126 230 9
k 126 242 8
k 126 246 11
k 126 261 7
k 126 269 2
k 126 276 8
k 126 291 7
k 127 5 9
k 127 14 8
k 127 40 8
k 127 48 5
k 127 73 6
k 127 84 2
k 127 126 9
k 127 135 7
k 127 138 5
k 127 172 2
k 127 191 9
k 127 260 8
k 127 298 4
k 128 27 10
k 128 38 8
k 128 49 7
k 128 77 5
k 128 110 4
k 128 135 8
k 128 253 10
k 128 299 9
k 129 19 11
k 129 50 9
k 129 91 8
k 129 155 11
k 129 173 3
k 129 206 10
k 129 225 2
k 129 229 11
k 129 241 9
k 129 252 9
k 129 258 6
k 129 262 6
k 129 277 8
k 130 5 4
k 130 37 10
k 130 42 11
k 130 110 8
k 130 115 7
k 130 128 8
k 130 165 8
k 130 179 8
k 130 209 8
k 130 217 7
k 130 242 9
k 130 256 8
k 130 262 5
k 131 38 2
k 131 67 11
k 131 70 7
k 131 141 10
k 131 143 9
k 131 144 5
k 131 159 4
k 131 192 5
k 131 195 5
k 131 220 8
k 131 252 3
k 131 258 9
k 131 275 7
k 131 280 4
k 132 2 10
k 132 4 6
k 132 11 7
k 132 46 10
k 132 48 2
k 132 50 2
k 132 80 11
k 132 99 2
k 132 144 2
k 132 160 11
k 132 165 11
k 132 221 7
k 132 224 9
k 132 241 11
k 132 247 6
k 132 294 3
k 133 17 2
k 133 86 5
k 133 102 3
k 133 112 4
k 133 117 8
k 133 168 4
k 133 200 10
k 133 246 8
k 133 259 4
k 134 23 9
k 134 29 7
k 134 51 3
k 134 112 3
k 134 123 9
k 134 143 6
k 134 159 4
k 134 234 11
k 134 240 11
k 134 286 2
k 135 37 2
k 135 50 6
k 135 58 10
k 135 149 2
k 135 158 7
k 135 201 7
k 135 202 11
k 135 228 9
k 135 246 6
k 135 258 9
k 136 135 2
k 136 138 7
k 136 144 11
k 136 173 6
k 136 186 9
k 136 194 6
k 136 216 7
k 136 252 4
k 136 271 9
k 136 275 11
k 136 278 9
k 136 280 5
k 137 9 9
k 137 130 6
k 137 170 11
k 137 174 5
k 137 195 8
k 137 210 9
k 137 219 8
k 137 285 10
k 137 294 6
k 138 5 8
k 138 27 8
k 138 86 5
k 138 164 3
k 138 194 7
k 138 198 4
k 138 233 8
k 138 236 9
k 138 240 7
k 139 26 2
k 139 38 4
k 139 43 3
k 139 62 5
k 139 68 6
k 139 78 4
k 139 122 11
k 139 136 9
k 139 146 6
k 139 150 8
k 139 179 6
k 139 216 4
k 140 6 9
k 140 59 9
k 140 62 6
k 140 67 6
k 140 86 2
k 140 94 8
k 140 122 4
k 140 132 4
k 140 148 2
k 140 192 8
k 140 199 6
k 140 215 10
k 140 270 4
k 140 279 10
k 140 296 2
k 141 9 10
k 141 24 10
k 141 29 6
k 141 39 2
k 141 45 3
k 141 55 5
k 141 91 3
k 141 150 4
k 141 151 3
k 141 181 8
k 141 187 6
k 141 207 2
k 141 213 9
k 141 241 6
k 141 246 4
k 141 286 6
k 142 17 9
k 142 48 3
k 142 56 4
k 142 70 4
k 142 95 7
k 142 121 2
k 142 131 8
k 142 133 8
k 142 138 9
k 142 176 3
k 142 189 10
k 142 194 5
k 142 225 5
k 142 233 9
k 142 240 4
k 143 4 6
k 143 13 8
k 143 32 7
k 143 55 10
k 143 84 5
k 143 97 4
k 143 142 11
k 143 156 6
k 143 183 8
k 143 201 5
k 143 202 5
k 143 208 7
k 143 210 9
k 143 213 10
k 143 235 11
k 143 244 11
k 143 251 6
k 143 285 7
k 143 289 3
k 143 290 6
k 144 0 7
k 144 10 3
k 144 74 9
k 144 86 2
k 144 116 4
k 144 126 11
k 144 129 2
k 144 136 6
k 144 142 2
k 144 177 4
k 144 184 10
k 144 244 10
k 144 270 11
k 145 2 4
k 145 16 7
k 145 27 11
k 145 34 4
k 145 44 9
k 145 51 7
k 145 78 10
k 145 81 9
k 145 111 11
k 145 149 6
k 145 164 5
k 145 176 10
k 145 179 2
k 145 190 9
k 145 196 10
k 145 198 4
k 145 205 2
k 145 219 7
k 145 232 3
k 145 236 5
k 145 254 2
k 146 2 3
k 146 9 6
k 146 45 9
k 146 90 3
k 146 161 9
k 146 163 4
k 146 180 3
k 146 222 11
k 146 253 2
k 146 260 3
k 146 261 9
k 146 272 5
k 146 286 8
k 147 24 8
k 147 82 2
k 147 143 5
k 147 159 4
k 147 187 10
k 147 189 11
k 147 192 5
k 147 197 4
k 147 212 2
k 147 226 2
k 147 227 5
k 147 230 9
k 147 238 11
k 147 272 8
k 147 294 5
k 148 45 6
k 148 95 6
k 148 134 4
k 148 135 10
k 148 142 10
k 148 145 5
k 148 165 7
k 148 193 10
k 148 210 8
k 148 263 6
k 148 266 10
k 148 269 11
k 149 29 3
k 149 42 9
k 149 84 11
k 149 121 8
k 149 145 6
k 149 169 6
k 149 208 7
k 149 216 5
k 150 3 7
k 150 8 4
k 150 37 6
k 150 42 7
k 150 58 5
k 150 98 4
k 150 102 10
k 150 147 7
k 150 167 6
k 150 208 4
k 150 262 3
k 151 6 2
k 151 60 5
k 151 80 4
k 151 102 8
k 151 107 8
k 151 141 9
k 151 163 9
k 151 190 11
k 151 221 5
k 151 275 4
k 151 294 7
k 152 4 8
k 152 28 2
k 152 48 7
k 152 61 7
k 152 99 4
k 152 105 10
k 152 116 10
k 152 235 2
k 152 254 6
k 153 19 8
k 153 61 2
k 153 72 2
k 153 79 11
k 153 85 4
k 153 94 10
k 153 115 11
k 153 151 4
k 153 176 4
k 154 23 2
k 154 30 4
k 154 42 2
k 154 46 5
k 154 74 7
k 154 83 6
k 154 109 6
k 154 116 10
k 154 160 7
k 154 164 10
k 154 177 8
k 154 196 9
k 154 207 7
k 154 234 3
k 154 243 4
k 154 258 6
k 154 260 4
k 154 266 3
k 155 55 6
k 155 65 11
k 155 67 11
k 155 100 4
k 155 106 9
k 155 111 6
k 155 163 9
k 155 203 5
k 155 222 9
k 155 235 11
k 155 255 3
k 155 294 2
k 156 5 6
k 156 8 8
k 156 9 9
k 156 35 7
k 156 54 10
k 156 59 4
k 156 68 11
k 156 88 6
k 156 113 6
k 156 144 3
k 156 148 7
k 156 216 10
k 156 242 4
k 157 54 9
k 157 62 9
k 157 70 3
k 157 71 2
k 157 112 2
k 157 116 6
k 157 279 6
k 158 21 9
k 158 32 3
k 158 37 8
k 158 51 3
k 158 73 7
k 158 107 6
k 158 113 8
k 158 131 3
k 158 146 8
k 158 153 8
k 158 181 2
k 158 182 10
k 158 218 5
k 158 235 3
k 158 292 5
k 158 298 9
k 159 47 6
k 159 126 4
k 159 143 4
k 159 145 5
k 159 147 5
k 159 164 11
k 159 166 4
k 159 195 2
k 159 196 5
k 159 199 7
k 159 208 9
k 160 74 9
k 160 104 6
k 160 130 2
k 160 250 4
k 161 6 2
k 161 12 8
k 161 21 10
k 161 41 11
k 161 44 4
k 161 48 5
k 161 92 9
k 161 108 2
k 161 159 4
k 161 160 6
k 161 164 11
k 161 222 6
k 161 273 3
k 162 1 6
k 162 14 10
k 162 65 3
k 162 82 2
k 162 164 7
k 162 171 5
k 162 182 7
k 162 183 6
k 162 195 5
k 162 230 7
k 162 240 4
k 162 250 9
k 162 255 2
k 163 38 9
k 163 56 3
k 163 84 4
k 163 115 6
k 163 145 3
k 163 159 11
k 163 166 5
k 163 182 3
k 163 183 11
k 163 253 3
k 163 274 9
k 164 40 6
k 164 42 3
k 164 58 3
k 164 77 2
k 164 95 11
k 164 98 6
k 164 160 6
k 164 168 11
k 164 197 3
k 164 230 11
k 164 251 4
k 164 268 8
k 164 277 2
k 164 279 11
k 164 290 5
k 164 298 7
k 165 34 6
k 165 71 10
k 165 102 8
k 165 148 11
k 165 160 2
k 165 167 4
k 165 219 8
k 165 251 3
k 165 254 10
k 165 261 4
k 165 265 6
k 165 266 4
k 165 274 9
k 165 290 11
k 166 5 3
k 166 32 8
k 166 42 9
k 166 55 5
k 166 137 9
k 166 151 5
k 166 174 4
k 166 178 7
k 166 216 10
k 166 222 6
k 166 291 3
k 167 94 9
k 167 153 9
k 167 160 10
k 167 175 3
k 167 191 7
k 167 231 2
k 167 233 3
k 167 239 6
k 167 260 3
k 167 268 6
k 167 276 6
k 167 295 5
k 168 66 5
k 168 84 7
k 168 92 4
k 168 281 11
k 168 285 6
k 169 96 9
k 169 113 11
k 169 156 7
k 169 162 11
k 169 171 9
k 169 208 8
k 169 219 10
k 169 228 2
k 169 293 9
k 170 14 11
k 170 23 5
k 170 68 6
k 170 71 4
k 170 88 7
k 170 95 5
k 170 115 7
k 170 120 10
k 170 143 7
k 170 192 5
k 170 201 3
k 170 242 6
k 170 248 4
k 170 252 2
k 170 272 11
k 170 285 2
k 170 288 7
k 170 297 3
k 171 18 7
k 171 20 9
k 171 74 6
k 171 92 5
k 171 109 6
k 171 110 5
k 171 242 2
k 171 280 11
k 172 6 8
k 172 121 6
k 172 126 9
k 172 181 11
k 172 234 3
k 172 235 2
k 172 236 4
k 172 297 5
k 173 10 7
k 173 64 9
k 173 83 9
k 173 86 2
k 173 98 2
k 173 149 3
k 173 159 3
k 173 228 2
k 173 235 6
k 173 282 11
k 173 287 11
k 174 12 5
k 174 60 6
k 174 80 3
k 174 129 8
k 174 140 11
k 174 146 11
k 174 155 2
k 174 193 5
k 174 202 5
k 174 243 3
k 174 255 5
k 174 267 10
k 174 277 10
k 174 284 5
k 175 3 3
k 175 5 9
k 175 24 4
k 175 98 7
k 175 104 6
k 175 140 2
k 175 166 5
k 175 178 10
k 175 189 11
k 175 254 4
k 175 281 10
k 175 283 2
k 175 298 3
k 176 56 10
k 176 79 9
k 176 98 10
k 176 110 7
k 176 131 9
k 176 143 3
k 176 202 3
k 176 235 2
k 176 283 8
k 176 287 8
k 177 24 5
k 177 33 3
k 177 60 9
k 177 72 11
k 177 84 4
k 177 89 3
k 177 116 4
k 177 157 7
k 177 193 4
k 177 195 7
k 177 259 2
k 177 266 9
k 177 275 9
k 177 290 11
k 178 18 2
k 178 61 4
k 178 84 3
k 178 160 11
k 178 197 11
k 178 209 10
k 178 226 3
k 178 258 5
k 178 294 4
k 179 26 10
k 179 55 9
k 179 113 5
k 179 140 7
k 179 149 5
k 179 166 6
k 179 254 4
k 179 282 4
k 179 286 5
k 179 292 9
k 180 23 2
k 180 57 2
k 180 85 3
k 180 90 11
k 180 128 10
k 180 150 5
k 180 191 11
k 180 192 6
k 180 198 10
k 180 215 4
k 180 232 11
k 180 278 10
k 181 3 8
k 181 66 4
k 181 126 3
k 181 146 11
k 181 152 5
k 181 170 9
k 181 222 6
k 181 232 8
k 181 247 7
k 181 262 3
k 181 269 4
k 181 271 6
k 182 4 5
k 182 10 2
k 182 33 11
k 182 65 9
k 182 165 2
k 182 220 9
k 182 259 6
k 182 289 11
k 183 23 9
k 183 38 5
k 183 69 10
k 183 112 9
k 183 138 10
k 183 160 7
k 183 167 4
k 183 247 3
k 183 249 8
k 184 8 7
k 184 164 9
k 184 198 11
k 184 212 10
k 184 217 6
k 184 238 3
k 184 240 11
k 184 273 9
k 184 277 6
k 185 12 7
k 185 25 6
k 185 33 7
k 185 73 4
k 185 104 8
k 185 148 7
k 185 153 3
k 185 165 9
k 185 198 6
k 185 246 7
k 185 277 5
k 185 286 5
k 186 31 7
k 186 40 7
k 186 75 8
k 186 96 5
k 186 111 5
k 186 125 7
k 186 132 10
k 186 190 6
k 186 196 8
k 186 205 6
k 186 252 9
k 186 256 9
k 186 258 11
k 187 21 9
k 187 24 11
k 187 33 2
k 187 51 7
k 187 78 11
k 187 89 3
k 187 90 8
k 187 115 4
k 188 30 6
k 188 41 6
k 188 46 2
k 188 60 10
k 188 91 10
k 188 120 9
k 188 127 10
k 188 137 10
k 188 150 5
k 188 156 7
k 188 159 8
k 188 161 11
k 188 169 8
k 188 197 3
k 189 36 6
k 189 69 6
k 189 122 6
k 189 129 9
k 189 130 9
k 189 150 4
k 189 151 10
k 189 180 11
k 189 202 9
k 189 208 4
k 189 253 3
k 189 268 11
k 189 281 8
k 189 297 8
k 189 299 3
k 190 4 6
k 190 36 7
k 190 41 10
k 190 84 5
k 190 152 10
k 190 168 10
k 190 205 2
k 190 213 7
k 190 297 8
k 191 32 5
k 191 38 3
k 191 44 6
k 191 56 3
k 191 118 2
k 191 140 3
k 191 142 11
k 191 143 11
k 191 150 11
k 191 161 6
k 191 220 7
k 191 239 2
k 191 296 5
k 192 32 8
k 192 40 11
k 192 86 8
k 192 109 6
k 192 130 9
k 192 149 2
k 192 152 3
k 192 242 7
k 192 280 2
k 192 291 10
k 192 292 5
k 193 13 7
k 193 24 2
k 193 65 5
k 193 94 9
k 193 125 11
k 193 175 5
k 193 191 6
k 193 219 9
k 193 248 3
k 193 252 9
k 194 46 11
k 194 62 2
k 194 104 5
k 194 121 5
k 194 159 7
k 194 166 5
k 194 196 8
k 194 218 11
k 194 236 9
k 194 282 9
k 195 74 8
k 195 108 3
k 195 160 2
k 195 267 4
k 195 272 7
k 195 291 9
k 196 59 10
k 196 80 9
k 196 109 2
k 196 145 11
k 196 192 7
k 196 194 10
k 196 263 10
k 196 276 8
k 196 299 7
k 197 12 10
k 197 38 9
k 197 54 6
k 197 83 10
k 197 190 8
k 197 226 10
k 197 260 7
k 198 48 8
k 198 57 5
k 198 60 8
k 198 64 9
k 198 91 4
k 198 99 5
k 198 115 2
k 198 130 10
k 198 151 3
k 198 170 6
k 198 197 7
k 198 263 2
k 198 268 10
k 199 9 11
k 199 73 9
k 199 143 4
k 199 145 4
k 199 186 3
k 199 216 10
k 199 231 7
k 199 258 5
k 199 295 11
k 200 71 11
k 200 72 9
k 200 86 2
k 200 118 3
k 200 121 7
k 200 125 2
k 200 148 5
k 200 159 9
k 200 275 6
k 200 293 4
k 200 295 3
k 201 35 7
k 201 41 5
k 201 46 3
k 201 61 4
k 201 65 2
k 201 70 4
k 201 91 6
k 201 99 11
k 201 104 6
k 201 110 4
k 201 189 3
k 201 298 7
k 202 7 4
k 202 16 2
k 202 52 5
k 202 53 4
k 202 112 4
k 202 185 6
k 202 207 3
k 202 221 9
k 202 282 5
k 202 295 4
k 203 54 10
k 203 116 7
k 203 152 5
k 203 158 11
k 203 180 3
k 203 201 2
k 203 231 3
k 203 258 8
k 203 261 2
k 204 10 4
k 204 32 9
k 204 33 10
k 204 81 10
k 204 190 6
k 204 243 5
k 204 256 5
k 204 263 6
k 205 20 6
k 205 37 11
k 205 113 4
k 205 135 9
k 205 144 8
k 205 170 3
k 205 173 3
k 205 222 9
k 205 241 4
k 205 253 3
k 205 260 2
k 205 285 2
k 206 11 9
k 206 12 7
k 206 30 2
k 206 42 4
k 206 48 11
k 206 54 8
k 206 113 10
k 206 175 4
k 206 198 8
k 206 204 4
k 206 230 3
k 206 258 2
k 206 263 8
k 207 15 4
k 207 20 8
k 207 44 10
k 207 46 11
k 207 50 10
k 207 127 9
k 207 141 7
k 207 147 4
k 207 201 11
k 207 204 6
k 207 226 6
k 207 239 4
k 208 19 10
k 208 21 11
k 208 30 11
k 208 46 9
k 208 161 8
k 208 203 4
k 208 207 3
k 208 223 7
k 208 233 7
k 208 242 4
k 208 265 8
k 208 276 10
k 208 280 6
k 209 11 5
k 209 47 5
k 209 66 7
k 209 83 4
k 209 149 4
k 209 153 8
k 209 160 8
k 209 167 9
k 209 176 8
k 209 186 5
k 209 211 11
k 209 234 7
k 209 253 6
k 209 257 9
k 209 296 3
k 209 298 5
k 210 8 2
k 210 11 6
k 210 18 11
k 210 27 5
k 210 29 7
k 210 61 2
k 210 62 9
k 210 73 11
k 210 81 9
k 210 110 4
k 210 141 6
k 210 181 7
k 210 218 11
k 211 30 7
k 211 40 11
k 211 48 9
k 211 86 10
k 211 102 6
k 211 106 4
k 211 135 2
k 211 142 2
k 211 186 8
k 211 224 9
k 211 280 8
k 212 28 7
k 212 77 11
k 212 79 3
k 212 125 10
k 212 190 3
k 212 200 11
k 212 237 6
k 212 244 6
k 212 284 4
k 213 20 11
k 213 37 11
k 213 81 7
k 213 104 10
k 213 112 10
k 213 173 6
k 213 216 6
k 213 249 9
k 213 252 8
k 213 269 3
k 213 271 5
k 213 275 10
k 214 10 3
k 214 26 9
k 214 60 7
k 214 75 8
k 214 98 2
k 214 110 5
k 214 127 4
k 214 178 7
k 214 193 5
k 214 195 7
k 214 198 8
k 214 262 11
k 214 269 4
k 214 296 2
k 215 13 4
k 215 78 8
k 215 92 8
k 215 172 3
k 215 213 5
k 215 226 4
k 215 228 4
k 215 251 8
k 215 290 11
k 215 292 7
k 215 296 9
k 216 18 2
k 216 19 11
k 216 46 11
k 216 50 6
k 216 88 10
k 216 103 7
k 216 130 8
k 216 138 3
k 216 151 5
k 216 155 5
k 216 168 7
k 216 190 11
k 216 202 11
k 216 211 11
k 216 228 4
k 216 240 2
k 216 253 9
k 216 258 9
k 216 285 7
k 217 0 11
k 217 9 6
k 217 53 6
k 217 97 2
k 217 104 5
k 217 127 7
k 217 144 4
k 217 155 8
k 217 180 5
k 217 227 2
k 217 251 9
k 217 280 7
k 218 37 2
k 218 48 6
k 218 86 4
k 218 113 6
k 218 120 10
k 218 133 11
k 218 136 5
k 218 164 5
k 218 188 8
k 218 209 7
k 218 212 3
k 218 285 7
k 219 94 10
k 219 138 11
k 219 159 6
k 219 192 3
k 219 218 11
k 220 41 6
k 220 58 10
k 220 66 2
k 220 99 6
k 220 104 4
k 220 128 2
k 220 133 3
k 220 149 4
k 220 187 6
k 220 230 7
k 220 249 9
k 220 272 5
k 221 19 2
k 221 30 5
k 221 49 8
k 221 56 10
k 221 66 7
k 221 67 5
k 221 102 5
k 221 193 3
k 221 204 3
k 221 261 5
k 221 279 4
k 221 283 10
k 221 293 3
k 222 3 6
k 222 26 11
k 222 126 4
k 222 138 8
k 222 151 2
k 222 197 9
k 222 198 8
k 222 238 3
k 222 255 5
k 222 279 11
k 222 280 5
k 223 26 11
k 223 36 5
k 223 57 9
k 223 67 5
k 223 91 11
k 223 92 10
k 223 110 10
k 223 139 4
k 223 176 2
k 223 204 7
k 223 214 9
k 223 244 7
k 223 261 3
k 223 280 9
k 224 1 7
k 224 19 4
k 224 20 6
k 224 25 7
k 224 149 9
k 224 160 3
k 224 177 7
k 224 181 4
k 224 205 5
k 224 226 11
k 224 235 6
k 224 253 10
k 225 13 5
k 225 14 3
k 225 26 3
k 225 43 10
k 225 46 11
k 225 50 6
k 225 70 4
k 225 77 11
k 225 91 3
k 225 112 7
k 225 123 9
k 225 158 8
k 225 163 9
k 225 189 9
k 225 217 5
k 225 253 7
k 225 254 6
k 225 267 5
k 225 278 3
k 225 290 4
k 226 107 10
k 226 125 10
k 226 154 8
k 226 178 7
k 226 203 7
k 226 265 8
k 226 266 6
k 227 4 7
k 227 17 5
k 227 63 11
k 227 207 2
k 228 3 8
k 228 15 6
k 228 23 6
k 228 45 2
k 228 54 10
k 228 60 11
k 228 75 6
k 228 81 2
k 228 87 7
k 228 130 10
k 228 144 6
k 228 207 3
k 228 245 4
k 228 284 6
k 229 6 9
k 229 18 11
k 229 40 6
k 229 84 2
k 229 95 11
k 229 114 6
k 229 120 11
k 229 121 6
k 229 126 7
k 229 146 7
k 229 160 10
k 229 216 4
k 229 241 3
k 229 289 11
k 230 42 8
k 230 65 6
k 230 70 7
k 230 106 8
k 230 117 11
k 230 156 9
k 230 159 11
k 230 173 7
k 230 206 10
k 230 260 6
k 231 0 4
k 231 49 4
k 231 64 7
k 231 140 2
k 231 201 6
k 231 212 6
k 231 215 6
k 231 257 4
k 231 286 4
k 231 296 10
k 232 17 9
k 232 21 11
k 232 95 7
k 232 128 11
k 232 150 9
k 232 185 8
k 232 188 4
k 232 189 8
k 232 190 8
k 232 209 4
k 232 218 10
k 232 224 4
k 233 15 3
k 233 22 6
k 233 87 8
k 233 96 5
k 233 119 8
k 233 125 8
k 233 172 6
k 233 177 4
k 233 196 4
k 233 228 4
k 233 232 6
k 234 153 2
k 234 186 3
k 234 200 4
k 234 205 4
k 234 206 9
k 234 213 8
k 234 214 3
k 234 249 2
k 234 264 6
k 234 291 8
k 235 38 3
k 235 83 8
k 235 91 2
k 235 98 10
k 235 109 8
k 235 112 6
k 235 114 4
k 235 119 9
k 235 135 11
k 235 173 11
k 235 197 5
k 235 204 4
k 235 223 9
k 235 262 6
k 235 290 2
k 235 298 10
k 236 86 10
k 236 116 7
k 236 134 11
k 236 188 10
k 236 220 8
k 236 242 4
k 236 275 9
k 237 23 10
k 237 43 5
k 237 75 2
k 237 83 9
k 237 91 9
k 237 106 7
k 237 114 10
k 237 129 7
k 237 134 9
k 237 144 9
k 237 173 6
k 237 185 7
k 237 261 10
k 237 262 5
k 237 282 2
k 238 17 6
k 238 82 10
k 238 108 3
k 238 142 6
k 238 185 3
k 238 204 11
k 238 212 2
k 238 220 8
k 238 263 9
k 238 280 4
k 238 284 10
k 239 6 9
k 239 25 11
k 239 61 9
k 239 65 2
k 239 101 2
k 239 126 3
k 239 137 9
k 239 185 2
k 239 195 3
k 239 212 3
k 239 230 8
k 239 244 3
k 239 247 7
k 239 270 11
k 240 7 3
k 240 11 8
k 240 18 6
k 240 66 6
k 240 67 4
k 240 92 9
k 240 97 2
k 240 128 11
k 240 132 2
k 240 144 5
k 240 150 11
k 240 155 4
k 240 162 4
k 240 164 7
k 240 178 9
k 240 197 7
k 240 210 8
k 240 227 6
k 240 261 8
k 240 266 2
k 241 6 7
k 241 31 7
k 241 40 10
k 241 54 8
k 241 61 2
k 241 127 2
k 241 141 6
k 241 144 9
k 241 153 7
k 241 194 5
k 241 209 10
k 241 239 5
k 241 242 6
k 241 244 5
k 241 257 2
k 241 271 2
k 242 15 7
k 242 33 9
k 242 74 10
k 242 84 3
k 242 85 4
k 242 106 4
k 242 133 5
k 242 156 5
k 242 163 9
k 242 228 10
k 242 264 2
k 243 17 5
k 243 39 10
k 243 51 5
k 243 105 10
k 243 139 10
k 243 212 2
k 243 222 9
k 243 272 10
k 243 292 8
k 244 16 5
k 244 36 10
k 244 94 5
k 244 116 4
k 244 132 2
k 244 151 5
k 244 154 5
k 244 162 8
k 244 175 2
k 244 195 8
k 244 295 5
k 245 15 11
k 245 32 3
k 245 56 2
k 245 129 9
k 245 144 2
k 245 149 11
k 245 193 6
k 245 227 6
k 245 235 4
k 245 255 5
k 245 256 7
k 245 259 2
k 246 34 11
k 246 41 9
k 246 73 5
k 246 94 3
k 246 158 5
k 246 179 2
k 246 267 4
k 246 274 7
k 246 278 11
k 247 27 6
k 247 69 9
k 247 200 2
k 247 241 7
k 247 279 7
k 248 8 3
k 248 18 10
k 248 32 9
k 248 42 10
k 248 54 7
k 248 86 2
k 248 124 4
k 248 136 11
k 248 150 5
k 248 160 5
k 248 215 7
k 248 226 4
k 248 229 2
k 248 292 10
k 249 45 7
k 249 56 4
k 249 128 11
k 249 138 4
k 249 167 9
k 249 173 5
k 249 181 11
k 249 218 4
k 249 224 4
k 249 225 2
k 249 238 6
k 250 6 9
k 250 30 11
k 250 35 11
k 250 62 7
k 250 90 4
k 250 100 11
k 250 109 4
k 250 164 6
k 250 180 3
k 250 207 3
k 250 213 5
k 250 217 10
k 250 240 9
k 250 258 8
k 250 289 10
k 251 57 6
k 251 59 9
k 251 92 9
k 251 178 3
k 251 196 3
k 251 215 7
k 251 262 4
k 251 294 11
k 252 15 9
k 252 21 10
k 252 74 10
k 252 119 3
k 252 122 4
k 252 129 8
k 252 131 10
k 252 139 11
k 252 189 9
k 252 202 9
k 252 210 8
k 252 230 2
k 252 240 6
k 252 281 9
k 253 44 9
k 253 179 2
k 253 182 6
k 253 240 6
k 253 266 8
k 253 295 3
k 254 31 5
k 254 72 7
k 254 87 7
k 254 99 3
k 254 105 3
k 254 132 6
k 254 175 7
k 254 186 8
k 254 200 9
k 254 235 2
k 254 237 9
k 254 277 6
k 255 1 5
k 255 11 5
k 255 67 3
k 255 80 5
k 255 108 2
k 255 110 7
k 255 114 10
k 255 136 7
k 255 184 11
k 255 187 3
k 255 202 3
k 255 207 7
k 255 277 2
k 255 280 3
k 256 3 11
k 256 134 4
k 256 146 8
k 256 203 2
k 256 211 6
k 256 228 10
k 256 240 8
k 256 283 9
k 256 285 9
k 257 36 10
k 257 126 11
k 257 155 2
k 257 220 2
k 257 221 8
k 257 242 8
k 258 65 5
k 258 66 9
k 258 118 5
k 258 142 7
k 258 145 3
k 258 162 3
k 258 182 10
k 258 198 6
k 258 201 7
k 258 238 3
k 258 241 6
k 258 260 11
k 258 263 4
k 258 275 10
k 258 286 3
k 259 33 7
k 259 35 6
k 259 122 10
k 259 124 7
k 259 125 8
k 259 165 8
k 259 174 6
k 259 185 5
k 259 200 11
k 259 204 9
k 259 213 8
k 259 237 11
k 259 270 11
k 259 279 4
k 260 11 6
k 260 23 7
k 260 66 8
k 260 67 9
k 260 150 8
k 260 166 9
k 260 173 11
k 260 199 6
k 260 237 10
k 261 2 10
k 261 8 2
k 261 52 5
k 261 86 5
k 261 129 3
k 261 146 9
k 261 163 11
k 261 191 5
k 261 225 10
k 261 254 9
k 261 265 5
k 261 282 5
k 262 2 8
k 262 11 5
k 262 80 6
k 262 86 9
k 262 90 9
k 262 130 2
k 262 160 4
k 262 193 2
k 262 194 8
k 262 206 6
k 262 238 6
k 262 243 8
k 262 280 3
k 263 8 3
k 263 9 7
k 263 46 10
k 263 164 2
k 263 172 5
k 263 209 8
k 263 252 4
k 263 253 5
k 263 255 3
k 263 287 3
k 263 291 4
k 263 292 5
k 263 293 7
k 264 3 5
k 264 17 8
k 264 23 7
k 264 27 9
k 264 74 5
k 264 81 8
k 264 104 9
k 264 107 7
k 264 118 6
k 264 131 5
k 264 143 11
k 264 225 11
k 264 257 6
k 264 289 11
k 265 21 10
k 265 23 2
k 265 26 5
k 265 41 2
k 265 61 8
k 265 67 8
k 265 186 2
k 265 188 10
k 265 224 11
k 265 226 5
k 265 244 8
k 266 24 6
k 266 29 5
k 266 58 5
k 266 64 5
k 266 85 3
k 266 107 7
k 266 177 9
k 266 193 2
k 266 200 6
k 266 201 2
k 266 225 4
k 266 251 2
k 266 255 5
k 266 257 10
k 266 284 4
k 266 286 9
k 267 51 7
k 267 59 3
k 267 97 4
k 267 123 9
k 267 130 8
k 267 195 6
k 267 242 9
k 267 244 7
k 267 245 6
k 267 248 4
k 267 255 2
k 267 264 6
k 267 278 6
k 268 32 5
k 268 42 11
k 268 49 5
k 268 56 4
k 268 86 10
k 268 102 9
k 268 107 2
k 268 142 9
k 268 177 8
k 268 222 10
k 268 227 5
k 268 260 3
k 268 273 2
k 268 294 2
k 268 296 11
k 269 28 5
k 269 89 6
k 269 95 10
k 269 175 7
k 269 254 6
k 269 298 7
k 270 32 3
k 270 67 8
k 270 94 6
k 270 96 3
k 270 112 8
k 270 133 4
k 270 135 7
k 270 150 11
k 270 166 7
k 270 191 2
k 270 202 5
k 270 212 4
k 270 216 6
k 270 243 6
k 270 260 2
k 270 278 10
k 271 6 11
k 271 51 3
k 271 98 5
k 271 103 7
k 271 111 5
k 271 115 4
k 271 138 8
k 271 150 7
k 271 176 6
k 271 223 11
k 271 254 3
k 272 12 7
k 272 34 8
k 272 78 7
k 272 114 4
k 272 116 4
k 272 128 5
k 272 164 11
k 272 174 9
k 272 179 5
k 272 181 11
k 272 195 9
k 272 224 8
k 272 226 11
k 272 231 10
k 272 279 11
k 273 5 3
k 273 60 11
k 273 82 7
k 273 83 5
k 273 101 4
k 273 111 5
k 273 116 6
k 273 138 2
k 273 150 2
k 273 215 5
k 273 218 4
k 273 243 2
k 273 285 3
k 274 38 5
k 274 41 6
k 274 61 10
k 274 66 10
k 274 139 6
k 274 246 11
k 274 251 10
k 274 261 2
k 275 35 11
k 275 56 7
k 275 75 9
k 275 76 10
k 275 99 11
k 275 133 3
k 275 139 6
k 275 153 11
k 275 156 7
k 275 164 9
k 275 167 7
k 275 196 4
k 275 246 9
k 275 267 7
k 276 1 11
k 276 22 9
k 276 48 3
k 276 62 6
k 276 67 10
k 276 92 11
k 276 105 3
k 276 112 10
k 276 152 10
k 276 202 9
k 276 209 10
k 276 211 9
k 276 227 5
k 276 282 7
k 277 30 3
k 277 118 3
k 277 144 8
k 277 153 8
k 277 173 8
k 277 179 10
k 277 201 10
k 277 226 11
k 277 231 10
k 277 238 9
k 277 257 8
k 277 259 11
k 277 272 11
k 277 287 8
k 278 21 6
k 278 24 9
k 278 50 2
k 278 54 5
k 278 66 3
k 278 91 11
k 278 123 3
k 278 128 8
k 278 137 7
k 278 175 5
k 278 180 5
k 278 207 4
k 278 213 10
k 278 215 3
k 278 241 10
k 278 280 3
k 278 284 2
k 278 286 11
k 278 293 3
k 279 9 11
k 279 39 2
k 279 59 6
k 279 98 3
k 279 130 2
k 279 138 8
k 279 177 3
k 279 180 9
k 279 234 2
k 279 238 9
k 280 5 2
k 280 20 7
k 280 83 3
k 280 95 4
k 280 99 8
k 280 130 6
k 280 139 8
k 280 158 8
k 280 177 6
k 280 203 2
k 280 227 4
k 280 254 11
k 280 257 5
k 281 105 5
k 281 115 3
k 281 169 5
k 281 227 3
k 281 251 9
k 281 263 2
k 281 274 3
k 282 2 4
k 282 18 7
k 282 33 10
k 282 38 7
k 282 71 5
k 282 117 8
k 282 126 3
k 282 178 10
k 282 204 7
k 282 207 3
k 282 229 4
k 282 233 5
k 282 241 3
k 282 286 6
k 283 49 9
k 283 53 10
k 283 88 3
k 283 91 6
k 283 97 3
k 283 107 6
k 283 123 7
k 283 186 8
k 283 217 6
k 283 233 8
k 284 9 9
k 284 16 10
k 284 40 9
k 284 133 7
k 284 134 7
k 284 210 4
k 284 249 11
k 284 257 5
k 284 259 5
k 284 282 9
k 284 294 11
k 285 18 7
k 285 24 4
k 285 115 9
k 285 142 4
k 285 145 10
k 285 229 2
k 285 230 4
k 285 238 6
k 285 257 2
k 285 262 2
k 285 298 11
k 286 12 11
k 286 31 9
k 286 77 6
k 286 78 9
k 286 86 2
k 286 110 5
k 286 111 8
k 286 130 5
k 286 158 6
k 286 204 9
k 286 220 10
k 286 236 7
k 286 248 7
k 286 254 11
k 286 268 4
k 286 273 11
k 286 293 4
k 287 35 5
k 287 38 10
k 287 54 2
k 287 66 5
k 287 69 4
k 287 82 7
k 287 100 3
k 287 114 2
k 287 158 11
k 287 177 3
k 287 229 8
k 287 245 7
k 287 258 6
k 288 33 3
k 288 47 8
k 288 56 5
k 288 87 10
k 288 88 5
k 288 95 5
k 288 101 6
k 288 102 7
k 288 112 2
k 288 153 10
k 288 219 7
k 288 229 11
k 288 254 8
k 288 281 2
k 288 295 10
k 289 33 3
k 289 71 8
k 289 91 5
k 289 115 10
k 289 187 8
k 289 203 7
k 289 231 3
k 289 240 4
k 289 262 10
k 289 283 4
k 289 290 9
k 290 5 5
k 290 48 2
k 290 63 9
k 290 101 6
k 290 133 10
k 290 164 9
k 290 165 6
k 290 167 2
k 290 194 9
k 290 201 11
k 290 217 11
k 291 18 3
k 291 56 9
k 291 86 9
k 291 94 3
k 291 148 5
k 291 158 6
k 291 167 9
k 291 178 7
k 291 193 3
k 291 202 10
k 291 213 5
k 291 247 7
k 291 269 3
k 291 288 5
k 291 295 3
k 292 4 6
k 292 63 9
k 292 66 7
k 292 80 8
k 292 98 6
k 292 119 8
k 292 136 3
k 292 153 2
k 292 156 10
k 292 160 5
k 292 161 6
k 292 176 3
k 292 186 2
k 292 209 3
k 292 215 2
k 292 275 6
k 293 24 2
k 293 112 10
k 293 158 9
k 293 171 10
k 293 184 2
k 293 191 5
k 293 201 10
k 293 255 7
k 293 298 2
k 294 15 3
k 294 21 6
k 294 45 7
k 294 64 5
k 294 92 10
k 294 94 2
k 294 106 7
k 294 122 2
k 294 132 7
k 294 168 9
k 294 184 4
k 294 191 4
k 294 204 7
k 294 225 7
k 294 250 2
k 294 272 8
k 295 28 11
k 295 51 6
k 295 76 6
k 295 120 10
k 295 128 9
k 295 136 2
k 295 185 6
k 295 248 8
k 295 277 7
k 295 279 4
k 295 292 5
k 296 15 7
k 296 21 11
k 296 57 5
k 296 71 7
k 296 105 5
k 296 135 9
k 296 144 11
k 296 203 10
k 296 231 7
k 296 241 7
k 296 247 7
k 296 250 2
k 296 263 4
k 296 268 8
k 297 42 3
k 297 45 9
k 297 46 7
k 297 63 10
k 297 118 8
k 297 188 2
k 297 201 9
k 297 204 7
k 297 218 6
k 297 225 8
k 297 240 2
k 297 289 9
k 298 29 6
k 298 86 4
k 298 100 2
k 298 125 4
k 298 137 6
k 298 211 5
k 298 240 8
k 298 269 10
k 299 0 10
k 299 56 4
k 299 87 5
k 299 96 8
k 299 100 11
k 299 176 10
k 299 178 10
k 299 192 5
k 299 198 9
k 299 209 7
k 299 211 7
k 299 237 10
k 299 258 2
k 299 263 5
c
c source target cost capacity
a 0 118 641 491
a 118 0 641 491
a 0 150 2441 835
a 150 0 2441 835
a 0 243 442 796
a 243 0 442 796
a 0 279 3329 888
a 279 0 3329 888
a 1 88 845 836
a 88 1 845 836
a 1 164 3460 552
a 164 1 3460 552
a 1 175 241 691
a 175 1 241 691
a 1 194 7865 915
a 194 1 7865 915
a 1 281 8100 631
a 281 1 8100 631
a 2 206 109 770
a 206 2 109 770
a 2 217 2929 680
a 217 2 2929 680
a 3 116 5185 565
a 116 3 5185 565
a 3 219 4225 586
a 219 3 4225 586
a 3 239 3281 603
a 239 3 3281 603
a 3 285 3562 520
a 285 3 3562 520
a 4 174 4050 797
a 174 4 4050 797
a 4 176 533 507
a 176 4 533 507
a 4 247 305 624
a 247 4 305 624
a 4 260 4840 505
a 260 4 4840 505
a 4 285 6442 510
a 285 4 6442 510
a 5 82 1105 606
a 82 5 1105 606
a 5 161 1762 739
a 161 5 1762 739
a 5 163 5960 632
a 163 5 5960 632
a 5 171 5081 927
a 171 5 5081 927
a 5 201 3620 869
a 201 5 3620 869
a 5 269 2330 778
a 269 5 2330 778
a 6 66 450 675
a 66 6 450 675
a 6 227 5701 941
a 227 6 5701 941
a 6 229 3600 741
a 229 6 3600 741
a 7 105 250 628
a 105 7 250 628
a 7 170 3373 892
a 170 7 3373 892
a 7 178 1160 744
a 178 7 1160 744
a 7 229 5693 685
a 229 7 5693 685
a 8 54 338 768
a 54 8 338 768
a 8 124 3778 496
a 124 8 3778 496
a 8 226 12717 583
a 226 8 12717 583
a 9 28 281 664
a 28 9 281 664
a 9 57 1889 514
a 57 9 1889 514
a 9 236 2441 804
a 236 9 2441 804
a 9 292 5365 928
a 292 9 5365 928
a 10 147 4381 948
a 147 10 4381 948
a 10 258 1604 606
a 258 10 1604 606
a 11 121 2664 596
a 121 11 2664 596
a 11 191 26869 500
a 191 11 26869 500
a 11 205 7717 775
a 205 11 7717 775
a 11 235 2340 708
a 235 11 2340 708
a 12 197 229 694
a 197 12 229 694
a 12 238 3445 841
a 238 12 3445 841
a 12 267 425 745
a 267 12 425 745
a 12 295 1669 854
a 295 12 1669 854
a 13 68 2813 951
a 68 13 2813 951
a 13 92 2930 909
a 92 13 2930 909
a 13 128 3277 639
a 128 13 3277 639
a 13 148 509 789
a 148 13 509 789
a 13 157 7240 914
a 157 13 7240 914
a 13 230 6449 948
a 230 13 6449 948
a 14 107 596 944
a 107 14 596 944
a 14 113 2701 942
a 113 14 2701 942
a 14 141 3609 784
a 141 14 3609 784
a 14 265 4834 562
a 265 14 4834 562
a 14 276 5800 726
a 276 14 5800 726
a 15 195 12269 898
a 195 15 12269 898
a 15 204 578 504
a 204 15 578 504
a 15 250 1300 618
a 250 15 1300 618
a 16 18 800 624
a 18 16 800 624
a 16 190 2989 558
a 190 16 2989 558
a 16 203 2650 792
a 203 16 2650 792
a 16 286 1768 648
a 286 16 1768 648
a 17 108 181 725
a 108 17 181 725
a 17 204 2601 809
a 204 17 2601 809
a 17 250 1865 594
a 250 17 1865 594
a 18 83 3181 902
a 83 18 3181 902
a 18 170 11674 640
a 170 18 11674 640
a 18 203 3434 730
a 203 18 3434 730
a 18 286 3016 526
a 286 18 3016 526
a 19 198 39213 694
a 198 19 39213 694
a 19 221 4514 684
a 221 19 4514 684
a 19 292 1153 633
a 292 19 1153 633
a 20 77 2173 551
a 77 20 2173 551
a 20 101 4941 777
a 101 20 4941 777
a 20 180 981 895
a 180 20 981 895
a 20 188 360 778
a 188 20 360 778
a 21 191 4045 498
a 191 21 4045 498
a 21 199 5200 901
a 199 21 5200 901
a 21 219 6178 652
a 219 21 6178 652
a 21 239 2210 727
a 239 21 2210 727
a 21 270 5444 779
a 270 21 5444 779
a 22 32 1325 765
a 32 22 1325 765
a 22 84 1225 906
a 84 22 1225 906
a 22 241 612 710
a 241 22 612 710
a 22 254 4724 879
a 254 22 4724 879
a 23 36 2146 811
a 36 23 2146 811
a 23 81 1625 731
a 81 23 1625 731
a 23 144 2570 831
a 144 23 2570 831
a 23 232 1105 661
a 232 23 1105 661
a 23 257 949 494
a 257 23 949 494
a 23 284 1108 790
a 284 23 1108 790
a 24 110 2153 938
a 110 24 2153 938
a 24 139 9477 609
a 139 24 9477 609
a 24 155 6961 563
a 155 24 6961 563
a 24 235 7048 598
a 235 24 7048 598
a 24 273 6002 826
a 273 24 6002 826
a 25 107 1588 768
a 107 25 1588 768
a 25 265 1010 757
a 265 25 1010 757
a 26 131 2312 756
a 131 26 2312 756
a 26 146 288 715
a 146 26 288 715
a 26 182 2880 770
a 182 26 2880 770
a 27 140 340 876
a 140 27 340 876
a 27 191 1192 880
a 191 27 1192 880
a 27 219 2637 708
a 219 27 2637 708
a 27 248 1 674
a 248 27 1 674
a 27 291 565 956
a 291 27 565 956
a 28 236 1394 533
a 236 28 1394 533
a 28 264 3688 608
a 264 28 3688 608
a 28 292 6932 702
a 292 28 6932 702
a 29 122 949 828
a 122 29 949 828
a 29 161 5013 637
a 161 29 5013 637
a 29 171 1898 741
a 171 29 1898 741
a 29 189 4505 566
a 189 29 4505 566
a 29 218 6120 559
a 218 29 6120 559
a 29 224 6058 655
a 224 29 6058 655
a 29 226 6497 817
a 226 29 6497 817
a 30 52 2813 774
a 52 30 2813 774
a 30 130 3433 600
a 130 30 3433 600
a 30 142 4538 536
a 142 30 4538 536
a 30 163 9005 840
a 163 30 9005 840
a 30 196 4426 862
a 196 30 4426 862
a 31 56 2000 744
a 56 31 2000 744
a 31 104 832 810
a 104 31 832 810
a 31 120 2405 644
a 120 31 2405 644
a 31 174 4901 776
a 174 31 4901 776
a 31 187 1844 569
a 187 31 1844 569
a 31 247 3986 689
a 247 31 3986 689
a 31 289 11492 597
a 289 31 11492 597
a 32 241 1877 820
a 241 32 1877 820
a 32 254 1089 936
a 254 32 1089 936
a 32 272 562 530
a 272 32 562 530
a 32 294 3844 539
a 294 32 3844 539
a 33 97 2125 655
a 97 33 2125 655
a 33 158 6626 580
a 158 33 6626 580
a 33 166 676 834
a 166 33 676 834
a 33 181 3065 944
a 181 33 3065 944
a 33 266 8788 913
a 266 33 8788 913
a 33 296 6929 811
a 296 33 6929 811
a 34 78 212 778
a 78 34 212 778
a 34 82 3970 485
a 82 34 3970 485
a 34 91 485 706
a 91 34 485 706
a 34 97 2900 835
a 97 34 2900 835
a 34 163 8737 932
a 163 34 8737 932
a 34 266 10553 707
a 266 34 10553 707
a 35 51 493 841
a 51 35 493 841
a 35 62 3370 555
a 62 35 3370 555
a 35 190 1160 677
a 190 35 1160 677
a 35 216 2285 482
a 216 35 2285 482
a 35 286 3461 746
a 286 35 3461 746
a 36 90 3314 564
a 90 36 3314 564
a 36 98 1205 743
a 98 36 1205 743
a 36 144 7460 539
a 144 36 7460 539
a 36 257 449 828
a 257 36 449 828
a 36 288 1525 825
a 288 36 1525 825
a 37 106 4381 895
a 106 37 4381 895
a 37 112 6976 737
a 112 37 6976 737
a 37 211 3188 668
a 211 37 3188 668
a 37 213 1352 715
a 213 37 1352 715
a 37 243 101 787
a 243 37 101 787
a 38 54 1009 798
a 54 38 1009 798
a 38 159 1154 947
a 159 38 1154 947
a 38 170 1300 488
a 170 38 1300 488
a 38 203 5220 738
a 203 38 5220 738
a 39 63 1058 584
a 63 39 1058 584
a 39 90 3169 931
a 90 39 3169 931
a 39 169 2545 586
a 169 39 2545 586
a 39 186 1513 842
a 186 39 1513 842
a 39 212 1394 562
a 212 39 1394 562
a 40 97 4282 862
a 97 40 4282 862
a 40 118 4868 784
a 118 40 4868 784
a 40 163 149 934
a 163 40 149 934
a 40 181 4754 952
a 181 40 4754 952
a 40 196 1010 596
a 196 40 1010 596
a 40 279 1220 874
a 279 40 1220 874
a 41 58 577 778
a 58 41 577 778
a 41 158 2210 665
a 158 41 2210 665
a 41 266 296 955
a 266 41 296 955
a 42 111 205 546
a 111 42 205 546
a 42 141 173 602
a 141 42 173 602
a 42 202 2516 773
a 202 42 2516 773
a 42 246 1409 580
a 246 42 1409 580
a 43 74 605 667
a 74 43 605 667
a 43 143 4040 862
a 143 43 4040 862
a 43 183 2074 671
a 183 43 2074 671
a 43 227 3200 505
a 227 43 3200 505
a 43 278 1217 720
a 278 43 1217 720
a 44 147 14389 883
a 147 44 14389 883
a 44 263 2165 765
a 263 44 2165 765
a 45 223 200 604
a 223 45 200 604
a 45 230 1073 855
a 230 45 1073 855
a 45 287 909 549
a 287 45 909 549
a 46 103 1525 832
a 103 46 1525 832
a 46 238 2564 611
a 238 46 2564 611
a 46 283 2993 907
a 283 46 2993 907
a 46 295 8010 824
a 295 46 8010 824
a 47 48 2834 678
a 48 47 2834 678
a 47 155 3065 894
a 155 47 3065 894
a 47 289 3074 518
a 289 47 3074 518
a 48 155 6713 585
a 155 48 6713 585
a 48 273 16052 864
a 273 48 16052 864
a 48 289 10728 819
a 289 48 10728 819
a 49 79 452 879
a 79 49 452 879
a 49 193 965 889
a 193 49 965 889
a 49 215 1033 558
a 215 49 1033 558
a 49 290 2873 925
a 290 49 2873 925
a 50 184 3880 699
a 184 50 3880 699
a 50 249 3757 724
a 249 50 3757 724
a 50 255 169 818
a 255 50 169 818
a 50 267 9605 482
a 267 50 9605 482
a 50 272 9032 848
a 272 50 9032 848
a 50 283 8676 646
a 283 50 8676 646
a 51 62 1985 759
a 62 51 1985 759
a 51 131 1417 522
a 131 51 1417 522
a 51 216 2164 675
a 216 51 2164 675
a 52 138 1625 745
a 138 52 1625 745
a 52 142 1861 700
a 142 52 1861 700
a 52 150 2665 544
a 150 52 2665 544
a 52 196 6845 938
a 196 52 6845 938
a 52 245 1972 715
a 245 52 1972 715
a 53 135 1669 679
a 135 53 1669 679
a 53 137 10 890
a 137 53 10 890
a 53 197 2165 646
a 197 53 2165 646
a 53 281 233 932
a 281 53 233 932
a 53 295 1845 747
a 295 53 1845 747
a 54 72 2113 941
a 72 54 2113 941
a 54 134 949 851
a 134 54 949 851
a 54 159 1453 816
a 159 54 1453 816
a 54 203 7297 574
a 203 54 7297 574
a 54 214 3349 784
a 214 54 3349 784
a 54 226 15665 765
a 226 54 15665 765
a 55 78 1417 569
a 78 55 1417 569
a 55 82 1649 918
a 82 55 1649 918
a 55 91 2960 829
a 91 55 2960 829
a 55 201 5042 666
a 201 55 5042 666
a 55 225 2192 639
a 225 55 2192 639
a 55 270 12410 658
a 270 55 12410 658
a 55 297 4810 790
a 297 55 4810 790
a 56 187 4 832
a 187 56 4 832
a 56 289 4372 701
a 289 56 4372 701
a 56 298 1217 576
a 298 56 1217 576
a 57 80 85 663
a 80 57 85 663
a 57 236 5290 861
a 236 57 5290 861
a 57 292 8228 649
a 292 57 8228 649
a 58 158 953 875
a 158 58 953 875
a 58 237 820 808
a 237 58 820 808
a 58 239 6505 640
a 239 58 6505 640
a 58 266 1381 593
a 266 58 1381 593
a 58 288 5213 738
a 288 58 5213 738
a 59 152 4436 862
a 152 59 4436 862
a 59 180 5354 589
a 180 59 5354 589
a 59 205 6480 918
a 205 59 6480 918
a 59 276 8433 835
a 276 59 8433 835
a 59 282 5413 854
a 282 59 5413 854
a 60 201 3825 511
a 201 60 3825 511
a 60 214 937 843
a 214 60 937 843
a 60 244 89 754
a 244 60 89 754
a 61 264 53 889
a 264 61 53 889
a 61 292 3037 945
a 292 61 3037 945
a 62 131 1696 847
a 131 62 1696 847
a 62 253 797 910
a 253 62 797 910
a 62 268 3805 829
a 268 62 3805 829
a 62 299 689 562
a 299 62 689 562
a 63 90 2249 685
a 90 63 2249 685
a 63 95 3581 919
a 95 63 3581 919
a 63 296 1013 680
a 296 63 1013 680
a 64 102 7589 721
a 102 64 7589 721
a 64 124 4589 763
a 124 64 4589 763
a 64 216 3944 611
a 216 64 3944 611
a 64 218 3865 712
a 218 64 3865 712
a 64 224 7461 637
a 224 64 7461 637
a 65 270 401 508
a 270 65 401 508
a 65 271 1373 956
a 271 65 1373 956
a 65 297 677 563
a 297 65 677 563
a 66 67 1138 512
a 67 66 1138 512
a 66 170 8842 558
a 170 66 8842 558
a 66 210 8285 521
a 210 66 8285 521
a 66 227 7225 694
a 227 66 7225 694
a 66 229 5850 899
a 229 66 5850 899
a 67 83 3809 947
a 83 67 3809 947
a 67 210 10829 582
a 210 67 10829 582
a 68 102 2833 640
a 102 68 2833 640
a 68 146 3233 752
a 146 68 3233 752
a 68 148 2074 683
a 148 68 2074 683
a 69 99 36 555
a 99 69 36 555
a 69 173 260 771
a 173 69 260 771
a 69 179 425 680
a 179 69 425 680
a 69 275 461 490
a 275 69 461 490
a 70 157 1018 750
a 157 70 1018 750
a 70 198 4688 593
a 198 70 4688 593
a 70 230 3277 896
a 230 70 3277 896
a 71 147 30277 675
a 147 71 30277 675
a 71 194 6201 808
a 194 71 6201 808
a 71 261 1514 758
a 261 71 1514 758
a 71 295 22450 869
a 295 71 22450 869
a 72 214 1060 690
a 214 72 1060 690
a 72 226 7252 745
a 226 72 7252 745
a 72 244 1544 867
a 244 72 1544 867
a 73 198 256 703
a 198 73 256 703
a 73 223 3370 504
a 223 73 3370 504
a 73 230 3301 661
a 230 73 3301 661
a 74 93 2873 719
a 93 74 2873 719
a 74 162 6317 727
a 162 74 6317 727
a 74 227 2221 766
a 227 74 2221 766
a 74 278 3208 735
a 278 74 3208 735
a 75 176 121 912
a 176 75 121 912
a 75 177 881 733
a 177 75 881 733
a 75 247 677 901
a 247 75 677 901
a 76 124 701 944
a 124 76 701 944
a 76 190 985 865
a 190 76 985 865
a 76 203 2000 634
a 203 76 2000 634
a 76 216 1732 778
a 216 76 1732 778
a 76 259 338 671
a 259 76 338 671
a 77 101 1300 725
a 101 77 1300 725
a 77 105 1460 629
a 105 77 1460 629
a 77 188 1201 748
a 188 77 1201 748
a 77 229 4205 526
a 229 77 4205 526
a 78 91 953 901
a 91 78 953 901
a 78 225 569 704
a 225 78 569 704
a 79 146 5812 910
a 146 79 5812 910
a 79 148 3821 799
a 148 79 3821 799
a 79 182 2020 895
a 182 79 2020 895
a 79 193 1601 940
a 193 79 1601 940
a 79 215 685 644
a 215 79 685 644
a 80 142 14885 758
a 142 80 14885 758
a 80 236 6065 767
a 236 80 6065 767
a 80 292 9677 529
a 292 80 9677 529
a 81 98 8 685
a 98 81 8 685
a 81 232 3130 919
a 232 81 3130 919
a 81 257 314 668
a 257 81 314 668
a 81 277 1460 798
a 277 81 1460 798
a 82 163 7709 653
a 163 82 7709 653
a 82 201 3205 496
a 201 82 3205 496
a 83 94 4777 823
a 94 83 4777 823
a 83 123 4517 555
a 123 83 4517 555
a 83 210 5818 522
a 210 83 5818 522
a 83 286 5769 779
a 286 83 5769 779
a 84 86 545 745
a 86 84 545 745
a 84 109 1874 580
a 109 84 1874 580
a 84 241 1417 876
a 241 84 1417 876
a 84 289 3109 913
a 289 84 3109 913
a 85 154 10225 548
a 154 85 10225 548
a 85 212 577 752
a 212 85 577 752
a 85 213 5620 838
a 213 85 5620 838
a 85 220 4100 651
a 220 85 4100 651
a 85 293 3897 748
a 293 85 3897 748
a 86 119 4069 909
a 119 86 4069 909
a 86 241 626 514
a 241 86 626 514
a 86 289 2650 880
a 289 86 2650 880
a 87 144 2529 529
a 144 87 2529 529
a 87 168 370 902
a 168 87 370 902
a 87 206 4957 602
a 206 87 4957 602
a 87 217 11345 646
a 217 87 11345 646
a 87 232 3232 944
a 232 87 3232 944
a 87 258 4810 875
a 258 87 4810 875
a 88 164 985 720
a 164 88 985 720
a 88 175 1480 691
a 175 88 1480 691
a 88 240 1769 558
a 240 88 1769 558
a 89 119 3125 592
a 119 89 3125 592
a 89 120 1117 635
a 120 89 1117 635
a 89 184 773 690
a 184 89 773 690
a 89 187 4468 548
a 187 89 4468 548
a 89 247 4282 755
a 247 89 4282 755
a 89 298 1225 663
a 298 89 1225 663
a 90 98 2441 692
a 98 90 2441 692
a 90 169 656 541
a 169 90 656 541
a 90 288 4537 824
a 288 90 4537 824
a 90 296 3464 610
a 296 90 3464 610
a 91 225 64 678
a 225 91 64 678
a 91 266 6516 762
a 266 91 6516 762
a 91 271 4680 593
a 271 91 4680 593
a 92 148 1937 742
a 148 92 1937 742
a 92 157 4090 565
a 157 92 4090 565
a 92 215 1989 877
a 215 92 1989 877
a 93 162 1960 524
a 162 93 1960 524
a 93 192 5162 787
a 192 93 5162 787
a 93 227 9178 815
a 227 93 9178 815
a 93 229 4745 566
a 229 93 4745 566
a 94 129 2205 882
a 129 94 2205 882
a 94 156 2548 928
a 156 94 2548 928
a 94 210 5165 712
a 210 94 5165 712
a 94 222 2768 843
a 222 94 2768 843
a 95 118 4432 917
a 118 95 4432 917
a 95 181 3170 810
a 181 95 3170 810
a 95 212 8429 685
a 212 95 8429 685
a 95 243 4805 592
a 243 95 4805 592
a 95 262 521 544
a 262 95 521 544
a 95 296 2320 497
a 296 95 2320 497
a 96 136 405 945
a 136 96 405 945
a 96 228 58 775
a 228 96 58 775
a 96 274 37 953
a 274 96 37 953
a 97 166 521 853
a 166 97 521 853
a 97 181 520 910
a 181 97 520 910
a 97 266 18433 714
a 266 97 18433 714
a 98 169 2425 849
a 169 98 2425 849
a 98 257 370 574
a 257 98 370 574
a 98 277 1460 786
a 277 98 1460 786
a 99 179 653 816
a 179 99 653 816
a 99 185 3609 598
a 185 99 3609 598
a 99 272 1053 767
a 272 99 1053 767
a 99 275 617 666
a 275 99 617 666
a 99 283 5105 929
a 283 99 5105 929
a 100 145 3994 880
a 145 100 3994 880
a 100 191 9553 865
a 191 100 9553 865
a 100 205 2665 918
a 205 100 2665 918
a 100 282 3060 570
a 282 100 3060 570
a 101 180 7650 948
a 180 101 7650 948
a 101 192 7540 627
a 192 101 7540 627
a 101 229 3889 658
a 229 101 3889 658
a 101 276 10169 740
a 276 101 10169 740
a 102 146 1466 848
a 146 102 1466 848
a 102 149 7085 642
a 149 102 7085 642
a 102 216 9441 485
a 216 102 9441 485
a 102 224 9554 619
a 224 102 9554 619
a 103 185 3284 678
a 185 103 3284 678
a 103 283 4162 726
a 283 103 4162 726
a 103 294 12816 512
a 294 103 12816 512
a 104 139 4621 876
a 139 104 4621 876
a 104 155 2117 796
a 155 104 2117 796
a 104 174 4981 633
a 174 104 4981 633
a 104 289 9700 823
a 289 104 9700 823
a 105 178 1010 610
a 178 105 1010 610
a 105 188 1037 831
a 188 105 1037 831
a 106 112 477 553
a 112 106 477 553
a 106 213 2041 680
a 213 106 2041 680
a 106 220 8861 642
a 220 106 8861 642
a 107 141 2645 921
a 141 107 2645 921
a 107 246 7585 530
a 246 107 7585 530
a 107 265 5114 724
a 265 107 5114 724
a 108 154 13025 653
a 154 108 13025 653
a 108 204 3250 669
a 204 108 3250 669
a 108 242 9701 594
a 242 108 9701 594
a 108 250 3208 664
a 250 108 3208 664
a 108 263 5626 956
a 263 108 5626 956
a 108 293 19097 631
a 293 108 19097 631
a 109 289 641 755
a 289 109 641 755
a 110 139 3098 518
a 139 110 3098 518
a 110 155 2000 731
a 155 110 2000 731
a 111 141 356 906
a 141 111 356 906
a 111 246 1082 708
a 246 111 1082 708
a 112 117 4121 800
a 117 112 4121 800
a 112 211 9140 616
a 211 112 9140 616
a 112 220 10256 668
a 220 112 10256 668
a 112 245 8917 812
a 245 112 8917 812
a 113 141 4804 585
a 141 113 4804 585
a 113 192 3330 536
a 192 113 3330 536
a 113 202 4489 878
a 202 113 4489 878
a 113 276 1961 842
a 276 113 1961 842
a 114 153 6229 851
a 153 114 6229 851
a 114 183 1088 660
a 183 114 1088 660
a 114 207 9412 606
a 207 114 9412 606
a 114 208 305 931
a 208 114 305 931
a 114 251 754 514
a 251 114 754 514
a 114 278 1405 679
a 278 114 1405 679
a 115 116 530 690
a 116 115 530 690
a 115 176 2018 738
a 176 115 2018 738
a 115 177 1258 701
a 177 115 1258 701
a 115 285 3737 510
a 285 115 3737 510
a 116 164 9970 856
a 164 116 9970 856
a 116 177 3412 780
a 177 116 3412 780
a 116 239 16634 854
a 239 116 16634 854
a 116 285 2529 485
a 285 116 2529 485
a 117 160 13780 671
a 160 117 13780 671
a 117 195 6404 520
a 195 117 6404 520
a 117 220 2817 755
a 220 117 2817 755
a 117 233 1764 778
a 233 117 1764 778
a 117 245 24866 524
a 245 117 24866 524
a 118 243 1301 508
a 243 118 1301 508
a 118 279 2304 717
a 279 118 2304 717
a 119 184 5328 528
a 184 119 5328 528
a 119 241 3821 524
a 241 119 3821 524
a 119 255 3133 762
a 255 119 3133 762
a 119 289 7381 588
a 289 119 7381 588
a 119 298 1690 727
a 298 119 1690 727
a 120 187 1117 730
a 187 120 1117 730
a 120 247 5409 780
a 247 120 5409 780
a 120 298 74 843
a 298 120 74 843
a 121 126 2965 778
a 126 121 2965 778
a 121 152 2393 574
a 152 121 2393 574
a 121 205 15145 560
a 205 121 15145 560
a 121 231 1413 667
a 231 121 1413 667
a 121 235 1332 950
a 235 121 1332 950
a 122 130 6352 911
a 130 122 6352 911
a 122 171 2665 820
a 171 122 2665 820
a 122 189 4018 609
a 189 122 4018 609
a 122 236 7565 622
a 236 122 7565 622
a 123 129 4801 800
a 129 123 4801 800
a 123 268 8420 832
a 268 123 8420 832
a 123 286 1832 883
a 286 123 1832 883
a 124 203 3341 722
a 203 124 3341 722
a 124 216 4441 583
a 216 124 4441 583
a 124 218 5626 718
a 218 124 5626 718
a 124 226 7693 490
a 226 124 7693 490
a 124 259 85 730
a 259 124 85 730
a 125 131 485 527
a 131 125 485 527
a 125 182 585 837
a 182 125 585 837
a 125 299 180 709
a 299 125 180 709
a 126 152 2420 556
a 152 126 2420 556
a 126 209 10517 798
a 209 126 10517 798
a 126 231 5860 805
a 231 126 5860 805
a 126 265 11785 869
a 265 126 11785 869
a 127 161 1609 554
a 161 127 1609 554
a 127 201 881 695
a 201 127 881 695
a 127 244 4505 870
a 244 127 4505 870
a 127 269 1 492
a 269 127 1 492
a 128 149 2900 867
a 149 128 2900 867
a 128 221 8480 506
a 221 128 8480 506
a 128 230 1930 954
a 230 128 1930 954
a 128 287 3796 537
a 287 128 3796 537
a 129 222 269 556
a 222 129 269 556
a 129 268 13189 550
a 268 129 13189 550
a 130 142 5081 585
a 142 130 5081 585
a 130 171 12913 533
a 171 130 12913 533
a 130 236 1469 580
a 236 130 1469 580
a 131 146 4040 776
a 146 131 4040 776
a 131 182 1640 791
a 182 131 1640 791
a 131 216 4437 667
a 216 131 4437 667
a 131 299 905 545
a 299 131 905 545
a 132 232 4304 755
a 232 132 4304 755
a 132 258 610 609
a 258 132 610 609
a 132 263 6625 820
a 263 132 6625 820
a 132 277 6050 947
a 277 132 6050 947
a 133 144 14341 558
a 144 133 14341 558
a 133 151 9113 804
a 151 133 9113 804
a 133 164 6530 792
a 164 133 6530 792
a 133 194 4765 829
a 194 133 4765 829
a 133 200 2817 920
a 200 133 2817 920
a 133 217 8077 742
a 217 133 8077 742
a 133 261 4820 942
a 261 133 4820 942
a 134 159 164 673
a 159 134 164 673
a 134 214 4100 781
a 214 134 4100 781
a 134 234 2074 510
a 234 134 2074 510
a 135 172 2000 734
a 172 135 2000 734
a 135 197 1378 907
a 197 135 1378 907
a 135 249 3722 674
a 249 135 3722 674
a 135 267 530 494
a 267 135 530 494
a 135 281 2650 670
a 281 135 2650 670
a 136 145 5770 580
a 145 136 5770 580
a 136 178 8357 954
a 178 136 8357 954
a 136 180 8537 884
a 180 136 8537 884
a 136 228 697 788
a 228 136 697 788
a 136 234 674 504
a 234 136 674 504
a 136 274 298 914
a 274 136 298 914
a 137 281 221 525
a 281 137 221 525
a 138 150 130 707
a 150 138 130 707
a 138 211 370 528
a 211 138 370 528
a 138 245 2117 750
a 245 138 2117 750
a 139 155 4450 483
a 155 139 4450 483
a 139 174 2592 651
a 174 139 2592 651
a 139 191 17588 540
a 191 139 17588 540
a 139 235 22465 914
a 235 139 22465 914
a 139 291 8793 663
a 291 139 8793 663
a 140 191 356 748
a 191 140 356 748
a 140 248 305 599
a 248 140 305 599
a 140 291 937 801
a 291 140 937 801
a 141 202 2593 642
a 202 141 2593 642
a 142 160 13085 924
a 160 142 13085 924
a 142 236 10116 690
a 236 142 10116 690
a 142 245 4505 903
a 245 142 4505 903
a 143 156 4405 737
a 156 143 4405 737
a 143 183 2962 593
a 183 143 2962 593
a 143 210 1424 782
a 210 143 1424 782
a 143 227 1160 804
a 227 143 1160 804
a 143 251 3620 515
a 251 143 3620 515
a 144 151 2890 958
a 151 144 2890 958
a 144 168 1165 712
a 168 144 1165 712
a 144 217 21866 485
a 217 144 21866 485
a 144 284 362 883
a 284 144 362 883
a 144 288 12805 481
a 288 144 12805 481
a 145 180 12821 591
a 180 145 12821 591
a 145 191 13005 677
a 191 145 13005 677
a 145 228 4073 707
a 228 145 4073 707
a 145 270 7684 723
a 270 145 7684 723
a 145 274 3712 760
a 274 145 3712 760
a 145 282 11986 619
a 282 145 11986 619
a 146 148 8845 817
a 148 146 8845 817
a 146 182 4896 651
a 182 146 4896 651
a 146 216 6089 556
a 216 146 6089 556
a 147 206 7060 946
a 206 147 7060 946
a 147 217 13544 600
a 217 147 13544 600
a 147 258 11245 928
a 258 147 11245 928
a 147 261 25945 681
a 261 147 25945 681
a 148 215 2690 483
a 215 148 2690 483
a 149 221 10852 495
a 221 149 10852 495
a 149 224 15481 593
a 224 149 15481 593
a 149 264 7465 757
a 264 149 7465 757
a 149 292 10001 896
a 292 149 10001 896
a 150 196 4114 901
a 196 150 4114 901
a 150 211 116 934
a 211 150 116 934
a 150 243 4505 684
a 243 150 4505 684
a 150 279 3060 770
a 279 150 3060 770
a 151 164 2997 710
a 164 151 2997 710
a 151 239 30949 886
a 239 151 30949 886
a 151 288 19053 756
a 288 151 19053 756
a 152 205 8180 762
a 205 152 8180 762
a 152 265 24853 855
a 265 152 24853 855
a 152 276 10685 671
a 276 152 10685 671
a 153 162 6701 515
a 162 153 6701 515
a 153 167 2689 914
a 167 153 2689 914
a 153 202 11674 750
a 202 153 11674 750
a 153 207 3357 891
a 207 153 3357 891
a 153 208 3778 892
a 208 153 3778 892
a 153 252 4289 723
a 252 153 4289 723
a 153 278 4538 666
a 278 153 4538 666
a 154 195 980 832
a 195 154 980 832
a 154 220 3125 491
a 220 154 3125 491
a 154 250 4381 823
a 250 154 4381 823
a 154 293 12064 800
a 293 154 12064 800
a 155 273 25705 951
a 273 155 25705 951
a 155 289 8957 651
a 289 155 8957 651
a 156 210 3541 563
a 210 156 3541 563
a 156 222 3076 508
a 222 156 3076 508
a 156 251 12913 832
a 251 156 12913 832
a 157 198 9650 550
a 198 157 9650 550
a 157 215 11737 870
a 215 157 11737 870
a 157 230 7157 912
a 230 157 7157 912
a 157 290 26585 922
a 290 157 26585 922
a 158 237 5 805
a 237 158 5 805
a 158 288 2250 955
a 288 158 2250 955
a 158 296 7985 916
a 296 158 7985 916
a 159 170 898 797
a 170 159 898 797
a 159 178 2089 689
a 178 159 2089 689
a 159 214 5904 623
a 214 159 5904 623
a 159 234 2858 893
a 234 159 2858 893
a 160 195 38672 812
a 195 160 38672 812
a 160 245 3730 696
a 245 160 3730 696
a 161 171 2501 598
a 171 161 2501 598
a 161 226 3848 711
a 226 161 3848 711
a 161 244 10372 849
a 244 161 10372 849
a 161 269 1616 851
a 269 161 1616 851
a 162 192 5330 633
a 192 162 5330 633
a 162 202 3589 595
a 202 162 3589 595
a 162 278 5513 633
a 278 162 5513 633
a 163 171 7405 739
a 171 163 7405 739
a 163 196 1453 743
a 196 163 1453 743
a 164 177 11626 626
a 177 164 11626 626
a 164 194 16253 573
a 194 164 16253 573
a 164 239 35152 765
a 239 164 35152 765
a 164 240 4762 570
a 240 164 4762 570
a 165 167 1378 638
a 167 165 1378 638
a 165 207 2986 921
a 207 165 2986 921
a 165 252 962 548
a 252 165 962 548
a 165 256 2725 764
a 256 165 2725 764
a 166 181 877 642
a 181 166 877 642
a 167 207 340 579
a 207 167 340 579
a 167 252 3328 673
a 252 167 3328 673
a 168 232 1970 890
a 232 168 1970 890
a 168 284 901 666
a 284 168 901 666
a 169 186 2626 550
a 186 169 2626 550
a 169 277 2665 832
a 277 169 2665 832
a 169 280 2581 651
a 280 169 2581 651
a 170 178 1385 606
a 178 170 1385 606
a 170 203 10216 892
a 203 170 10216 892
a 170 229 16516 566
a 229 170 16516 566
a 172 177 13544 846
a 177 172 13544 846
a 172 184 6773 904
a 184 172 6773 904
a 172 249 802 485
a 249 172 802 485
a 172 281 3170 927
a 281 172 3170 927
a 173 179 29 778
a 179 173 29 778
a 173 254 610 807
a 254 173 610 807
a 173 275 745 952
a 275 173 745 952
a 173 294 117 798
a 294 173 117 798
a 174 247 6425 519
a 247 174 6425 519
a 174 260 970 781
a 260 174 970 781
a 174 291 5553 521
a 291 174 5553 521
a 175 177 7585 574
a 177 175 7585 574
a 175 240 997 915
a 240 175 997 915
a 175 281 7297 561
a 281 175 7297 561
a 176 177 1552 768
a 177 176 1552 768
a 176 247 776 717
a 247 176 776 717
a 176 285 4513 628
a 285 176 4513 628
a 177 184 7145 842
a 184 177 7145 842
a 177 240 3176 517
a 240 177 3176 517
a 177 247 2440 682
a 247 177 2440 682
a 178 180 8500 840
a 180 178 8500 840
a 178 188 2509 578
a 188 178 2509 578
a 178 234 5165 794
a 234 178 5165 794
a 179 185 2834 600
a 185 179 2834 600
a 179 294 50 603
a 294 179 50 603
a 180 188 2529 771
a 188 180 2529 771
a 180 276 24869 853
a 276 180 24869 853
a 180 282 4589 671
a 282 180 4589 671
a 181 262 4097 664
a 262 181 4097 664
a 181 296 8090 954
a 296 181 8090 954
a 182 193 229 563
a 193 182 229 563
a 182 299 1125 643
a 299 182 1125 643
a 183 251 34 672
a 251 183 34 672
a 183 278 2285 705
a 278 183 2285 705
a 184 247 5125 664
a 247 184 5125 664
a 184 249 3065 560
a 249 184 3065 560
a 184 255 4597 853
a 255 184 4597 853
a 185 283 2522 535
a 283 185 2522 535
a 185 294 3140 846
a 294 185 3140 846
a 186 212 2389 859
a 212 186 2389 859
a 186 280 725 774
a 280 186 725 774
a 186 293 269 576
a 293 186 269 576
a 187 298 1157 576
a 298 187 1157 576
a 189 224 389 583
a 224 189 389 583
a 189 236 8741 502
a 236 189 8741 502
a 189 264 7325 546
a 264 189 7325 546
a 190 203 865 722
a 203 190 865 722
a 190 216 1321 907
a 216 190 1321 907
a 190 286 8145 610
a 286 190 8145 610
a 191 205 18512 827
a 205 191 18512 827
a 191 219 7369 822
a 219 191 7369 822
a 191 235 41281 757
a 235 191 41281 757
a 191 248 1125 602
a 248 191 1125 602
a 191 270 8857 481
a 270 191 8857 481
a 191 291 2441 584
a 291 191 2441 584
a 192 202 4201 827
a 202 192 4201 827
a 192 229 7261 832
a 229 192 7261 832
a 192 276 5513 670
a 276 192 5513 670
a 193 253 2410 497
a 253 193 2410 497
a 193 268 2664 863
a 268 193 2664 863
a 193 290 3636 761
a 290 193 3636 761
a 193 299 1666 651
a 299 193 1666 651
a 194 200 274 518
a 200 194 274 518
a 194 261 5249 752
a 261 194 5249 752
a 194 281 4481 574
a 281 194 4481 574
a 194 295 10177 604
a 295 194 10177 604
a 195 220 3125 836
a 220 195 3125 836
a 195 233 1448 850
a 233 195 1448 850
a 195 242 33490 898
a 242 195 33490 898
a 195 250 7489 829
a 250 195 7489 829
a 196 279 442 800
a 279 196 442 800
a 197 267 424 563
a 267 197 424 563
a 197 295 818 924
a 295 197 818 924
a 198 230 4517 555
a 230 198 4517 555
a 199 239 1690 505
a 239 199 1690 505
a 199 266 1250 698
a 266 199 1250 698
a 199 270 4388 731
a 270 199 4388 731
a 199 271 3650 763
a 271 199 3650 763
a 200 261 3833 628
a 261 200 3833 628
a 201 214 8458 919
a 214 201 8458 919
a 201 228 12665 894
a 228 201 12665 894
a 201 244 3770 832
a 244 201 3770 832
a 201 269 850 682
a 269 201 850 682
a 201 270 21640 701
a 270 201 21640 701
a 202 246 6201 871
a 246 202 6201 871
a 202 252 12301 618
a 252 202 12301 618
a 203 259 2458 901
a 259 203 2458 901
a 204 242 2861 875
a 242 204 2861 875
a 204 250 2978 767
a 250 204 2978 767
a 205 282 85 628
a 282 205 85 628
a 206 217 4148 709
a 217 206 4148 709
a 206 258 4001 729
a 258 206 4001 729
a 207 251 15482 751
a 251 207 15482 751
a 208 278 1000 890
a 278 208 1000 890
a 209 231 2305 914
a 231 209 2305 914
a 209 265 16490 709
a 265 209 16490 709
a 209 273 1576 835
a 273 209 1576 835
a 210 227 1352 772
a 227 210 1352 772
a 211 243 3625 648
a 243 211 3625 648
a 211 245 2725 876
a 245 211 2725 876
a 212 213 6625 556
a 213 212 6625 556
a 212 243 11808 812
a 243 212 11808 812
a 212 293 2848 529
a 293 212 2848 529
a 213 220 10600 862
a 220 213 10600 862
a 213 243 1801 783
a 243 213 1801 783
a 214 228 3637 675
a 228 214 3637 675
a 214 234 3074 659
a 234 214 3074 659
a 214 244 1220 594
a 244 214 1220 594
a 215 290 5696 955
a 290 215 5696 955
a 217 261 2213 539
a 261 217 2213 539
a 218 224 9610 602
a 224 218 9610 602
a 218 226 845 803
a 226 218 845 803
a 219 239 11392 702
a 239 219 11392 702
a 219 260 1849 483
a 260 219 1849 483
a 219 285 641 551
a 285 219 641 551
a 219 291 2314 665
a 291 219 2314 665
a 220 233 1305 590
a 233 220 1305 590
a 221 223 3445 882
a 223 221 3445 882
a 221 287 1700 703
a 287 221 1700 703
a 221 292 4265 730
a 292 221 4265 730
a 222 251 27865 843
a 251 222 27865 843
a 222 268 16978 776
a 268 222 16978 776
a 222 290 25450 483
a 290 222 25450 483
a 223 287 449 781
a 287 223 449 781
a 224 264 7732 488
a 264 224 7732 488
a 226 244 6052 571
a 244 226 6052 571
a 227 229 13189 867
a 229 227 13189 867
a 228 234 2197 798
a 234 228 2197 798
a 228 270 16909 579
a 270 228 16909 579
a 228 274 185 767
a 274 228 185 767
a 230 287 3170 877
a 287 230 3170 877
a 231 235 1053 904
a 235 231 1053 904
a 231 273 1325 953
a 273 231 1325 953
a 232 258 4586 667
a 258 232 4586 667
a 232 277 3226 636
a 277 232 3226 636
a 232 284 1769 775
a 284 232 1769 775
a 235 273 2522 925
a 273 235 2522 925
a 236 264 8674 761
a 264 236 8674 761
a 238 267 3880 593
a 267 238 3880 593
a 238 283 85 654
a 283 238 85 654
a 238 295 9866 571
a 295 238 9866 571
a 239 266 3944 746
a 266 239 3944 746
a 239 288 21124 686
a 288 239 21124 686
a 241 255 8090 593
a 255 241 8090 593
a 241 272 3853 505
a 272 241 3853 505
a 242 263 26297 709
a 263 242 26297 709
a 246 252 6250 565
a 252 246 6250 565
a 246 256 3285 549
a 256 246 3285 549
a 246 265 24157 668
a 265 246 24157 668
a 249 267 6596 791
a 267 249 6596 791
a 252 256 685 795
a 256 252 685 795
a 253 268 1138 842
a 268 253 1138 842
a 253 299 520 818
a 299 253 520 818
a 254 272 265 631
a 272 254 265 631
a 254 275 185 897
a 275 254 185 897
a 254 294 841 791
a 294 254 841 791
a 255 272 7085 834
a 272 255 7085 834
a 256 265 45250 618
a 265 256 45250 618
a 258 263 10205 863
a 263 258 10205 863
a 260 285 2834 804
a 285 260 2834 804
a 260 291 2701 657
a 291 260 2701 657
a 262 296 769 493
a 296 262 769 493
a 263 277 13225 542
a 277 263 13225 542
a 263 280 12181 944
a 280 263 12181 944
a 263 293 15821 860
a 293 263 15821 860
a 264 292 3028 686
a 292 264 3028 686
a 265 276 13754 684
a 276 265 13754 684
a 266 271 5220 746
a 271 266 5220 746
a 267 283 5057 775
a 283 267 5057 775
a 268 286 7956 501
a 286 268 7956 501
a 268 290 2196 508
a 290 268 2196 508
a 270 271 3258 524
a 271 270 3258 524
a 270 297 2120 942
a 297 270 2120 942
a 271 297 122 920
a 297 271 122 920
a 272 275 68 846
a 275 272 68 846
a 272 283 10676 789
a 283 272 10676 789
a 277 280 3924 573
a 280 277 3924 573
a 280 293 754 865
a 293 280 754 865
a 281 295 3170 546
a 295 281 3170 546
a 288 296 6845 955
a 296 288 6845 955
a 289 298 7949 619
a 298 289 7949 619
