c Shift Minimisation Personnel Task Scheduling Problem (SMPTSP)
c data_8_48_85_33
c
c problem jobs shifts
p smptsp 85 48
c
c job start finish 
c 0 109 662
c 1 101 705
c 2 2 425
c 3 179 768
c 4 134 664
c 5 23 495
c 6 0 453
c 7 239 749
c 8 64 575
c 9 0 433
c 10 428 949
c 11 350 824
c 12 47 526
c 13 6 500
c 14 752 1360
c 15 454 870
c 16 906 1375
c 17 28 508
c 18 94 603
c 19 161 696
c 20 72 581
c 21 826 1361
c 22 951 1396
c 23 4 471
c 24 0 472
c 25 3 462
c 26 177 761
c 27 433 867
c 28 867 1384
c 29 28 564
c 30 737 1346
c 31 146 657
c 32 4 427
c 33 368 902
c 34 114 610
c 35 751 1320
c 36 197 823
c 37 67 634
c 38 870 1393
c 39 233 736
c 40 767 1245
c 41 428 865
c 42 759 1232
c 43 216 799
c 44 57 630
c 45 733 1266
c 46 679 1285
c 47 853 1352
c 48 284 770
c 49 192 654
c 50 16 419
c 51 865 1385
c 52 153 646
c 53 800 1348
c 54 756 1356
c 55 238 709
c 56 813 1343
c 57 7 499
c 58 420 873
c 59 105 604
c 60 844 1359
c 61 687 1214
c 62 508 1034
c 63 646 1223
c 64 518 1047
c 65 676 1235
c 66 698 1234
c 67 860 1361
c 68 2 546
c 69 873 1361
c 70 583 1114
c 71 798 1299
c 72 737 1354
c 73 686 1225
c 74 870 1378
c 75 70 567
c 76 794 1369
c 77 762 1246
c 78 684 1178
c 79 701 1255
c 80 698 1305
c 81 876 1400
c 82 905 1377
c 83 657 1234
c 84 736 1230
c
c shift cost source target num_qualifications qualifications
k 0 1 170 171 30 37 84 2 3 5 9 12 15 16 19 20 21 23 25 28 29 33 35 36 39 41 48 55 59 62 63 65 67 68 70
k 1 1 170 171 33 13 35 0 1 4 11 14 20 22 23 25 27 29 30 33 44 47 51 56 62 63 64 65 67 68 71 73 74 76 77 78 83 84
k 2 1 170 171 31 44 78 1 4 7 12 13 15 23 24 25 26 27 28 30 32 37 43 46 48 51 53 54 55 56 60 62 71 72 73 76
k 3 1 170 171 31 34 76 1 5 7 9 11 14 20 24 30 32 37 38 43 46 48 52 54 56 58 59 63 65 66 67 77 78 80 81 82
k 4 1 170 171 30 75 83 1 5 6 11 19 23 26 27 30 41 43 44 46 48 49 51 54 55 58 60 66 67 74 76 77 78 81 82
k 5 1 170 171 37 59 63 0 4 5 8 13 18 20 21 22 23 24 27 28 29 31 32 34 42 45 46 47 48 50 53 54 55 57 61 67 68 71 76 77 78 80
k 6 1 170 171 39 43 47 1 4 8 9 10 11 12 13 17 18 19 21 22 30 31 35 37 38 39 40 44 48 49 51 52 58 59 60 61 63 64 67 71 74 76 78 81
k 7 1 170 171 34 26 71 1 3 6 8 10 13 19 20 21 22 23 28 30 33 36 37 39 40 42 43 44 47 48 53 58 59 65 67 68 70 72 74
k 8 1 170 171 23 3 67 0 4 13 20 21 22 30 37 40 49 59 60 62 66 68 73 74 76 80 82 83
k 9 1 170 171 25 39 54 4 8 11 13 14 15 16 17 20 24 25 41 42 51 58 69 70 72 73 75 77 82 83
k 10 1 170 171 29 1 74 3 5 7 10 22 23 25 26 27 30 32 39 40 43 45 47 51 52 54 61 64 67 70 72 79 81 84
k 11 1 170 171 31 18 46 2 4 6 10 11 17 20 24 27 29 30 31 32 35 39 41 42 43 53 54 58 59 60 61 63 74 76 77 81
k 12 1 170 171 21 20 80 2 8 16 21 27 30 37 38 40 45 50 52 54 56 59 64 71 76 79
k 13 1 170 171 32 7 14 0 6 8 13 15 18 19 21 22 27 33 35 42 47 50 51 53 54 57 61 64 70 73 77 78 79 80 81 82 83
k 14 1 170 171 31 8 30 1 2 3 6 7 12 14 20 31 32 37 38 41 44 48 50 51 54 57 60 61 66 67 69 70 73 75 79 83
k 15 1 170 171 32 31 72 2 3 4 7 15 16 17 23 32 33 34 36 38 42 43 45 47 52 54 56 57 58 62 67 69 70 76 79 80 83
k 16 1 170 171 28 36 60 0 3 4 6 10 24 25 31 32 34 37 38 41 43 50 51 52 57 61 63 64 67 68 75 79 84
k 17 1 170 171 26 9 27 28 0 4 6 10 18 19 21 22 30 32 33 36 37 42 45 46 48 63 65 66 68 75 76
k 18 1 170 171 30 32 41 51 0 6 9 11 14 15 17 19 21 23 24 26 35 40 46 48 49 57 60 61 62 63 68 69 73 75 76
k 19 1 170 171 29 2 10 22 0 6 8 9 13 15 18 20 25 26 27 33 36 50 53 54 55 62 65 69 70 72 76 78 81 82
k 20 1 170 171 37 6 15 38 3 4 5 7 10 11 13 14 18 19 20 22 28 33 35 36 37 40 43 45 46 48 49 50 57 58 63 67 69 72 73 75 76 83
k 21 1 170 171 29 50 58 81 0 1 2 10 12 16 21 25 29 35 36 41 43 45 47 48 52 53 54 59 67 71 72 77 80 83
k 22 1 170 171 26 25 62 2 3 12 13 17 19 23 24 27 30 33 40 46 51 53 54 57 61 64 65 66 67 80 83
k 23 1 170 171 26 49 61 0 4 13 17 18 21 22 24 29 30 34 36 39 41 43 44 51 56 63 67 69 74 76 83
k 24 1 170 171 29 23 64 0 2 3 6 7 8 12 14 17 18 20 27 30 39 44 48 50 52 54 55 56 62 65 70 74 82 83
k 25 1 170 171 36 4 16 0 5 6 9 10 15 18 19 20 21 24 26 28 30 32 33 39 42 44 47 48 51 57 58 62 65 66 67 68 69 70 77 81 84
k 26 1 170 171 30 55 56 6 10 14 19 21 22 25 27 37 38 40 41 43 48 49 60 61 62 65 66 67 68 69 71 72 82 83 84
k 27 1 170 171 26 24 70 2 4 9 10 11 26 28 32 34 36 41 44 45 46 50 53 59 60 61 64 67 69 72 80
k 28 1 170 171 28 5 45 1 3 4 6 10 13 16 22 26 30 33 34 43 49 50 54 57 62 63 66 70 73 74 79 80 81
k 29 1 170 171 30 33 82 0 1 2 3 5 6 8 12 13 16 17 20 25 27 29 31 32 38 48 50 51 56 62 63 76 79 80 84
k 30 1 170 171 26 19 42 13 15 17 20 22 24 25 27 34 37 41 44 45 47 53 54 57 65 66 67 70 75 79 81
k 31 1 170 171 28 11 21 2 4 5 13 14 15 23 24 26 31 34 38 46 49 53 55 56 57 58 60 61 63 70 81 82 84
k 32 1 170 171 24 29 40 0 8 13 18 19 21 31 33 37 41 42 44 45 48 49 54 55 57 60 64 66 76
k 33 1 170 171 29 12 66 2 3 4 6 7 8 11 18 20 23 24 25 26 29 30 40 48 55 56 57 59 60 65 68 69 74 80
k 34 1 170 171 29 17 73 0 4 5 8 9 12 13 15 18 20 23 25 32 33 36 43 45 58 66 68 69 71 72 74 79 82 83
k 35 1 170 171 35 68 77 0 1 3 5 10 11 13 15 16 20 22 28 33 38 39 44 48 49 50 51 53 57 60 61 62 64 69 70 74 75 79 81 84
k 36 1 170 171 26 48 53 3 5 8 11 13 18 19 21 33 37 39 40 42 44 51 55 57 59 62 64 66 68 69 76
k 37 1 170 171 25 0 69 1 2 6 10 12 13 14 16 18 19 28 36 39 41 52 59 62 64 65 66 67 68 78
k 38 1 170 171 31 57 79 0 1 2 6 10 11 14 15 21 22 23 24 25 31 32 35 36 54 55 64 65 66 68 69 74 75 76 77 83
k 39 1 170 171 27 52 65 1 3 7 10 11 12 16 17 19 23 26 27 28 30 35 38 43 49 51 54 60 67 79 81 82
k 40 1 170 171 36 24 44 60 23 75 21 40 51 74 56 76 62 77 31 36 25 73 27 11 71 45 57 55 10 12 39 1 41 61 28 4 5 82 19 38 33
k 41 1 170 171 39 44 26 61 12 54 63 37 27 33 47 28 2 68 3 50 66 64 1 60 34 51 38 39 77 15 4 16 72 29 42 71 57 65 30 18 82 73 22 81
k 42 1 170 171 37 18 17 77 68 10 8 29 78 66 59 37 16 34 84 70 20 53 42 0 48 72 23 57 60 11 39 49 4 56 41 30 31 33 83 6 69 74
k 43 1 170 171 31 5 12 9 16 11 51 64 71 38 2 43 55 73 19 77 66 61 22 47 67 39 29 32 78 17 0 40 10 56 82 18
k 44 1 170 171 27 77 69 14 80 27 7 57 36 17 3 29 21 25 0 83 12 75 9 5 45 35 61 59 32 37 51 16
k 45 1 170 171 36 51 3 44 77 11 16 28 80 23 45 40 10 24 67 66 22 4 56 73 9 20 12 55 71 79 61 83 54 82 59 0 43 26 25 19 47
k 46 1 170 171 27 5 23 61 78 75 81 33 44 9 7 30 54 17 66 79 21 51 29 2 32 45 25 58 64 63 6 13
k 47 1 170 171 39 76 2 47 35 53 11 22 28 46 64 67 61 26 12 63 71 44 81 30 77 41 13 7 62 43 70 49 40 8 48 55 27 84 73 9 20 25 5 33
c
c graph source target is_shift
a 0 170 9 0
a 0 9 2 0
a 0 2 68 0
a 0 68 25 0
a 0 25 23 0
a 0 23 5 0
a 0 5 29 0
a 0 29 12 0
a 0 12 37 0
a 0 37 20 0
a 0 20 59 0
a 0 59 19 0
a 0 19 3 0
a 0 3 36 0
a 0 36 39 0
a 0 39 55 0
a 0 55 48 0
a 0 48 33 0
a 0 33 87 0
a 0 2 87 1
a 0 87 41 0
a 0 41 94 0
a 0 9 94 1
a 0 94 15 0
a 0 15 110 0
a 0 25 110 1
a 0 110 108 0
a 0 23 108 1
a 0 108 90 0
a 0 5 90 1
a 0 90 62 0
a 0 62 97 0
a 0 12 97 1
a 0 97 153 0
a 0 68 153 1
a 0 153 114 0
a 0 29 114 1
a 0 114 105 0
a 0 20 105 1
a 0 105 70 0
a 0 70 144 0
a 0 59 144 1
a 0 144 122 0
a 0 37 122 1
a 0 122 63 0
a 0 63 65 0
a 0 65 104 0
a 0 19 104 1
a 0 104 140 0
a 0 55 140 1
a 0 140 84 0
a 0 84 124 0
a 0 39 124 1
a 0 124 35 0
a 0 35 88 0
a 0 3 88 1
a 0 88 133 0
a 0 48 133 1
a 0 133 121 0
a 0 36 121 1
a 0 121 21 0
a 0 21 67 0
a 0 67 126 0
a 0 41 126 1
a 0 126 28 0
a 0 28 100 0
a 0 15 100 1
a 0 100 118 0
a 0 33 118 1
a 0 118 16 0
a 0 16 147 0
a 0 62 147 1
a 0 147 155 0
a 0 70 155 1
a 0 155 148 0
a 0 63 148 1
a 0 148 169 0
a 0 84 169 1
a 0 169 150 0
a 0 65 150 1
a 0 150 120 0
a 0 35 120 1
a 0 120 106 0
a 0 21 106 1
a 0 106 152 0
a 0 67 152 1
a 0 152 101 0
a 0 16 101 1
a 0 101 113 0
a 0 28 113 1
a 0 113 171 0
a 1 170 68 0
a 1 68 25 0
a 1 25 23 0
a 1 23 13 0
a 1 13 29 0
a 1 29 44 0
a 1 44 20 0
a 1 20 1 0
a 1 1 0 0
a 1 0 4 0
a 1 4 11 0
a 1 11 33 0
a 1 33 27 0
a 1 27 110 0
a 1 25 110 1
a 1 110 108 0
a 1 23 108 1
a 1 108 98 0
a 1 13 98 1
a 1 98 62 0
a 1 62 64 0
a 1 64 153 0
a 1 68 153 1
a 1 153 114 0
a 1 29 114 1
a 1 114 105 0
a 1 20 105 1
a 1 105 129 0
a 1 44 129 1
a 1 129 63 0
a 1 63 83 0
a 1 83 85 0
a 1 0 85 1
a 1 85 89 0
a 1 4 89 1
a 1 89 65 0
a 1 65 78 0
a 1 78 73 0
a 1 73 86 0
a 1 1 86 1
a 1 86 84 0
a 1 84 30 0
a 1 30 35 0
a 1 35 14 0
a 1 14 77 0
a 1 77 76 0
a 1 76 71 0
a 1 71 56 0
a 1 56 96 0
a 1 11 96 1
a 1 96 47 0
a 1 47 67 0
a 1 67 51 0
a 1 51 112 0
a 1 27 112 1
a 1 112 74 0
a 1 74 118 0
a 1 33 118 1
a 1 118 22 0
a 1 22 147 0
a 1 62 147 1
a 1 147 149 0
a 1 64 149 1
a 1 149 163 0
a 1 78 163 1
a 1 163 148 0
a 1 63 148 1
a 1 148 158 0
a 1 73 158 1
a 1 158 169 0
a 1 84 169 1
a 1 169 168 0
a 1 83 168 1
a 1 168 150 0
a 1 65 150 1
a 1 150 162 0
a 1 77 162 1
a 1 162 156 0
a 1 71 156 1
a 1 156 120 0
a 1 35 120 1
a 1 120 141 0
a 1 56 141 1
a 1 141 115 0
a 1 30 115 1
a 1 115 132 0
a 1 47 132 1
a 1 132 99 0
a 1 14 99 1
a 1 99 152 0
a 1 67 152 1
a 1 152 161 0
a 1 76 161 1
a 1 161 159 0
a 1 74 159 1
a 1 159 136 0
a 1 51 136 1
a 1 136 107 0
a 1 22 107 1
a 1 107 171 0
a 2 170 24 0
a 2 24 25 0
a 2 25 23 0
a 2 23 32 0
a 2 32 13 0
a 2 13 12 0
a 2 12 44 0
a 2 44 37 0
a 2 37 1 0
a 2 1 4 0
a 2 4 26 0
a 2 26 43 0
a 2 43 55 0
a 2 55 7 0
a 2 7 48 0
a 2 48 117 0
a 2 32 117 1
a 2 117 27 0
a 2 27 15 0
a 2 15 110 0
a 2 25 110 1
a 2 110 108 0
a 2 23 108 1
a 2 108 109 0
a 2 24 109 1
a 2 109 98 0
a 2 13 98 1
a 2 98 62 0
a 2 62 97 0
a 2 12 97 1
a 2 97 129 0
a 2 44 129 1
a 2 129 122 0
a 2 37 122 1
a 2 122 89 0
a 2 4 89 1
a 2 89 46 0
a 2 46 78 0
a 2 78 73 0
a 2 73 86 0
a 2 1 86 1
a 2 86 140 0
a 2 55 140 1
a 2 140 30 0
a 2 30 72 0
a 2 72 92 0
a 2 7 92 1
a 2 92 54 0
a 2 54 111 0
a 2 26 111 1
a 2 111 133 0
a 2 48 133 1
a 2 133 76 0
a 2 76 71 0
a 2 71 128 0
a 2 43 128 1
a 2 128 53 0
a 2 53 56 0
a 2 56 60 0
a 2 60 51 0
a 2 51 28 0
a 2 28 112 0
a 2 27 112 1
a 2 112 100 0
a 2 15 100 1
a 2 100 147 0
a 2 62 147 1
a 2 147 163 0
a 2 78 163 1
a 2 163 158 0
a 2 73 158 1
a 2 158 131 0
a 2 46 131 1
a 2 131 156 0
a 2 71 156 1
a 2 156 141 0
a 2 56 141 1
a 2 141 115 0
a 2 30 115 1
a 2 115 138 0
a 2 53 138 1
a 2 138 157 0
a 2 72 157 1
a 2 157 139 0
a 2 54 139 1
a 2 139 145 0
a 2 60 145 1
a 2 145 161 0
a 2 76 161 1
a 2 161 113 0
a 2 28 113 1
a 2 113 136 0
a 2 51 136 1
a 2 136 171 0
a 3 170 9 0
a 3 9 24 0
a 3 24 32 0
a 3 32 5 0
a 3 5 37 0
a 3 37 20 0
a 3 20 1 0
a 3 1 59 0
a 3 59 34 0
a 3 34 52 0
a 3 52 43 0
a 3 43 7 0
a 3 7 48 0
a 3 48 11 0
a 3 11 58 0
a 3 58 117 0
a 3 32 117 1
a 3 117 94 0
a 3 9 94 1
a 3 94 109 0
a 3 24 109 1
a 3 109 90 0
a 3 5 90 1
a 3 90 105 0
a 3 20 105 1
a 3 105 144 0
a 3 59 144 1
a 3 144 119 0
a 3 34 119 1
a 3 119 122 0
a 3 37 122 1
a 3 122 63 0
a 3 63 137 0
a 3 52 137 1
a 3 137 65 0
a 3 65 46 0
a 3 46 78 0
a 3 78 66 0
a 3 66 80 0
a 3 80 86 0
a 3 1 86 1
a 3 86 30 0
a 3 30 92 0
a 3 7 92 1
a 3 92 14 0
a 3 14 54 0
a 3 54 77 0
a 3 77 133 0
a 3 48 133 1
a 3 133 76 0
a 3 76 128 0
a 3 43 128 1
a 3 128 56 0
a 3 56 96 0
a 3 11 96 1
a 3 96 67 0
a 3 67 38 0
a 3 38 143 0
a 3 58 143 1
a 3 143 81 0
a 3 81 82 0
a 3 82 163 0
a 3 78 163 1
a 3 163 148 0
a 3 63 148 1
a 3 148 151 0
a 3 66 151 1
a 3 151 150 0
a 3 65 150 1
a 3 150 162 0
a 3 77 162 1
a 3 162 131 0
a 3 46 131 1
a 3 131 165 0
a 3 80 165 1
a 3 165 141 0
a 3 56 141 1
a 3 141 115 0
a 3 30 115 1
a 3 115 139 0
a 3 54 139 1
a 3 139 99 0
a 3 14 99 1
a 3 99 152 0
a 3 67 152 1
a 3 152 161 0
a 3 76 161 1
a 3 161 167 0
a 3 82 167 1
a 3 167 123 0
a 3 38 123 1
a 3 123 166 0
a 3 81 166 1
a 3 166 171 0
a 4 170 6 0
a 4 6 23 0
a 4 23 5 0
a 4 5 44 0
a 4 44 75 0
a 4 75 1 0
a 4 1 19 0
a 4 19 26 0
a 4 26 49 0
a 4 49 43 0
a 4 43 55 0
a 4 55 48 0
a 4 48 11 0
a 4 11 58 0
a 4 58 41 0
a 4 41 27 0
a 4 27 91 0
a 4 6 91 1
a 4 91 108 0
a 4 23 108 1
a 4 108 90 0
a 4 5 90 1
a 4 90 160 0
a 4 75 160 1
a 4 160 129 0
a 4 44 129 1
a 4 129 134 0
a 4 49 134 1
a 4 134 83 0
a 4 83 46 0
a 4 46 78 0
a 4 78 104 0
a 4 19 104 1
a 4 104 66 0
a 4 66 86 0
a 4 1 86 1
a 4 86 140 0
a 4 55 140 1
a 4 140 30 0
a 4 30 54 0
a 4 54 111 0
a 4 26 111 1
a 4 111 77 0
a 4 77 133 0
a 4 48 133 1
a 4 133 76 0
a 4 76 128 0
a 4 43 128 1
a 4 128 96 0
a 4 11 96 1
a 4 96 60 0
a 4 60 67 0
a 4 67 51 0
a 4 51 126 0
a 4 41 126 1
a 4 126 112 0
a 4 27 112 1
a 4 112 74 0
a 4 74 143 0
a 4 58 143 1
a 4 143 81 0
a 4 81 82 0
a 4 82 163 0
a 4 78 163 1
a 4 163 168 0
a 4 83 168 1
a 4 168 151 0
a 4 66 151 1
a 4 151 162 0
a 4 77 162 1
a 4 162 131 0
a 4 46 131 1
a 4 131 115 0
a 4 30 115 1
a 4 115 139 0
a 4 54 139 1
a 4 139 145 0
a 4 60 145 1
a 4 145 152 0
a 4 67 152 1
a 4 152 161 0
a 4 76 161 1
a 4 161 167 0
a 4 82 167 1
a 4 167 159 0
a 4 74 159 1
a 4 159 136 0
a 4 51 136 1
a 4 136 166 0
a 4 81 166 1
a 4 166 171 0
a 5 170 24 0
a 5 24 68 0
a 5 68 23 0
a 5 23 32 0
a 5 32 13 0
a 5 13 57 0
a 5 57 50 0
a 5 50 5 0
a 5 5 29 0
a 5 29 8 0
a 5 8 20 0
a 5 20 18 0
a 5 18 59 0
a 5 59 0 0
a 5 0 34 0
a 5 34 4 0
a 5 4 31 0
a 5 31 55 0
a 5 55 48 0
a 5 48 135 0
a 5 50 135 1
a 5 135 117 0
a 5 32 117 1
a 5 117 27 0
a 5 27 108 0
a 5 23 108 1
a 5 108 109 0
a 5 24 109 1
a 5 109 90 0
a 5 5 90 1
a 5 90 142 0
a 5 57 142 1
a 5 142 98 0
a 5 13 98 1
a 5 98 153 0
a 5 68 153 1
a 5 153 114 0
a 5 29 114 1
a 5 114 93 0
a 5 8 93 1
a 5 93 105 0
a 5 20 105 1
a 5 105 103 0
a 5 18 103 1
a 5 103 144 0
a 5 59 144 1
a 5 144 119 0
a 5 34 119 1
a 5 119 63 0
a 5 63 116 0
a 5 31 116 1
a 5 116 85 0
a 5 0 85 1
a 5 85 89 0
a 5 4 89 1
a 5 89 46 0
a 5 46 78 0
a 5 78 61 0
a 5 61 80 0
a 5 80 140 0
a 5 55 140 1
a 5 140 45 0
a 5 45 54 0
a 5 54 42 0
a 5 42 77 0
a 5 77 133 0
a 5 48 133 1
a 5 133 76 0
a 5 76 71 0
a 5 71 53 0
a 5 53 21 0
a 5 21 47 0
a 5 47 67 0
a 5 67 28 0
a 5 28 112 0
a 5 27 112 1
a 5 112 22 0
a 5 22 163 0
a 5 78 163 1
a 5 163 146 0
a 5 61 146 1
a 5 146 148 0
a 5 63 148 1
a 5 148 127 0
a 5 42 127 1
a 5 127 162 0
a 5 77 162 1
a 5 162 130 0
a 5 45 130 1
a 5 130 131 0
a 5 46 131 1
a 5 131 156 0
a 5 71 156 1
a 5 156 165 0
a 5 80 165 1
a 5 165 138 0
a 5 53 138 1
a 5 138 132 0
a 5 47 132 1
a 5 132 139 0
a 5 54 139 1
a 5 139 106 0
a 5 21 106 1
a 5 106 152 0
a 5 67 152 1
a 5 152 161 0
a 5 76 161 1
a 5 161 113 0
a 5 28 113 1
a 5 113 107 0
a 5 22 107 1
a 5 107 171 0
a 6 170 9 0
a 6 9 13 0
a 6 13 17 0
a 6 17 12 0
a 6 12 44 0
a 6 44 8 0
a 6 8 37 0
a 6 37 18 0
a 6 18 1 0
a 6 1 59 0
a 6 59 4 0
a 6 4 31 0
a 6 31 52 0
a 6 52 19 0
a 6 19 49 0
a 6 49 43 0
a 6 43 39 0
a 6 39 48 0
a 6 48 11 0
a 6 11 58 0
a 6 58 10 0
a 6 10 94 0
a 6 9 94 1
a 6 94 98 0
a 6 13 98 1
a 6 98 102 0
a 6 17 102 1
a 6 102 64 0
a 6 64 97 0
a 6 12 97 1
a 6 97 93 0
a 6 8 93 1
a 6 93 103 0
a 6 18 103 1
a 6 103 144 0
a 6 59 144 1
a 6 144 129 0
a 6 44 129 1
a 6 129 122 0
a 6 37 122 1
a 6 122 63 0
a 6 63 137 0
a 6 52 137 1
a 6 137 134 0
a 6 49 134 1
a 6 134 116 0
a 6 31 116 1
a 6 116 89 0
a 6 4 89 1
a 6 89 78 0
a 6 78 61 0
a 6 61 104 0
a 6 19 104 1
a 6 104 86 0
a 6 1 86 1
a 6 86 124 0
a 6 39 124 1
a 6 124 30 0
a 6 30 35 0
a 6 35 40 0
a 6 40 133 0
a 6 48 133 1
a 6 133 76 0
a 6 76 71 0
a 6 71 128 0
a 6 43 128 1
a 6 128 96 0
a 6 11 96 1
a 6 96 21 0
a 6 21 60 0
a 6 60 47 0
a 6 47 67 0
a 6 67 51 0
a 6 51 38 0
a 6 38 74 0
a 6 74 143 0
a 6 58 143 1
a 6 143 81 0
a 6 81 95 0
a 6 10 95 1
a 6 95 22 0
a 6 22 149 0
a 6 64 149 1
a 6 149 163 0
a 6 78 163 1
a 6 163 146 0
a 6 61 146 1
a 6 146 148 0
a 6 63 148 1
a 6 148 125 0
a 6 40 125 1
a 6 125 156 0
a 6 71 156 1
a 6 156 120 0
a 6 35 120 1
a 6 120 115 0
a 6 30 115 1
a 6 115 132 0
a 6 47 132 1
a 6 132 145 0
a 6 60 145 1
a 6 145 106 0
a 6 21 106 1
a 6 106 152 0
a 6 67 152 1
a 6 152 161 0
a 6 76 161 1
a 6 161 159 0
a 6 74 159 1
a 6 159 136 0
a 6 51 136 1
a 6 136 123 0
a 6 38 123 1
a 6 123 107 0
a 6 22 107 1
a 6 107 166 0
a 6 81 166 1
a 6 166 171 0
a 7 170 6 0
a 7 6 68 0
a 7 68 23 0
a 7 23 13 0
a 7 13 44 0
a 7 44 8 0
a 7 8 37 0
a 7 37 20 0
a 7 20 1 0
a 7 1 59 0
a 7 59 19 0
a 7 19 26 0
a 7 26 3 0
a 7 3 36 0
a 7 36 43 0
a 7 43 39 0
a 7 39 48 0
a 7 48 33 0
a 7 33 58 0
a 7 58 10 0
a 7 10 91 0
a 7 6 91 1
a 7 91 108 0
a 7 23 108 1
a 7 108 98 0
a 7 13 98 1
a 7 98 153 0
a 7 68 153 1
a 7 153 93 0
a 7 8 93 1
a 7 93 105 0
a 7 20 105 1
a 7 105 70 0
a 7 70 144 0
a 7 59 144 1
a 7 144 129 0
a 7 44 129 1
a 7 129 122 0
a 7 37 122 1
a 7 122 65 0
a 7 65 104 0
a 7 19 104 1
a 7 104 86 0
a 7 1 86 1
a 7 86 124 0
a 7 39 124 1
a 7 124 30 0
a 7 30 72 0
a 7 72 42 0
a 7 42 111 0
a 7 26 111 1
a 7 111 40 0
a 7 40 88 0
a 7 3 88 1
a 7 88 133 0
a 7 48 133 1
a 7 133 71 0
a 7 71 128 0
a 7 43 128 1
a 7 128 53 0
a 7 53 121 0
a 7 36 121 1
a 7 121 21 0
a 7 21 47 0
a 7 47 67 0
a 7 67 28 0
a 7 28 74 0
a 7 74 143 0
a 7 58 143 1
a 7 143 118 0
a 7 33 118 1
a 7 118 95 0
a 7 10 95 1
a 7 95 22 0
a 7 22 155 0
a 7 70 155 1
a 7 155 127 0
a 7 42 127 1
a 7 127 150 0
a 7 65 150 1
a 7 150 125 0
a 7 40 125 1
a 7 125 156 0
a 7 71 156 1
a 7 156 115 0
a 7 30 115 1
a 7 115 138 0
a 7 53 138 1
a 7 138 132 0
a 7 47 132 1
a 7 132 157 0
a 7 72 157 1
a 7 157 106 0
a 7 21 106 1
a 7 106 152 0
a 7 67 152 1
a 7 152 159 0
a 7 74 159 1
a 7 159 113 0
a 7 28 113 1
a 7 113 107 0
a 7 22 107 1
a 7 107 171 0
a 8 170 68 0
a 8 68 13 0
a 8 13 37 0
a 8 37 20 0
a 8 20 59 0
a 8 59 0 0
a 8 0 4 0
a 8 4 3 0
a 8 3 49 0
a 8 49 98 0
a 8 13 98 1
a 8 98 62 0
a 8 62 153 0
a 8 68 153 1
a 8 153 105 0
a 8 20 105 1
a 8 105 144 0
a 8 59 144 1
a 8 144 122 0
a 8 37 122 1
a 8 122 134 0
a 8 49 134 1
a 8 134 83 0
a 8 83 85 0
a 8 0 85 1
a 8 85 89 0
a 8 4 89 1
a 8 89 73 0
a 8 73 66 0
a 8 66 80 0
a 8 80 30 0
a 8 30 40 0
a 8 40 88 0
a 8 3 88 1
a 8 88 76 0
a 8 76 21 0
a 8 21 60 0
a 8 60 67 0
a 8 67 74 0
a 8 74 82 0
a 8 82 22 0
a 8 22 147 0
a 8 62 147 1
a 8 147 158 0
a 8 73 158 1
a 8 158 151 0
a 8 66 151 1
a 8 151 168 0
a 8 83 168 1
a 8 168 125 0
a 8 40 125 1
a 8 125 165 0
a 8 80 165 1
a 8 165 115 0
a 8 30 115 1
a 8 115 145 0
a 8 60 145 1
a 8 145 152 0
a 8 67 152 1
a 8 152 106 0
a 8 21 106 1
a 8 106 161 0
a 8 76 161 1
a 8 161 167 0
a 8 82 167 1
a 8 167 159 0
a 8 74 159 1
a 8 159 107 0
a 8 22 107 1
a 8 107 171 0
a 9 170 24 0
a 9 24 25 0
a 9 25 13 0
a 9 13 17 0
a 9 17 8 0
a 9 8 75 0
a 9 75 20 0
a 9 20 4 0
a 9 4 39 0
a 9 39 11 0
a 9 11 58 0
a 9 58 41 0
a 9 41 15 0
a 9 15 110 0
a 9 25 110 1
a 9 110 109 0
a 9 24 109 1
a 9 109 98 0
a 9 13 98 1
a 9 98 102 0
a 9 17 102 1
a 9 102 160 0
a 9 75 160 1
a 9 160 93 0
a 9 8 93 1
a 9 93 105 0
a 9 20 105 1
a 9 105 70 0
a 9 70 83 0
a 9 83 89 0
a 9 4 89 1
a 9 89 73 0
a 9 73 124 0
a 9 39 124 1
a 9 124 72 0
a 9 72 14 0
a 9 14 54 0
a 9 54 42 0
a 9 42 77 0
a 9 77 96 0
a 9 11 96 1
a 9 96 51 0
a 9 51 126 0
a 9 41 126 1
a 9 126 100 0
a 9 15 100 1
a 9 100 69 0
a 9 69 143 0
a 9 58 143 1
a 9 143 82 0
a 9 82 16 0
a 9 16 155 0
a 9 70 155 1
a 9 155 158 0
a 9 73 158 1
a 9 158 127 0
a 9 42 127 1
a 9 127 168 0
a 9 83 168 1
a 9 168 162 0
a 9 77 162 1
a 9 162 157 0
a 9 72 157 1
a 9 157 139 0
a 9 54 139 1
a 9 139 99 0
a 9 14 99 1
a 9 99 154 0
a 9 69 154 1
a 9 154 101 0
a 9 16 101 1
a 9 101 167 0
a 9 82 167 1
a 9 167 136 0
a 9 51 136 1
a 9 136 171 0
a 10 170 25 0
a 10 25 23 0
a 10 23 32 0
a 10 32 5 0
a 10 5 1 0
a 10 1 52 0
a 10 52 26 0
a 10 26 3 0
a 10 3 43 0
a 10 43 39 0
a 10 39 7 0
a 10 7 117 0
a 10 32 117 1
a 10 117 10 0
a 10 10 27 0
a 10 27 110 0
a 10 25 110 1
a 10 110 108 0
a 10 23 108 1
a 10 108 90 0
a 10 5 90 1
a 10 90 64 0
a 10 64 70 0
a 10 70 137 0
a 10 52 137 1
a 10 137 61 0
a 10 61 79 0
a 10 79 86 0
a 10 1 86 1
a 10 86 45 0
a 10 45 84 0
a 10 84 124 0
a 10 39 124 1
a 10 124 30 0
a 10 30 72 0
a 10 72 92 0
a 10 7 92 1
a 10 92 54 0
a 10 54 111 0
a 10 26 111 1
a 10 111 40 0
a 10 40 88 0
a 10 3 88 1
a 10 88 128 0
a 10 43 128 1
a 10 128 47 0
a 10 47 67 0
a 10 67 51 0
a 10 51 112 0
a 10 27 112 1
a 10 112 74 0
a 10 74 81 0
a 10 81 95 0
a 10 10 95 1
a 10 95 22 0
a 10 22 149 0
a 10 64 149 1
a 10 149 155 0
a 10 70 155 1
a 10 155 146 0
a 10 61 146 1
a 10 146 169 0
a 10 84 169 1
a 10 169 125 0
a 10 40 125 1
a 10 125 164 0
a 10 79 164 1
a 10 164 130 0
a 10 45 130 1
a 10 130 115 0
a 10 30 115 1
a 10 115 132 0
a 10 47 132 1
a 10 132 157 0
a 10 72 157 1
a 10 157 139 0
a 10 54 139 1
a 10 139 152 0
a 10 67 152 1
a 10 152 159 0
a 10 74 159 1
a 10 159 136 0
a 10 51 136 1
a 10 136 107 0
a 10 22 107 1
a 10 107 166 0
a 10 81 166 1
a 10 166 171 0
a 11 170 6 0
a 11 6 24 0
a 11 24 2 0
a 11 2 32 0
a 11 32 17 0
a 11 17 29 0
a 11 29 20 0
a 11 20 18 0
a 11 18 59 0
a 11 59 4 0
a 11 4 31 0
a 11 31 43 0
a 11 43 39 0
a 11 39 11 0
a 11 11 58 0
a 11 58 87 0
a 11 2 87 1
a 11 87 117 0
a 11 32 117 1
a 11 117 10 0
a 11 10 41 0
a 11 41 27 0
a 11 27 91 0
a 11 6 91 1
a 11 91 109 0
a 11 24 109 1
a 11 109 102 0
a 11 17 102 1
a 11 102 114 0
a 11 29 114 1
a 11 114 105 0
a 11 20 105 1
a 11 105 103 0
a 11 18 103 1
a 11 103 144 0
a 11 59 144 1
a 11 144 63 0
a 11 63 116 0
a 11 31 116 1
a 11 116 89 0
a 11 4 89 1
a 11 89 46 0
a 11 46 61 0
a 11 61 124 0
a 11 39 124 1
a 11 124 30 0
a 11 30 35 0
a 11 35 54 0
a 11 54 42 0
a 11 42 77 0
a 11 77 76 0
a 11 76 128 0
a 11 43 128 1
a 11 128 53 0
a 11 53 96 0
a 11 11 96 1
a 11 96 60 0
a 11 60 126 0
a 11 41 126 1
a 11 126 112 0
a 11 27 112 1
a 11 112 74 0
a 11 74 143 0
a 11 58 143 1
a 11 143 81 0
a 11 81 95 0
a 11 10 95 1
a 11 95 146 0
a 11 61 146 1
a 11 146 148 0
a 11 63 148 1
a 11 148 127 0
a 11 42 127 1
a 11 127 162 0
a 11 77 162 1
a 11 162 131 0
a 11 46 131 1
a 11 131 120 0
a 11 35 120 1
a 11 120 115 0
a 11 30 115 1
a 11 115 138 0
a 11 53 138 1
a 11 138 139 0
a 11 54 139 1
a 11 139 145 0
a 11 60 145 1
a 11 145 161 0
a 11 76 161 1
a 11 161 159 0
a 11 74 159 1
a 11 159 166 0
a 11 81 166 1
a 11 166 171 0
a 12 170 2 0
a 12 2 50 0
a 12 50 8 0
a 12 8 37 0
a 12 37 20 0
a 12 20 59 0
a 12 59 52 0
a 12 52 135 0
a 12 50 135 1
a 12 135 87 0
a 12 2 87 1
a 12 87 27 0
a 12 27 64 0
a 12 64 93 0
a 12 8 93 1
a 12 93 105 0
a 12 20 105 1
a 12 105 144 0
a 12 59 144 1
a 12 144 122 0
a 12 37 122 1
a 12 122 137 0
a 12 52 137 1
a 12 137 80 0
a 12 80 79 0
a 12 79 45 0
a 12 45 30 0
a 12 30 54 0
a 12 54 40 0
a 12 40 76 0
a 12 76 71 0
a 12 71 56 0
a 12 56 21 0
a 12 21 112 0
a 12 27 112 1
a 12 112 38 0
a 12 38 16 0
a 12 16 149 0
a 12 64 149 1
a 12 149 125 0
a 12 40 125 1
a 12 125 164 0
a 12 79 164 1
a 12 164 130 0
a 12 45 130 1
a 12 130 156 0
a 12 71 156 1
a 12 156 165 0
a 12 80 165 1
a 12 165 141 0
a 12 56 141 1
a 12 141 115 0
a 12 30 115 1
a 12 115 139 0
a 12 54 139 1
a 12 139 106 0
a 12 21 106 1
a 12 106 161 0
a 12 76 161 1
a 12 161 101 0
a 12 16 101 1
a 12 101 123 0
a 12 38 123 1
a 12 123 171 0
a 13 170 6 0
a 13 6 13 0
a 13 13 57 0
a 13 57 50 0
a 13 50 8 0
a 13 8 18 0
a 13 18 0 0
a 13 0 19 0
a 13 19 7 0
a 13 7 33 0
a 13 33 135 0
a 13 50 135 1
a 13 135 27 0
a 13 27 91 0
a 13 6 91 1
a 13 91 15 0
a 13 15 142 0
a 13 57 142 1
a 13 142 98 0
a 13 13 98 1
a 13 98 64 0
a 13 64 93 0
a 13 8 93 1
a 13 93 70 0
a 13 70 103 0
a 13 18 103 1
a 13 103 83 0
a 13 83 85 0
a 13 0 85 1
a 13 85 78 0
a 13 78 73 0
a 13 73 61 0
a 13 61 104 0
a 13 19 104 1
a 13 104 80 0
a 13 80 79 0
a 13 79 92 0
a 13 7 92 1
a 13 92 35 0
a 13 35 14 0
a 13 14 54 0
a 13 54 42 0
a 13 42 77 0
a 13 77 53 0
a 13 53 21 0
a 13 21 47 0
a 13 47 51 0
a 13 51 112 0
a 13 27 112 1
a 13 112 100 0
a 13 15 100 1
a 13 100 81 0
a 13 81 118 0
a 13 33 118 1
a 13 118 82 0
a 13 82 22 0
a 13 22 149 0
a 13 64 149 1
a 13 149 155 0
a 13 70 155 1
a 13 155 163 0
a 13 78 163 1
a 13 163 146 0
a 13 61 146 1
a 13 146 158 0
a 13 73 158 1
a 13 158 127 0
a 13 42 127 1
a 13 127 168 0
a 13 83 168 1
a 13 168 162 0
a 13 77 162 1
a 13 162 164 0
a 13 79 164 1
a 13 164 165 0
a 13 80 165 1
a 13 165 120 0
a 13 35 120 1
a 13 120 138 0
a 13 53 138 1
a 13 138 132 0
a 13 47 132 1
a 13 132 139 0
a 13 54 139 1
a 13 139 99 0
a 13 14 99 1
a 13 99 106 0
a 13 21 106 1
a 13 106 167 0
a 13 82 167 1
a 13 167 136 0
a 13 51 136 1
a 13 136 107 0
a 13 22 107 1
a 13 107 166 0
a 13 81 166 1
a 13 166 171 0
a 14 170 6 0
a 14 6 2 0
a 14 2 32 0
a 14 32 57 0
a 14 57 50 0
a 14 50 12 0
a 14 12 44 0
a 14 44 8 0
a 14 8 37 0
a 14 37 75 0
a 14 75 20 0
a 14 20 1 0
a 14 1 31 0
a 14 31 3 0
a 14 3 7 0
a 14 7 48 0
a 14 48 135 0
a 14 50 135 1
a 14 135 87 0
a 14 2 87 1
a 14 87 117 0
a 14 32 117 1
a 14 117 41 0
a 14 41 91 0
a 14 6 91 1
a 14 91 142 0
a 14 57 142 1
a 14 142 97 0
a 14 12 97 1
a 14 97 160 0
a 14 75 160 1
a 14 160 93 0
a 14 8 93 1
a 14 93 105 0
a 14 20 105 1
a 14 105 70 0
a 14 70 129 0
a 14 44 129 1
a 14 129 122 0
a 14 37 122 1
a 14 122 83 0
a 14 83 116 0
a 14 31 116 1
a 14 116 73 0
a 14 73 61 0
a 14 61 66 0
a 14 66 79 0
a 14 79 86 0
a 14 1 86 1
a 14 86 30 0
a 14 30 92 0
a 14 7 92 1
a 14 92 14 0
a 14 14 54 0
a 14 54 88 0
a 14 3 88 1
a 14 88 133 0
a 14 48 133 1
a 14 133 60 0
a 14 60 67 0
a 14 67 51 0
a 14 51 126 0
a 14 41 126 1
a 14 126 38 0
a 14 38 69 0
a 14 69 155 0
a 14 70 155 1
a 14 155 146 0
a 14 61 146 1
a 14 146 158 0
a 14 73 158 1
a 14 158 151 0
a 14 66 151 1
a 14 151 168 0
a 14 83 168 1
a 14 168 164 0
a 14 79 164 1
a 14 164 115 0
a 14 30 115 1
a 14 115 139 0
a 14 54 139 1
a 14 139 145 0
a 14 60 145 1
a 14 145 99 0
a 14 14 99 1
a 14 99 152 0
a 14 67 152 1
a 14 152 154 0
a 14 69 154 1
a 14 154 136 0
a 14 51 136 1
a 14 136 123 0
a 14 38 123 1
a 14 123 171 0
a 15 170 2 0
a 15 2 23 0
a 15 23 32 0
a 15 32 57 0
a 15 57 17 0
a 15 17 34 0
a 15 34 4 0
a 15 4 31 0
a 15 31 52 0
a 15 52 3 0
a 15 3 36 0
a 15 36 43 0
a 15 43 7 0
a 15 7 33 0
a 15 33 58 0
a 15 58 87 0
a 15 2 87 1
a 15 87 117 0
a 15 32 117 1
a 15 117 15 0
a 15 15 108 0
a 15 23 108 1
a 15 108 142 0
a 15 57 142 1
a 15 142 62 0
a 15 62 102 0
a 15 17 102 1
a 15 102 70 0
a 15 70 119 0
a 15 34 119 1
a 15 119 137 0
a 15 52 137 1
a 15 137 83 0
a 15 83 116 0
a 15 31 116 1
a 15 116 89 0
a 15 4 89 1
a 15 89 80 0
a 15 80 79 0
a 15 79 45 0
a 15 45 72 0
a 15 72 92 0
a 15 7 92 1
a 15 92 54 0
a 15 54 42 0
a 15 42 88 0
a 15 3 88 1
a 15 88 76 0
a 15 76 128 0
a 15 43 128 1
a 15 128 56 0
a 15 56 121 0
a 15 36 121 1
a 15 121 47 0
a 15 47 67 0
a 15 67 38 0
a 15 38 100 0
a 15 15 100 1
a 15 100 69 0
a 15 69 143 0
a 15 58 143 1
a 15 143 118 0
a 15 33 118 1
a 15 118 16 0
a 15 16 147 0
a 15 62 147 1
a 15 147 155 0
a 15 70 155 1
a 15 155 127 0
a 15 42 127 1
a 15 127 168 0
a 15 83 168 1
a 15 168 164 0
a 15 79 164 1
a 15 164 130 0
a 15 45 130 1
a 15 130 165 0
a 15 80 165 1
a 15 165 141 0
a 15 56 141 1
a 15 141 132 0
a 15 47 132 1
a 15 132 157 0
a 15 72 157 1
a 15 157 139 0
a 15 54 139 1
a 15 139 152 0
a 15 67 152 1
a 15 152 154 0
a 15 69 154 1
a 15 154 161 0
a 15 76 161 1
a 15 161 101 0
a 15 16 101 1
a 15 101 123 0
a 15 38 123 1
a 15 123 171 0
a 16 170 6 0
a 16 6 24 0
a 16 24 68 0
a 16 68 25 0
a 16 25 32 0
a 16 32 57 0
a 16 57 50 0
a 16 50 37 0
a 16 37 75 0
a 16 75 0 0
a 16 0 34 0
a 16 34 4 0
a 16 4 31 0
a 16 31 52 0
a 16 52 3 0
a 16 3 36 0
a 16 36 43 0
a 16 43 135 0
a 16 50 135 1
a 16 135 117 0
a 16 32 117 1
a 16 117 10 0
a 16 10 41 0
a 16 41 91 0
a 16 6 91 1
a 16 91 110 0
a 16 25 110 1
a 16 110 109 0
a 16 24 109 1
a 16 109 142 0
a 16 57 142 1
a 16 142 64 0
a 16 64 153 0
a 16 68 153 1
a 16 153 160 0
a 16 75 160 1
a 16 160 119 0
a 16 34 119 1
a 16 119 122 0
a 16 37 122 1
a 16 122 63 0
a 16 63 137 0
a 16 52 137 1
a 16 137 116 0
a 16 31 116 1
a 16 116 85 0
a 16 0 85 1
a 16 85 89 0
a 16 4 89 1
a 16 89 61 0
a 16 61 79 0
a 16 79 84 0
a 16 84 88 0
a 16 3 88 1
a 16 88 128 0
a 16 43 128 1
a 16 128 121 0
a 16 36 121 1
a 16 121 60 0
a 16 60 67 0
a 16 67 51 0
a 16 51 126 0
a 16 41 126 1
a 16 126 38 0
a 16 38 95 0
a 16 10 95 1
a 16 95 149 0
a 16 64 149 1
a 16 149 146 0
a 16 61 146 1
a 16 146 148 0
a 16 63 148 1
a 16 148 169 0
a 16 84 169 1
a 16 169 164 0
a 16 79 164 1
a 16 164 145 0
a 16 60 145 1
a 16 145 152 0
a 16 67 152 1
a 16 152 136 0
a 16 51 136 1
a 16 136 123 0
a 16 38 123 1
a 16 123 171 0
a 17 170 9 0
a 17 9 6 0
a 17 6 68 0
a 17 68 32 0
a 17 32 37 0
a 17 37 75 0
a 17 75 18 0
a 17 18 0 0
a 17 0 4 0
a 17 4 19 0
a 17 19 36 0
a 17 36 48 0
a 17 48 33 0
a 17 33 117 0
a 17 32 117 1
a 17 117 10 0
a 17 10 27 0
a 17 27 94 0
a 17 9 94 1
a 17 94 91 0
a 17 6 91 1
a 17 91 153 0
a 17 68 153 1
a 17 153 160 0
a 17 75 160 1
a 17 160 103 0
a 17 18 103 1
a 17 103 122 0
a 17 37 122 1
a 17 122 63 0
a 17 63 85 0
a 17 0 85 1
a 17 85 89 0
a 17 4 89 1
a 17 89 65 0
a 17 65 46 0
a 17 46 104 0
a 17 19 104 1
a 17 104 66 0
a 17 66 45 0
a 17 45 30 0
a 17 30 42 0
a 17 42 133 0
a 17 48 133 1
a 17 133 76 0
a 17 76 121 0
a 17 36 121 1
a 17 121 21 0
a 17 21 28 0
a 17 28 112 0
a 17 27 112 1
a 17 112 118 0
a 17 33 118 1
a 17 118 95 0
a 17 10 95 1
a 17 95 22 0
a 17 22 148 0
a 17 63 148 1
a 17 148 127 0
a 17 42 127 1
a 17 127 151 0
a 17 66 151 1
a 17 151 150 0
a 17 65 150 1
a 17 150 130 0
a 17 45 130 1
a 17 130 131 0
a 17 46 131 1
a 17 131 115 0
a 17 30 115 1
a 17 115 106 0
a 17 21 106 1
a 17 106 161 0
a 17 76 161 1
a 17 161 113 0
a 17 28 113 1
a 17 113 107 0
a 17 22 107 1
a 17 107 171 0
a 18 170 6 0
a 18 6 9 0
a 18 9 24 0
a 18 24 68 0
a 18 68 32 0
a 18 32 23 0
a 18 23 57 0
a 18 57 17 0
a 18 17 75 0
a 18 75 0 0
a 18 0 19 0
a 18 19 26 0
a 18 26 49 0
a 18 49 48 0
a 18 48 11 0
a 18 11 117 0
a 18 32 117 1
a 18 117 41 0
a 18 41 94 0
a 18 9 94 1
a 18 94 91 0
a 18 6 91 1
a 18 91 15 0
a 18 15 108 0
a 18 23 108 1
a 18 108 109 0
a 18 24 109 1
a 18 109 142 0
a 18 57 142 1
a 18 142 62 0
a 18 62 102 0
a 18 17 102 1
a 18 102 153 0
a 18 68 153 1
a 18 153 160 0
a 18 75 160 1
a 18 160 63 0
a 18 63 134 0
a 18 49 134 1
a 18 134 85 0
a 18 0 85 1
a 18 85 46 0
a 18 46 73 0
a 18 73 61 0
a 18 61 104 0
a 18 19 104 1
a 18 104 35 0
a 18 35 14 0
a 18 14 111 0
a 18 26 111 1
a 18 111 40 0
a 18 40 133 0
a 18 48 133 1
a 18 133 76 0
a 18 76 96 0
a 18 11 96 1
a 18 96 21 0
a 18 21 60 0
a 18 60 51 0
a 18 51 126 0
a 18 41 126 1
a 18 126 100 0
a 18 15 100 1
a 18 100 69 0
a 18 69 147 0
a 18 62 147 1
a 18 147 146 0
a 18 61 146 1
a 18 146 148 0
a 18 63 148 1
a 18 148 158 0
a 18 73 158 1
a 18 158 125 0
a 18 40 125 1
a 18 125 131 0
a 18 46 131 1
a 18 131 120 0
a 18 35 120 1
a 18 120 145 0
a 18 60 145 1
a 18 145 99 0
a 18 14 99 1
a 18 99 106 0
a 18 21 106 1
a 18 106 154 0
a 18 69 154 1
a 18 154 161 0
a 18 76 161 1
a 18 161 136 0
a 18 51 136 1
a 18 136 171 0
a 19 170 6 0
a 19 6 9 0
a 19 9 2 0
a 19 2 25 0
a 19 25 13 0
a 19 13 50 0
a 19 50 8 0
a 19 8 20 0
a 19 20 18 0
a 19 18 0 0
a 19 0 26 0
a 19 26 36 0
a 19 36 55 0
a 19 55 33 0
a 19 33 135 0
a 19 50 135 1
a 19 135 87 0
a 19 2 87 1
a 19 87 10 0
a 19 10 27 0
a 19 27 94 0
a 19 9 94 1
a 19 94 91 0
a 19 6 91 1
a 19 91 15 0
a 19 15 110 0
a 19 25 110 1
a 19 110 98 0
a 19 13 98 1
a 19 98 62 0
a 19 62 93 0
a 19 8 93 1
a 19 93 105 0
a 19 20 105 1
a 19 105 70 0
a 19 70 103 0
a 19 18 103 1
a 19 103 85 0
a 19 0 85 1
a 19 85 65 0
a 19 65 78 0
a 19 78 140 0
a 19 55 140 1
a 19 140 72 0
a 19 72 54 0
a 19 54 111 0
a 19 26 111 1
a 19 111 76 0
a 19 76 53 0
a 19 53 121 0
a 19 36 121 1
a 19 121 112 0
a 19 27 112 1
a 19 112 100 0
a 19 15 100 1
a 19 100 69 0
a 19 69 81 0
a 19 81 118 0
a 19 33 118 1
a 19 118 82 0
a 19 82 95 0
a 19 10 95 1
a 19 95 22 0
a 19 22 147 0
a 19 62 147 1
a 19 147 155 0
a 19 70 155 1
a 19 155 163 0
a 19 78 163 1
a 19 163 150 0
a 19 65 150 1
a 19 150 138 0
a 19 53 138 1
a 19 138 157 0
a 19 72 157 1
a 19 157 139 0
a 19 54 139 1
a 19 139 154 0
a 19 69 154 1
a 19 154 161 0
a 19 76 161 1
a 19 161 167 0
a 19 82 167 1
a 19 167 107 0
a 19 22 107 1
a 19 107 166 0
a 19 81 166 1
a 19 166 171 0
a 20 170 6 0
a 20 6 13 0
a 20 13 57 0
a 20 57 50 0
a 20 50 5 0
a 20 5 37 0
a 20 37 75 0
a 20 75 20 0
a 20 20 18 0
a 20 18 4 0
a 20 4 19 0
a 20 19 3 0
a 20 3 49 0
a 20 49 36 0
a 20 36 43 0
a 20 43 7 0
a 20 7 48 0
a 20 48 11 0
a 20 11 33 0
a 20 33 135 0
a 20 50 135 1
a 20 135 58 0
a 20 58 10 0
a 20 10 91 0
a 20 6 91 1
a 20 91 15 0
a 20 15 90 0
a 20 5 90 1
a 20 90 142 0
a 20 57 142 1
a 20 142 98 0
a 20 13 98 1
a 20 98 160 0
a 20 75 160 1
a 20 160 105 0
a 20 20 105 1
a 20 105 103 0
a 20 18 103 1
a 20 103 122 0
a 20 37 122 1
a 20 122 63 0
a 20 63 134 0
a 20 49 134 1
a 20 134 83 0
a 20 83 89 0
a 20 4 89 1
a 20 89 46 0
a 20 46 73 0
a 20 73 104 0
a 20 19 104 1
a 20 104 45 0
a 20 45 72 0
a 20 72 92 0
a 20 7 92 1
a 20 92 35 0
a 20 35 14 0
a 20 14 40 0
a 20 40 88 0
a 20 3 88 1
a 20 88 133 0
a 20 48 133 1
a 20 133 76 0
a 20 76 128 0
a 20 43 128 1
a 20 128 121 0
a 20 36 121 1
a 20 121 96 0
a 20 11 96 1
a 20 96 67 0
a 20 67 28 0
a 20 28 38 0
a 20 38 100 0
a 20 15 100 1
a 20 100 69 0
a 20 69 143 0
a 20 58 143 1
a 20 143 118 0
a 20 33 118 1
a 20 118 95 0
a 20 10 95 1
a 20 95 22 0
a 20 22 148 0
a 20 63 148 1
a 20 148 158 0
a 20 73 158 1
a 20 158 168 0
a 20 83 168 1
a 20 168 125 0
a 20 40 125 1
a 20 125 130 0
a 20 45 130 1
a 20 130 131 0
a 20 46 131 1
a 20 131 120 0
a 20 35 120 1
a 20 120 157 0
a 20 72 157 1
a 20 157 99 0
a 20 14 99 1
a 20 99 152 0
a 20 67 152 1
a 20 152 154 0
a 20 69 154 1
a 20 154 161 0
a 20 76 161 1
a 20 161 113 0
a 20 28 113 1
a 20 113 123 0
a 20 38 123 1
a 20 123 107 0
a 20 22 107 1
a 20 107 171 0
a 21 170 2 0
a 21 2 25 0
a 21 25 50 0
a 21 50 29 0
a 21 29 12 0
a 21 12 1 0
a 21 1 59 0
a 21 59 0 0
a 21 0 52 0
a 21 52 36 0
a 21 36 43 0
a 21 43 48 0
a 21 48 135 0
a 21 50 135 1
a 21 135 58 0
a 21 58 87 0
a 21 2 87 1
a 21 87 10 0
a 21 10 41 0
a 21 41 110 0
a 21 25 110 1
a 21 110 97 0
a 21 12 97 1
a 21 97 114 0
a 21 29 114 1
a 21 114 144 0
a 21 59 144 1
a 21 144 137 0
a 21 52 137 1
a 21 137 83 0
a 21 83 85 0
a 21 0 85 1
a 21 85 80 0
a 21 80 86 0
a 21 1 86 1
a 21 86 45 0
a 21 45 72 0
a 21 72 35 0
a 21 35 54 0
a 21 54 77 0
a 21 77 133 0
a 21 48 133 1
a 21 133 71 0
a 21 71 128 0
a 21 43 128 1
a 21 128 53 0
a 21 53 121 0
a 21 36 121 1
a 21 121 21 0
a 21 21 47 0
a 21 47 67 0
a 21 67 126 0
a 21 41 126 1
a 21 126 143 0
a 21 58 143 1
a 21 143 81 0
a 21 81 16 0
a 21 16 95 0
a 21 10 95 1
a 21 95 168 0
a 21 83 168 1
a 21 168 162 0
a 21 77 162 1
a 21 162 130 0
a 21 45 130 1
a 21 130 156 0
a 21 71 156 1
a 21 156 165 0
a 21 80 165 1
a 21 165 120 0
a 21 35 120 1
a 21 120 138 0
a 21 53 138 1
a 21 138 132 0
a 21 47 132 1
a 21 132 157 0
a 21 72 157 1
a 21 157 139 0
a 21 54 139 1
a 21 139 106 0
a 21 21 106 1
a 21 106 152 0
a 21 67 152 1
a 21 152 101 0
a 21 16 101 1
a 21 101 166 0
a 21 81 166 1
a 21 166 171 0
a 22 170 24 0
a 22 24 2 0
a 22 2 25 0
a 22 25 23 0
a 22 23 13 0
a 22 13 57 0
a 22 57 17 0
a 22 17 12 0
a 22 12 19 0
a 22 19 3 0
a 22 3 33 0
a 22 33 87 0
a 22 2 87 1
a 22 87 27 0
a 22 27 110 0
a 22 25 110 1
a 22 110 108 0
a 22 23 108 1
a 22 108 109 0
a 22 24 109 1
a 22 109 142 0
a 22 57 142 1
a 22 142 98 0
a 22 13 98 1
a 22 98 62 0
a 22 62 102 0
a 22 17 102 1
a 22 102 64 0
a 22 64 97 0
a 22 12 97 1
a 22 97 83 0
a 22 83 65 0
a 22 65 46 0
a 22 46 61 0
a 22 61 104 0
a 22 19 104 1
a 22 104 66 0
a 22 66 80 0
a 22 80 30 0
a 22 30 54 0
a 22 54 40 0
a 22 40 88 0
a 22 3 88 1
a 22 88 53 0
a 22 53 67 0
a 22 67 51 0
a 22 51 112 0
a 22 27 112 1
a 22 112 118 0
a 22 33 118 1
a 22 118 147 0
a 22 62 147 1
a 22 147 149 0
a 22 64 149 1
a 22 149 146 0
a 22 61 146 1
a 22 146 151 0
a 22 66 151 1
a 22 151 168 0
a 22 83 168 1
a 22 168 150 0
a 22 65 150 1
a 22 150 125 0
a 22 40 125 1
a 22 125 131 0
a 22 46 131 1
a 22 131 165 0
a 22 80 165 1
a 22 165 115 0
a 22 30 115 1
a 22 115 138 0
a 22 53 138 1
a 22 138 139 0
a 22 54 139 1
a 22 139 152 0
a 22 67 152 1
a 22 152 136 0
a 22 51 136 1
a 22 136 171 0
a 23 170 24 0
a 23 24 13 0
a 23 13 17 0
a 23 17 29 0
a 23 29 44 0
a 23 44 18 0
a 23 18 0 0
a 23 0 34 0
a 23 34 4 0
a 23 4 49 0
a 23 49 36 0
a 23 36 43 0
a 23 43 39 0
a 23 39 41 0
a 23 41 109 0
a 23 24 109 1
a 23 109 98 0
a 23 13 98 1
a 23 98 102 0
a 23 17 102 1
a 23 102 114 0
a 23 29 114 1
a 23 114 103 0
a 23 18 103 1
a 23 103 119 0
a 23 34 119 1
a 23 119 129 0
a 23 44 129 1
a 23 129 63 0
a 23 63 134 0
a 23 49 134 1
a 23 134 83 0
a 23 83 85 0
a 23 0 85 1
a 23 85 89 0
a 23 4 89 1
a 23 89 61 0
a 23 61 124 0
a 23 39 124 1
a 23 124 30 0
a 23 30 76 0
a 23 76 128 0
a 23 43 128 1
a 23 128 56 0
a 23 56 121 0
a 23 36 121 1
a 23 121 21 0
a 23 21 67 0
a 23 67 51 0
a 23 51 126 0
a 23 41 126 1
a 23 126 74 0
a 23 74 69 0
a 23 69 22 0
a 23 22 146 0
a 23 61 146 1
a 23 146 148 0
a 23 63 148 1
a 23 148 168 0
a 23 83 168 1
a 23 168 141 0
a 23 56 141 1
a 23 141 115 0
a 23 30 115 1
a 23 115 106 0
a 23 21 106 1
a 23 106 152 0
a 23 67 152 1
a 23 152 154 0
a 23 69 154 1
a 23 154 161 0
a 23 76 161 1
a 23 161 159 0
a 23 74 159 1
a 23 159 136 0
a 23 51 136 1
a 23 136 107 0
a 23 22 107 1
a 23 107 171 0
a 24 170 6 0
a 24 6 2 0
a 24 2 23 0
a 24 23 50 0
a 24 50 17 0
a 24 17 12 0
a 24 12 44 0
a 24 44 8 0
a 24 8 20 0
a 24 20 18 0
a 24 18 0 0
a 24 0 52 0
a 24 52 3 0
a 24 3 39 0
a 24 39 55 0
a 24 55 7 0
a 24 7 48 0
a 24 48 135 0
a 24 50 135 1
a 24 135 87 0
a 24 2 87 1
a 24 87 27 0
a 24 27 91 0
a 24 6 91 1
a 24 91 108 0
a 24 23 108 1
a 24 108 62 0
a 24 62 102 0
a 24 17 102 1
a 24 102 64 0
a 24 64 97 0
a 24 12 97 1
a 24 97 93 0
a 24 8 93 1
a 24 93 105 0
a 24 20 105 1
a 24 105 70 0
a 24 70 103 0
a 24 18 103 1
a 24 103 129 0
a 24 44 129 1
a 24 129 137 0
a 24 52 137 1
a 24 137 83 0
a 24 83 85 0
a 24 0 85 1
a 24 85 65 0
a 24 65 140 0
a 24 55 140 1
a 24 140 124 0
a 24 39 124 1
a 24 124 30 0
a 24 30 92 0
a 24 7 92 1
a 24 92 14 0
a 24 14 54 0
a 24 54 88 0
a 24 3 88 1
a 24 88 133 0
a 24 48 133 1
a 24 133 56 0
a 24 56 112 0
a 24 27 112 1
a 24 112 74 0
a 24 74 82 0
a 24 82 147 0
a 24 62 147 1
a 24 147 149 0
a 24 64 149 1
a 24 149 155 0
a 24 70 155 1
a 24 155 168 0
a 24 83 168 1
a 24 168 150 0
a 24 65 150 1
a 24 150 141 0
a 24 56 141 1
a 24 141 115 0
a 24 30 115 1
a 24 115 139 0
a 24 54 139 1
a 24 139 99 0
a 24 14 99 1
a 24 99 167 0
a 24 82 167 1
a 24 167 159 0
a 24 74 159 1
a 24 159 171 0
a 25 170 6 0
a 25 6 9 0
a 25 9 24 0
a 25 24 68 0
a 25 68 32 0
a 25 32 57 0
a 25 57 5 0
a 25 5 44 0
a 25 44 20 0
a 25 20 18 0
a 25 18 0 0
a 25 0 4 0
a 25 4 19 0
a 25 19 26 0
a 25 26 39 0
a 25 39 48 0
a 25 48 33 0
a 25 33 58 0
a 25 58 117 0
a 25 32 117 1
a 25 117 10 0
a 25 10 94 0
a 25 9 94 1
a 25 94 91 0
a 25 6 91 1
a 25 91 15 0
a 25 15 109 0
a 25 24 109 1
a 25 109 90 0
a 25 5 90 1
a 25 90 142 0
a 25 57 142 1
a 25 142 62 0
a 25 62 153 0
a 25 68 153 1
a 25 153 105 0
a 25 20 105 1
a 25 105 70 0
a 25 70 103 0
a 25 18 103 1
a 25 103 129 0
a 25 44 129 1
a 25 129 85 0
a 25 0 85 1
a 25 85 89 0
a 25 4 89 1
a 25 89 65 0
a 25 65 104 0
a 25 19 104 1
a 25 104 66 0
a 25 66 84 0
a 25 84 124 0
a 25 39 124 1
a 25 124 30 0
a 25 30 42 0
a 25 42 111 0
a 25 26 111 1
a 25 111 77 0
a 25 77 133 0
a 25 48 133 1
a 25 133 21 0
a 25 21 47 0
a 25 47 67 0
a 25 67 51 0
a 25 51 28 0
a 25 28 100 0
a 25 15 100 1
a 25 100 69 0
a 25 69 143 0
a 25 58 143 1
a 25 143 81 0
a 25 81 118 0
a 25 33 118 1
a 25 118 16 0
a 25 16 95 0
a 25 10 95 1
a 25 95 147 0
a 25 62 147 1
a 25 147 155 0
a 25 70 155 1
a 25 155 169 0
a 25 84 169 1
a 25 169 127 0
a 25 42 127 1
a 25 127 151 0
a 25 66 151 1
a 25 151 150 0
a 25 65 150 1
a 25 150 162 0
a 25 77 162 1
a 25 162 115 0
a 25 30 115 1
a 25 115 132 0
a 25 47 132 1
a 25 132 106 0
a 25 21 106 1
a 25 106 152 0
a 25 67 152 1
a 25 152 154 0
a 25 69 154 1
a 25 154 101 0
a 25 16 101 1
a 25 101 113 0
a 25 28 113 1
a 25 113 136 0
a 25 51 136 1
a 25 136 166 0
a 25 81 166 1
a 25 166 171 0
a 26 170 6 0
a 26 6 68 0
a 26 68 25 0
a 26 25 37 0
a 26 37 19 0
a 26 19 49 0
a 26 49 43 0
a 26 43 55 0
a 26 55 48 0
a 26 48 10 0
a 26 10 41 0
a 26 41 27 0
a 26 27 91 0
a 26 6 91 1
a 26 91 110 0
a 26 25 110 1
a 26 110 62 0
a 26 62 153 0
a 26 68 153 1
a 26 153 122 0
a 26 37 122 1
a 26 122 134 0
a 26 49 134 1
a 26 134 83 0
a 26 83 65 0
a 26 65 61 0
a 26 61 104 0
a 26 19 104 1
a 26 104 66 0
a 26 66 140 0
a 26 55 140 1
a 26 140 84 0
a 26 84 72 0
a 26 72 14 0
a 26 14 40 0
a 26 40 133 0
a 26 48 133 1
a 26 133 71 0
a 26 71 128 0
a 26 43 128 1
a 26 128 56 0
a 26 56 21 0
a 26 21 60 0
a 26 60 67 0
a 26 67 126 0
a 26 41 126 1
a 26 126 112 0
a 26 27 112 1
a 26 112 38 0
a 26 38 69 0
a 26 69 82 0
a 26 82 95 0
a 26 10 95 1
a 26 95 22 0
a 26 22 147 0
a 26 62 147 1
a 26 147 146 0
a 26 61 146 1
a 26 146 169 0
a 26 84 169 1
a 26 169 151 0
a 26 66 151 1
a 26 151 168 0
a 26 83 168 1
a 26 168 150 0
a 26 65 150 1
a 26 150 125 0
a 26 40 125 1
a 26 125 156 0
a 26 71 156 1
a 26 156 141 0
a 26 56 141 1
a 26 141 157 0
a 26 72 157 1
a 26 157 145 0
a 26 60 145 1
a 26 145 99 0
a 26 14 99 1
a 26 99 106 0
a 26 21 106 1
a 26 106 152 0
a 26 67 152 1
a 26 152 154 0
a 26 69 154 1
a 26 154 167 0
a 26 82 167 1
a 26 167 123 0
a 26 38 123 1
a 26 123 107 0
a 26 22 107 1
a 26 107 171 0
a 27 170 24 0
a 27 24 9 0
a 27 9 2 0
a 27 2 32 0
a 27 32 50 0
a 27 50 44 0
a 27 44 59 0
a 27 59 34 0
a 27 34 4 0
a 27 4 26 0
a 27 26 36 0
a 27 36 11 0
a 27 11 135 0
a 27 50 135 1
a 27 135 87 0
a 27 2 87 1
a 27 87 117 0
a 27 32 117 1
a 27 117 10 0
a 27 10 41 0
a 27 41 94 0
a 27 9 94 1
a 27 94 109 0
a 27 24 109 1
a 27 109 64 0
a 27 64 70 0
a 27 70 144 0
a 27 59 144 1
a 27 144 119 0
a 27 34 119 1
a 27 119 129 0
a 27 44 129 1
a 27 129 89 0
a 27 4 89 1
a 27 89 46 0
a 27 46 61 0
a 27 61 80 0
a 27 80 45 0
a 27 45 72 0
a 27 72 111 0
a 27 26 111 1
a 27 111 53 0
a 27 53 121 0
a 27 36 121 1
a 27 121 96 0
a 27 11 96 1
a 27 96 60 0
a 27 60 67 0
a 27 67 126 0
a 27 41 126 1
a 27 126 28 0
a 27 28 69 0
a 27 69 95 0
a 27 10 95 1
a 27 95 149 0
a 27 64 149 1
a 27 149 155 0
a 27 70 155 1
a 27 155 146 0
a 27 61 146 1
a 27 146 130 0
a 27 45 130 1
a 27 130 131 0
a 27 46 131 1
a 27 131 165 0
a 27 80 165 1
a 27 165 138 0
a 27 53 138 1
a 27 138 157 0
a 27 72 157 1
a 27 157 145 0
a 27 60 145 1
a 27 145 152 0
a 27 67 152 1
a 27 152 154 0
a 27 69 154 1
a 27 154 113 0
a 27 28 113 1
a 27 113 171 0
a 28 170 6 0
a 28 6 13 0
a 28 13 57 0
a 28 57 50 0
a 28 50 5 0
a 28 5 1 0
a 28 1 34 0
a 28 34 4 0
a 28 4 26 0
a 28 26 3 0
a 28 3 49 0
a 28 49 43 0
a 28 43 33 0
a 28 33 135 0
a 28 50 135 1
a 28 135 10 0
a 28 10 91 0
a 28 6 91 1
a 28 91 90 0
a 28 5 90 1
a 28 90 142 0
a 28 57 142 1
a 28 142 98 0
a 28 13 98 1
a 28 98 62 0
a 28 62 70 0
a 28 70 119 0
a 28 34 119 1
a 28 119 63 0
a 28 63 134 0
a 28 49 134 1
a 28 134 89 0
a 28 4 89 1
a 28 89 73 0
a 28 73 66 0
a 28 66 80 0
a 28 80 79 0
a 28 79 86 0
a 28 1 86 1
a 28 86 45 0
a 28 45 30 0
a 28 30 54 0
a 28 54 111 0
a 28 26 111 1
a 28 111 88 0
a 28 3 88 1
a 28 88 128 0
a 28 43 128 1
a 28 128 74 0
a 28 74 81 0
a 28 81 118 0
a 28 33 118 1
a 28 118 16 0
a 28 16 95 0
a 28 10 95 1
a 28 95 22 0
a 28 22 147 0
a 28 62 147 1
a 28 147 155 0
a 28 70 155 1
a 28 155 148 0
a 28 63 148 1
a 28 148 158 0
a 28 73 158 1
a 28 158 151 0
a 28 66 151 1
a 28 151 164 0
a 28 79 164 1
a 28 164 130 0
a 28 45 130 1
a 28 130 165 0
a 28 80 165 1
a 28 165 115 0
a 28 30 115 1
a 28 115 139 0
a 28 54 139 1
a 28 139 101 0
a 28 16 101 1
a 28 101 159 0
a 28 74 159 1
a 28 159 107 0
a 28 22 107 1
a 28 107 166 0
a 28 81 166 1
a 28 166 171 0
a 29 170 6 0
a 29 6 2 0
a 29 2 25 0
a 29 25 32 0
a 29 32 13 0
a 29 13 50 0
a 29 50 5 0
a 29 5 17 0
a 29 17 29 0
a 29 29 12 0
a 29 12 8 0
a 29 8 20 0
a 29 20 1 0
a 29 1 0 0
a 29 0 31 0
a 29 31 3 0
a 29 3 48 0
a 29 48 33 0
a 29 33 135 0
a 29 50 135 1
a 29 135 87 0
a 29 2 87 1
a 29 87 117 0
a 29 32 117 1
a 29 117 27 0
a 29 27 91 0
a 29 6 91 1
a 29 91 110 0
a 29 25 110 1
a 29 110 90 0
a 29 5 90 1
a 29 90 98 0
a 29 13 98 1
a 29 98 62 0
a 29 62 102 0
a 29 17 102 1
a 29 102 97 0
a 29 12 97 1
a 29 97 114 0
a 29 29 114 1
a 29 114 93 0
a 29 8 93 1
a 29 93 105 0
a 29 20 105 1
a 29 105 63 0
a 29 63 116 0
a 29 31 116 1
a 29 116 85 0
a 29 0 85 1
a 29 85 80 0
a 29 80 79 0
a 29 79 86 0
a 29 1 86 1
a 29 86 84 0
a 29 84 88 0
a 29 3 88 1
a 29 88 133 0
a 29 48 133 1
a 29 133 76 0
a 29 76 56 0
a 29 56 51 0
a 29 51 112 0
a 29 27 112 1
a 29 112 38 0
a 29 38 118 0
a 29 33 118 1
a 29 118 82 0
a 29 82 16 0
a 29 16 147 0
a 29 62 147 1
a 29 147 148 0
a 29 63 148 1
a 29 148 169 0
a 29 84 169 1
a 29 169 164 0
a 29 79 164 1
a 29 164 165 0
a 29 80 165 1
a 29 165 141 0
a 29 56 141 1
a 29 141 161 0
a 29 76 161 1
a 29 161 101 0
a 29 16 101 1
a 29 101 167 0
a 29 82 167 1
a 29 167 136 0
a 29 51 136 1
a 29 136 123 0
a 29 38 123 1
a 29 123 171 0
a 30 170 24 0
a 30 24 25 0
a 30 25 13 0
a 30 13 57 0
a 30 57 17 0
a 30 17 44 0
a 30 44 37 0
a 30 37 75 0
a 30 75 20 0
a 30 20 34 0
a 30 34 19 0
a 30 19 41 0
a 30 41 27 0
a 30 27 15 0
a 30 15 110 0
a 30 25 110 1
a 30 110 109 0
a 30 24 109 1
a 30 109 142 0
a 30 57 142 1
a 30 142 98 0
a 30 13 98 1
a 30 98 102 0
a 30 17 102 1
a 30 102 160 0
a 30 75 160 1
a 30 160 105 0
a 30 20 105 1
a 30 105 70 0
a 30 70 119 0
a 30 34 119 1
a 30 119 129 0
a 30 44 129 1
a 30 129 122 0
a 30 37 122 1
a 30 122 65 0
a 30 65 104 0
a 30 19 104 1
a 30 104 66 0
a 30 66 79 0
a 30 79 45 0
a 30 45 54 0
a 30 54 42 0
a 30 42 53 0
a 30 53 47 0
a 30 47 67 0
a 30 67 126 0
a 30 41 126 1
a 30 126 112 0
a 30 27 112 1
a 30 112 100 0
a 30 15 100 1
a 30 100 81 0
a 30 81 22 0
a 30 22 155 0
a 30 70 155 1
a 30 155 127 0
a 30 42 127 1
a 30 127 151 0
a 30 66 151 1
a 30 151 150 0
a 30 65 150 1
a 30 150 164 0
a 30 79 164 1
a 30 164 130 0
a 30 45 130 1
a 30 130 138 0
a 30 53 138 1
a 30 138 132 0
a 30 47 132 1
a 30 132 139 0
a 30 54 139 1
a 30 139 152 0
a 30 67 152 1
a 30 152 107 0
a 30 22 107 1
a 30 107 166 0
a 30 81 166 1
a 30 166 171 0
a 31 170 24 0
a 31 24 2 0
a 31 2 23 0
a 31 23 13 0
a 31 13 57 0
a 31 57 5 0
a 31 5 34 0
a 31 34 4 0
a 31 4 31 0
a 31 31 26 0
a 31 26 49 0
a 31 49 55 0
a 31 55 11 0
a 31 11 58 0
a 31 58 87 0
a 31 2 87 1
a 31 87 15 0
a 31 15 108 0
a 31 23 108 1
a 31 108 109 0
a 31 24 109 1
a 31 109 90 0
a 31 5 90 1
a 31 90 142 0
a 31 57 142 1
a 31 142 98 0
a 31 13 98 1
a 31 98 70 0
a 31 70 119 0
a 31 34 119 1
a 31 119 63 0
a 31 63 134 0
a 31 49 134 1
a 31 134 116 0
a 31 31 116 1
a 31 116 89 0
a 31 4 89 1
a 31 89 46 0
a 31 46 61 0
a 31 61 140 0
a 31 55 140 1
a 31 140 84 0
a 31 84 14 0
a 31 14 111 0
a 31 26 111 1
a 31 111 53 0
a 31 53 56 0
a 31 56 96 0
a 31 11 96 1
a 31 96 21 0
a 31 21 60 0
a 31 60 38 0
a 31 38 100 0
a 31 15 100 1
a 31 100 143 0
a 31 58 143 1
a 31 143 81 0
a 31 81 82 0
a 31 82 155 0
a 31 70 155 1
a 31 155 146 0
a 31 61 146 1
a 31 146 148 0
a 31 63 148 1
a 31 148 169 0
a 31 84 169 1
a 31 169 131 0
a 31 46 131 1
a 31 131 141 0
a 31 56 141 1
a 31 141 138 0
a 31 53 138 1
a 31 138 145 0
a 31 60 145 1
a 31 145 99 0
a 31 14 99 1
a 31 99 106 0
a 31 21 106 1
a 31 106 167 0
a 31 82 167 1
a 31 167 123 0
a 31 38 123 1
a 31 123 166 0
a 31 81 166 1
a 31 166 171 0
a 32 170 13 0
a 32 13 57 0
a 32 57 29 0
a 32 29 44 0
a 32 44 8 0
a 32 8 37 0
a 32 37 18 0
a 32 18 0 0
a 32 0 31 0
a 32 31 19 0
a 32 19 49 0
a 32 49 55 0
a 32 55 48 0
a 32 48 33 0
a 32 33 41 0
a 32 41 142 0
a 32 57 142 1
a 32 142 98 0
a 32 13 98 1
a 32 98 64 0
a 32 64 114 0
a 32 29 114 1
a 32 114 93 0
a 32 8 93 1
a 32 93 103 0
a 32 18 103 1
a 32 103 129 0
a 32 44 129 1
a 32 129 122 0
a 32 37 122 1
a 32 122 134 0
a 32 49 134 1
a 32 134 116 0
a 32 31 116 1
a 32 116 85 0
a 32 0 85 1
a 32 85 104 0
a 32 19 104 1
a 32 104 66 0
a 32 66 140 0
a 32 55 140 1
a 32 140 45 0
a 32 45 54 0
a 32 54 42 0
a 32 42 40 0
a 32 40 133 0
a 32 48 133 1
a 32 133 76 0
a 32 76 21 0
a 32 21 60 0
a 32 60 126 0
a 32 41 126 1
a 32 126 118 0
a 32 33 118 1
a 32 118 149 0
a 32 64 149 1
a 32 149 127 0
a 32 42 127 1
a 32 127 151 0
a 32 66 151 1
a 32 151 125 0
a 32 40 125 1
a 32 125 130 0
a 32 45 130 1
a 32 130 139 0
a 32 54 139 1
a 32 139 145 0
a 32 60 145 1
a 32 145 106 0
a 32 21 106 1
a 32 106 161 0
a 32 76 161 1
a 32 161 171 0
a 33 170 6 0
a 33 6 24 0
a 33 24 2 0
a 33 2 68 0
a 33 68 25 0
a 33 25 23 0
a 33 23 57 0
a 33 57 29 0
a 33 29 12 0
a 33 12 8 0
a 33 8 20 0
a 33 20 18 0
a 33 18 59 0
a 33 59 4 0
a 33 4 26 0
a 33 26 3 0
a 33 3 55 0
a 33 55 7 0
a 33 7 48 0
a 33 48 11 0
a 33 11 87 0
a 33 2 87 1
a 33 87 91 0
a 33 6 91 1
a 33 91 110 0
a 33 25 110 1
a 33 110 108 0
a 33 23 108 1
a 33 108 109 0
a 33 24 109 1
a 33 109 142 0
a 33 57 142 1
a 33 142 97 0
a 33 12 97 1
a 33 97 153 0
a 33 68 153 1
a 33 153 114 0
a 33 29 114 1
a 33 114 93 0
a 33 8 93 1
a 33 93 105 0
a 33 20 105 1
a 33 105 103 0
a 33 18 103 1
a 33 103 144 0
a 33 59 144 1
a 33 144 89 0
a 33 4 89 1
a 33 89 65 0
a 33 65 66 0
a 33 66 80 0
a 33 80 140 0
a 33 55 140 1
a 33 140 30 0
a 33 30 92 0
a 33 7 92 1
a 33 92 111 0
a 33 26 111 1
a 33 111 40 0
a 33 40 88 0
a 33 3 88 1
a 33 88 133 0
a 33 48 133 1
a 33 133 56 0
a 33 56 96 0
a 33 11 96 1
a 33 96 60 0
a 33 60 74 0
a 33 74 69 0
a 33 69 151 0
a 33 66 151 1
a 33 151 150 0
a 33 65 150 1
a 33 150 125 0
a 33 40 125 1
a 33 125 165 0
a 33 80 165 1
a 33 165 141 0
a 33 56 141 1
a 33 141 115 0
a 33 30 115 1
a 33 115 145 0
a 33 60 145 1
a 33 145 154 0
a 33 69 154 1
a 33 154 159 0
a 33 74 159 1
a 33 159 171 0
a 34 170 9 0
a 34 9 68 0
a 34 68 25 0
a 34 25 23 0
a 34 23 32 0
a 34 32 13 0
a 34 13 5 0
a 34 5 17 0
a 34 17 12 0
a 34 12 8 0
a 34 8 20 0
a 34 20 18 0
a 34 18 0 0
a 34 0 4 0
a 34 4 36 0
a 34 36 43 0
a 34 43 33 0
a 34 33 58 0
a 34 58 117 0
a 34 32 117 1
a 34 117 94 0
a 34 9 94 1
a 34 94 15 0
a 34 15 110 0
a 34 25 110 1
a 34 110 108 0
a 34 23 108 1
a 34 108 90 0
a 34 5 90 1
a 34 90 98 0
a 34 13 98 1
a 34 98 102 0
a 34 17 102 1
a 34 102 97 0
a 34 12 97 1
a 34 97 153 0
a 34 68 153 1
a 34 153 93 0
a 34 8 93 1
a 34 93 105 0
a 34 20 105 1
a 34 105 103 0
a 34 18 103 1
a 34 103 83 0
a 34 83 85 0
a 34 0 85 1
a 34 85 89 0
a 34 4 89 1
a 34 89 73 0
a 34 73 66 0
a 34 66 79 0
a 34 79 45 0
a 34 45 72 0
a 34 72 71 0
a 34 71 128 0
a 34 43 128 1
a 34 128 121 0
a 34 36 121 1
a 34 121 74 0
a 34 74 100 0
a 34 15 100 1
a 34 100 69 0
a 34 69 143 0
a 34 58 143 1
a 34 143 118 0
a 34 33 118 1
a 34 118 82 0
a 34 82 158 0
a 34 73 158 1
a 34 158 151 0
a 34 66 151 1
a 34 151 168 0
a 34 83 168 1
a 34 168 164 0
a 34 79 164 1
a 34 164 130 0
a 34 45 130 1
a 34 130 156 0
a 34 71 156 1
a 34 156 157 0
a 34 72 157 1
a 34 157 154 0
a 34 69 154 1
a 34 154 167 0
a 34 82 167 1
a 34 167 159 0
a 34 74 159 1
a 34 159 171 0
a 35 170 68 0
a 35 68 13 0
a 35 13 57 0
a 35 57 50 0
a 35 50 5 0
a 35 5 44 0
a 35 44 75 0
a 35 75 20 0
a 35 20 1 0
a 35 1 0 0
a 35 0 3 0
a 35 3 49 0
a 35 49 39 0
a 35 39 48 0
a 35 48 11 0
a 35 11 33 0
a 35 33 135 0
a 35 50 135 1
a 35 135 10 0
a 35 10 15 0
a 35 15 90 0
a 35 5 90 1
a 35 90 142 0
a 35 57 142 1
a 35 142 98 0
a 35 13 98 1
a 35 98 62 0
a 35 62 64 0
a 35 64 153 0
a 35 68 153 1
a 35 153 160 0
a 35 75 160 1
a 35 160 105 0
a 35 20 105 1
a 35 105 70 0
a 35 70 129 0
a 35 44 129 1
a 35 129 134 0
a 35 49 134 1
a 35 134 85 0
a 35 0 85 1
a 35 85 61 0
a 35 61 79 0
a 35 79 86 0
a 35 1 86 1
a 35 86 84 0
a 35 84 124 0
a 35 39 124 1
a 35 124 77 0
a 35 77 88 0
a 35 3 88 1
a 35 88 133 0
a 35 48 133 1
a 35 133 53 0
a 35 53 96 0
a 35 11 96 1
a 35 96 60 0
a 35 60 51 0
a 35 51 28 0
a 35 28 38 0
a 35 38 74 0
a 35 74 100 0
a 35 15 100 1
a 35 100 69 0
a 35 69 81 0
a 35 81 118 0
a 35 33 118 1
a 35 118 16 0
a 35 16 95 0
a 35 10 95 1
a 35 95 22 0
a 35 22 147 0
a 35 62 147 1
a 35 147 149 0
a 35 64 149 1
a 35 149 155 0
a 35 70 155 1
a 35 155 146 0
a 35 61 146 1
a 35 146 169 0
a 35 84 169 1
a 35 169 162 0
a 35 77 162 1
a 35 162 164 0
a 35 79 164 1
a 35 164 138 0
a 35 53 138 1
a 35 138 145 0
a 35 60 145 1
a 35 145 154 0
a 35 69 154 1
a 35 154 101 0
a 35 16 101 1
a 35 101 159 0
a 35 74 159 1
a 35 159 113 0
a 35 28 113 1
a 35 113 136 0
a 35 51 136 1
a 35 136 123 0
a 35 38 123 1
a 35 123 107 0
a 35 22 107 1
a 35 107 166 0
a 35 81 166 1
a 35 166 171 0
a 36 170 68 0
a 36 68 13 0
a 36 13 57 0
a 36 57 5 0
a 36 5 44 0
a 36 44 8 0
a 36 8 37 0
a 36 37 18 0
a 36 18 59 0
a 36 59 19 0
a 36 19 3 0
a 36 3 39 0
a 36 39 55 0
a 36 55 48 0
a 36 48 11 0
a 36 11 33 0
a 36 33 90 0
a 36 5 90 1
a 36 90 142 0
a 36 57 142 1
a 36 142 98 0
a 36 13 98 1
a 36 98 62 0
a 36 62 64 0
a 36 64 153 0
a 36 68 153 1
a 36 153 93 0
a 36 8 93 1
a 36 93 103 0
a 36 18 103 1
a 36 103 144 0
a 36 59 144 1
a 36 144 129 0
a 36 44 129 1
a 36 129 122 0
a 36 37 122 1
a 36 122 104 0
a 36 19 104 1
a 36 104 66 0
a 36 66 140 0
a 36 55 140 1
a 36 140 124 0
a 36 39 124 1
a 36 124 42 0
a 36 42 40 0
a 36 40 88 0
a 36 3 88 1
a 36 88 133 0
a 36 48 133 1
a 36 133 76 0
a 36 76 53 0
a 36 53 96 0
a 36 11 96 1
a 36 96 21 0
a 36 21 51 0
a 36 51 69 0
a 36 69 118 0
a 36 33 118 1
a 36 118 147 0
a 36 62 147 1
a 36 147 149 0
a 36 64 149 1
a 36 149 127 0
a 36 42 127 1
a 36 127 151 0
a 36 66 151 1
a 36 151 125 0
a 36 40 125 1
a 36 125 138 0
a 36 53 138 1
a 36 138 106 0
a 36 21 106 1
a 36 106 154 0
a 36 69 154 1
a 36 154 161 0
a 36 76 161 1
a 36 161 136 0
a 36 51 136 1
a 36 136 171 0
a 37 170 6 0
a 37 6 2 0
a 37 2 68 0
a 37 68 13 0
a 37 13 12 0
a 37 12 18 0
a 37 18 1 0
a 37 1 59 0
a 37 59 0 0
a 37 0 52 0
a 37 52 19 0
a 37 19 36 0
a 37 36 39 0
a 37 39 87 0
a 37 2 87 1
a 37 87 10 0
a 37 10 41 0
a 37 41 91 0
a 37 6 91 1
a 37 91 98 0
a 37 13 98 1
a 37 98 62 0
a 37 62 64 0
a 37 64 97 0
a 37 12 97 1
a 37 97 153 0
a 37 68 153 1
a 37 153 103 0
a 37 18 103 1
a 37 103 144 0
a 37 59 144 1
a 37 144 137 0
a 37 52 137 1
a 37 137 85 0
a 37 0 85 1
a 37 85 65 0
a 37 65 78 0
a 37 78 104 0
a 37 19 104 1
a 37 104 66 0
a 37 66 86 0
a 37 1 86 1
a 37 86 124 0
a 37 39 124 1
a 37 124 14 0
a 37 14 121 0
a 37 36 121 1
a 37 121 67 0
a 37 67 126 0
a 37 41 126 1
a 37 126 28 0
a 37 28 69 0
a 37 69 16 0
a 37 16 95 0
a 37 10 95 1
a 37 95 147 0
a 37 62 147 1
a 37 147 149 0
a 37 64 149 1
a 37 149 163 0
a 37 78 163 1
a 37 163 151 0
a 37 66 151 1
a 37 151 150 0
a 37 65 150 1
a 37 150 99 0
a 37 14 99 1
a 37 99 154 0
a 37 69 154 1
a 37 154 152 0
a 37 67 152 1
a 37 152 101 0
a 37 16 101 1
a 37 101 113 0
a 37 28 113 1
a 37 113 171 0
a 38 170 6 0
a 38 6 24 0
a 38 24 2 0
a 38 2 68 0
a 38 68 25 0
a 38 25 23 0
a 38 23 32 0
a 38 32 57 0
a 38 57 75 0
a 38 75 1 0
a 38 1 0 0
a 38 0 31 0
a 38 31 36 0
a 38 36 55 0
a 38 55 11 0
a 38 11 87 0
a 38 2 87 1
a 38 87 117 0
a 38 32 117 1
a 38 117 10 0
a 38 10 91 0
a 38 6 91 1
a 38 91 15 0
a 38 15 110 0
a 38 25 110 1
a 38 110 108 0
a 38 23 108 1
a 38 108 109 0
a 38 24 109 1
a 38 109 142 0
a 38 57 142 1
a 38 142 64 0
a 38 64 153 0
a 38 68 153 1
a 38 153 160 0
a 38 75 160 1
a 38 160 83 0
a 38 83 116 0
a 38 31 116 1
a 38 116 85 0
a 38 0 85 1
a 38 85 65 0
a 38 65 66 0
a 38 66 79 0
a 38 79 86 0
a 38 1 86 1
a 38 86 140 0
a 38 55 140 1
a 38 140 35 0
a 38 35 14 0
a 38 14 54 0
a 38 54 77 0
a 38 77 76 0
a 38 76 121 0
a 38 36 121 1
a 38 121 96 0
a 38 11 96 1
a 38 96 21 0
a 38 21 74 0
a 38 74 100 0
a 38 15 100 1
a 38 100 69 0
a 38 69 95 0
a 38 10 95 1
a 38 95 22 0
a 38 22 149 0
a 38 64 149 1
a 38 149 151 0
a 38 66 151 1
a 38 151 168 0
a 38 83 168 1
a 38 168 150 0
a 38 65 150 1
a 38 150 162 0
a 38 77 162 1
a 38 162 164 0
a 38 79 164 1
a 38 164 120 0
a 38 35 120 1
a 38 120 139 0
a 38 54 139 1
a 38 139 99 0
a 38 14 99 1
a 38 99 106 0
a 38 21 106 1
a 38 106 154 0
a 38 69 154 1
a 38 154 161 0
a 38 76 161 1
a 38 161 159 0
a 38 74 159 1
a 38 159 107 0
a 38 22 107 1
a 38 107 171 0
a 39 170 23 0
a 39 23 17 0
a 39 17 12 0
a 39 12 1 0
a 39 1 52 0
a 39 52 19 0
a 39 19 26 0
a 39 26 3 0
a 39 3 49 0
a 39 49 43 0
a 39 43 7 0
a 39 7 11 0
a 39 11 10 0
a 39 10 27 0
a 39 27 108 0
a 39 23 108 1
a 39 108 102 0
a 39 17 102 1
a 39 102 97 0
a 39 12 97 1
a 39 97 137 0
a 39 52 137 1
a 39 137 134 0
a 39 49 134 1
a 39 134 65 0
a 39 65 104 0
a 39 19 104 1
a 39 104 79 0
a 39 79 86 0
a 39 1 86 1
a 39 86 30 0
a 39 30 92 0
a 39 7 92 1
a 39 92 35 0
a 39 35 54 0
a 39 54 111 0
a 39 26 111 1
a 39 111 88 0
a 39 3 88 1
a 39 88 128 0
a 39 43 128 1
a 39 128 96 0
a 39 11 96 1
a 39 96 60 0
a 39 60 67 0
a 39 67 51 0
a 39 51 28 0
a 39 28 112 0
a 39 27 112 1
a 39 112 38 0
a 39 38 81 0
a 39 81 82 0
a 39 82 16 0
a 39 16 95 0
a 39 10 95 1
a 39 95 150 0
a 39 65 150 1
a 39 150 164 0
a 39 79 164 1
a 39 164 120 0
a 39 35 120 1
a 39 120 115 0
a 39 30 115 1
a 39 115 139 0
a 39 54 139 1
a 39 139 145 0
a 39 60 145 1
a 39 145 152 0
a 39 67 152 1
a 39 152 101 0
a 39 16 101 1
a 39 101 167 0
a 39 82 167 1
a 39 167 113 0
a 39 28 113 1
a 39 113 136 0
a 39 51 136 1
a 39 136 123 0
a 39 38 123 1
a 39 123 166 0
a 39 81 166 1
a 39 166 171 0
a 40 170 24 0
a 40 24 25 0
a 40 25 23 0
a 40 23 57 0
a 40 57 5 0
a 40 5 12 0
a 40 12 44 0
a 40 44 75 0
a 40 75 1 0
a 40 1 4 0
a 40 4 31 0
a 40 31 19 0
a 40 19 36 0
a 40 36 39 0
a 40 39 55 0
a 40 55 11 0
a 40 11 33 0
a 40 33 10 0
a 40 10 41 0
a 40 41 27 0
a 40 27 110 0
a 40 25 110 1
a 40 110 108 0
a 40 23 108 1
a 40 108 109 0
a 40 24 109 1
a 40 109 90 0
a 40 5 90 1
a 40 90 142 0
a 40 57 142 1
a 40 142 62 0
a 40 62 97 0
a 40 12 97 1
a 40 97 160 0
a 40 75 160 1
a 40 160 129 0
a 40 44 129 1
a 40 129 116 0
a 40 31 116 1
a 40 116 89 0
a 40 4 89 1
a 40 89 73 0
a 40 73 61 0
a 40 61 104 0
a 40 19 104 1
a 40 104 86 0
a 40 1 86 1
a 40 86 140 0
a 40 55 140 1
a 40 140 45 0
a 40 45 124 0
a 40 39 124 1
a 40 124 77 0
a 40 77 40 0
a 40 40 76 0
a 40 76 71 0
a 40 71 56 0
a 40 56 121 0
a 40 36 121 1
a 40 121 96 0
a 40 11 96 1
a 40 96 21 0
a 40 21 60 0
a 40 60 51 0
a 40 51 126 0
a 40 41 126 1
a 40 126 28 0
a 40 28 112 0
a 40 27 112 1
a 40 112 74 0
a 40 74 38 0
a 40 38 118 0
a 40 33 118 1
a 40 118 82 0
a 40 82 95 0
a 40 10 95 1
a 40 95 147 0
a 40 62 147 1
a 40 147 146 0
a 40 61 146 1
a 40 146 158 0
a 40 73 158 1
a 40 158 125 0
a 40 40 125 1
a 40 125 162 0
a 40 77 162 1
a 40 162 130 0
a 40 45 130 1
a 40 130 156 0
a 40 71 156 1
a 40 156 141 0
a 40 56 141 1
a 40 141 145 0
a 40 60 145 1
a 40 145 106 0
a 40 21 106 1
a 40 106 161 0
a 40 76 161 1
a 40 161 167 0
a 40 82 167 1
a 40 167 159 0
a 40 74 159 1
a 40 159 113 0
a 40 28 113 1
a 40 113 136 0
a 40 51 136 1
a 40 136 123 0
a 40 38 123 1
a 40 123 171 0
a 41 170 2 0
a 41 2 68 0
a 41 68 57 0
a 41 57 50 0
a 41 50 29 0
a 41 29 12 0
a 41 12 44 0
a 41 44 37 0
a 41 37 18 0
a 41 18 1 0
a 41 1 34 0
a 41 34 4 0
a 41 4 26 0
a 41 26 3 0
a 41 3 39 0
a 41 39 33 0
a 41 33 135 0
a 41 50 135 1
a 41 135 87 0
a 41 2 87 1
a 41 87 27 0
a 41 27 15 0
a 41 15 142 0
a 41 57 142 1
a 41 142 64 0
a 41 64 97 0
a 41 12 97 1
a 41 97 153 0
a 41 68 153 1
a 41 153 114 0
a 41 29 114 1
a 41 114 103 0
a 41 18 103 1
a 41 103 119 0
a 41 34 119 1
a 41 119 129 0
a 41 44 129 1
a 41 129 122 0
a 41 37 122 1
a 41 122 63 0
a 41 63 89 0
a 41 4 89 1
a 41 89 65 0
a 41 65 73 0
a 41 73 61 0
a 41 61 66 0
a 41 66 86 0
a 41 1 86 1
a 41 86 124 0
a 41 39 124 1
a 41 124 72 0
a 41 72 30 0
a 41 30 54 0
a 41 54 42 0
a 41 42 111 0
a 41 26 111 1
a 41 111 77 0
a 41 77 88 0
a 41 3 88 1
a 41 88 71 0
a 41 71 60 0
a 41 60 47 0
a 41 47 51 0
a 41 51 28 0
a 41 28 112 0
a 41 27 112 1
a 41 112 38 0
a 41 38 100 0
a 41 15 100 1
a 41 100 81 0
a 41 81 118 0
a 41 33 118 1
a 41 118 82 0
a 41 82 16 0
a 41 16 22 0
a 41 22 149 0
a 41 64 149 1
a 41 149 146 0
a 41 61 146 1
a 41 146 148 0
a 41 63 148 1
a 41 148 158 0
a 41 73 158 1
a 41 158 127 0
a 41 42 127 1
a 41 127 151 0
a 41 66 151 1
a 41 151 150 0
a 41 65 150 1
a 41 150 162 0
a 41 77 162 1
a 41 162 156 0
a 41 71 156 1
a 41 156 115 0
a 41 30 115 1
a 41 115 132 0
a 41 47 132 1
a 41 132 157 0
a 41 72 157 1
a 41 157 139 0
a 41 54 139 1
a 41 139 145 0
a 41 60 145 1
a 41 145 101 0
a 41 16 101 1
a 41 101 167 0
a 41 82 167 1
a 41 167 113 0
a 41 28 113 1
a 41 113 136 0
a 41 51 136 1
a 41 136 123 0
a 41 38 123 1
a 41 123 107 0
a 41 22 107 1
a 41 107 166 0
a 41 81 166 1
a 41 166 171 0
a 42 170 6 0
a 42 6 68 0
a 42 68 23 0
a 42 23 57 0
a 42 57 17 0
a 42 17 29 0
a 42 29 8 0
a 42 8 37 0
a 42 37 20 0
a 42 20 18 0
a 42 18 59 0
a 42 59 0 0
a 42 0 34 0
a 42 34 4 0
a 42 4 31 0
a 42 31 49 0
a 42 49 39 0
a 42 39 48 0
a 42 48 11 0
a 42 11 33 0
a 42 33 10 0
a 42 10 41 0
a 42 41 91 0
a 42 6 91 1
a 42 91 108 0
a 42 23 108 1
a 42 108 142 0
a 42 57 142 1
a 42 142 102 0
a 42 17 102 1
a 42 102 153 0
a 42 68 153 1
a 42 153 114 0
a 42 29 114 1
a 42 114 93 0
a 42 8 93 1
a 42 93 105 0
a 42 20 105 1
a 42 105 70 0
a 42 70 103 0
a 42 18 103 1
a 42 103 144 0
a 42 59 144 1
a 42 144 119 0
a 42 34 119 1
a 42 119 122 0
a 42 37 122 1
a 42 122 134 0
a 42 49 134 1
a 42 134 83 0
a 42 83 116 0
a 42 31 116 1
a 42 116 85 0
a 42 0 85 1
a 42 85 89 0
a 42 4 89 1
a 42 89 78 0
a 42 78 66 0
a 42 66 84 0
a 42 84 124 0
a 42 39 124 1
a 42 124 72 0
a 42 72 30 0
a 42 30 42 0
a 42 42 77 0
a 42 77 133 0
a 42 48 133 1
a 42 133 53 0
a 42 53 56 0
a 42 56 96 0
a 42 11 96 1
a 42 96 60 0
a 42 60 126 0
a 42 41 126 1
a 42 126 74 0
a 42 74 69 0
a 42 69 118 0
a 42 33 118 1
a 42 118 16 0
a 42 16 95 0
a 42 10 95 1
a 42 95 155 0
a 42 70 155 1
a 42 155 163 0
a 42 78 163 1
a 42 163 169 0
a 42 84 169 1
a 42 169 127 0
a 42 42 127 1
a 42 127 151 0
a 42 66 151 1
a 42 151 168 0
a 42 83 168 1
a 42 168 162 0
a 42 77 162 1
a 42 162 141 0
a 42 56 141 1
a 42 141 115 0
a 42 30 115 1
a 42 115 138 0
a 42 53 138 1
a 42 138 157 0
a 42 72 157 1
a 42 157 145 0
a 42 60 145 1
a 42 145 154 0
a 42 69 154 1
a 42 154 101 0
a 42 16 101 1
a 42 101 159 0
a 42 74 159 1
a 42 159 171 0
a 43 170 9 0
a 43 9 2 0
a 43 2 32 0
a 43 32 5 0
a 43 5 29 0
a 43 29 17 0
a 43 17 12 0
a 43 12 18 0
a 43 18 0 0
a 43 0 19 0
a 43 19 43 0
a 43 43 39 0
a 43 39 55 0
a 43 55 11 0
a 43 11 87 0
a 43 2 87 1
a 43 87 117 0
a 43 32 117 1
a 43 117 10 0
a 43 10 94 0
a 43 9 94 1
a 43 94 90 0
a 43 5 90 1
a 43 90 102 0
a 43 17 102 1
a 43 102 64 0
a 43 64 97 0
a 43 12 97 1
a 43 97 114 0
a 43 29 114 1
a 43 114 103 0
a 43 18 103 1
a 43 103 85 0
a 43 0 85 1
a 43 85 78 0
a 43 78 73 0
a 43 73 61 0
a 43 61 104 0
a 43 19 104 1
a 43 104 66 0
a 43 66 140 0
a 43 55 140 1
a 43 140 124 0
a 43 39 124 1
a 43 124 77 0
a 43 77 40 0
a 43 40 71 0
a 43 71 128 0
a 43 43 128 1
a 43 128 56 0
a 43 56 96 0
a 43 11 96 1
a 43 96 47 0
a 43 47 67 0
a 43 67 51 0
a 43 51 38 0
a 43 38 82 0
a 43 82 16 0
a 43 16 95 0
a 43 10 95 1
a 43 95 22 0
a 43 22 149 0
a 43 64 149 1
a 43 149 163 0
a 43 78 163 1
a 43 163 146 0
a 43 61 146 1
a 43 146 158 0
a 43 73 158 1
a 43 158 151 0
a 43 66 151 1
a 43 151 125 0
a 43 40 125 1
a 43 125 162 0
a 43 77 162 1
a 43 162 156 0
a 43 71 156 1
a 43 156 141 0
a 43 56 141 1
a 43 141 132 0
a 43 47 132 1
a 43 132 152 0
a 43 67 152 1
a 43 152 101 0
a 43 16 101 1
a 43 101 167 0
a 43 82 167 1
a 43 167 136 0
a 43 51 136 1
a 43 136 123 0
a 43 38 123 1
a 43 123 107 0
a 43 22 107 1
a 43 107 171 0
a 44 170 9 0
a 44 9 25 0
a 44 25 32 0
a 44 32 57 0
a 44 57 5 0
a 44 5 17 0
a 44 17 29 0
a 44 29 12 0
a 44 12 37 0
a 44 37 75 0
a 44 75 59 0
a 44 59 0 0
a 44 0 3 0
a 44 3 36 0
a 44 36 7 0
a 44 7 117 0
a 44 32 117 1
a 44 117 27 0
a 44 27 94 0
a 44 9 94 1
a 44 94 110 0
a 44 25 110 1
a 44 110 90 0
a 44 5 90 1
a 44 90 142 0
a 44 57 142 1
a 44 142 102 0
a 44 17 102 1
a 44 102 97 0
a 44 12 97 1
a 44 97 114 0
a 44 29 114 1
a 44 114 160 0
a 44 75 160 1
a 44 160 144 0
a 44 59 144 1
a 44 144 122 0
a 44 37 122 1
a 44 122 83 0
a 44 83 85 0
a 44 0 85 1
a 44 85 61 0
a 44 61 80 0
a 44 80 45 0
a 44 45 92 0
a 44 7 92 1
a 44 92 35 0
a 44 35 14 0
a 44 14 77 0
a 44 77 88 0
a 44 3 88 1
a 44 88 121 0
a 44 36 121 1
a 44 121 21 0
a 44 21 51 0
a 44 51 112 0
a 44 27 112 1
a 44 112 69 0
a 44 69 16 0
a 44 16 146 0
a 44 61 146 1
a 44 146 168 0
a 44 83 168 1
a 44 168 162 0
a 44 77 162 1
a 44 162 130 0
a 44 45 130 1
a 44 130 165 0
a 44 80 165 1
a 44 165 120 0
a 44 35 120 1
a 44 120 99 0
a 44 14 99 1
a 44 99 154 0
a 44 69 154 1
a 44 154 106 0
a 44 21 106 1
a 44 106 101 0
a 44 16 101 1
a 44 101 136 0
a 44 51 136 1
a 44 136 171 0
a 45 170 24 0
a 45 24 9 0
a 45 9 25 0
a 45 25 23 0
a 45 23 12 0
a 45 12 44 0
a 45 44 20 0
a 45 20 59 0
a 45 59 0 0
a 45 0 4 0
a 45 4 19 0
a 45 19 26 0
a 45 26 3 0
a 45 3 43 0
a 45 43 55 0
a 45 55 11 0
a 45 11 10 0
a 45 10 94 0
a 45 9 94 1
a 45 94 110 0
a 45 25 110 1
a 45 110 108 0
a 45 23 108 1
a 45 108 109 0
a 45 24 109 1
a 45 109 97 0
a 45 12 97 1
a 45 97 105 0
a 45 20 105 1
a 45 105 144 0
a 45 59 144 1
a 45 144 129 0
a 45 44 129 1
a 45 129 83 0
a 45 83 85 0
a 45 0 85 1
a 45 85 89 0
a 45 4 89 1
a 45 89 73 0
a 45 73 61 0
a 45 61 104 0
a 45 19 104 1
a 45 104 80 0
a 45 80 66 0
a 45 66 79 0
a 45 79 140 0
a 45 55 140 1
a 45 140 45 0
a 45 45 54 0
a 45 54 111 0
a 45 26 111 1
a 45 111 77 0
a 45 77 40 0
a 45 40 88 0
a 45 3 88 1
a 45 88 71 0
a 45 71 128 0
a 45 43 128 1
a 45 128 56 0
a 45 56 96 0
a 45 11 96 1
a 45 96 47 0
a 45 47 67 0
a 45 67 51 0
a 45 51 28 0
a 45 28 82 0
a 45 82 16 0
a 45 16 95 0
a 45 10 95 1
a 45 95 22 0
a 45 22 146 0
a 45 61 146 1
a 45 146 158 0
a 45 73 158 1
a 45 158 151 0
a 45 66 151 1
a 45 151 168 0
a 45 83 168 1
a 45 168 125 0
a 45 40 125 1
a 45 125 162 0
a 45 77 162 1
a 45 162 164 0
a 45 79 164 1
a 45 164 130 0
a 45 45 130 1
a 45 130 156 0
a 45 71 156 1
a 45 156 165 0
a 45 80 165 1
a 45 165 141 0
a 45 56 141 1
a 45 141 132 0
a 45 47 132 1
a 45 132 139 0
a 45 54 139 1
a 45 139 152 0
a 45 67 152 1
a 45 152 101 0
a 45 16 101 1
a 45 101 167 0
a 45 82 167 1
a 45 167 113 0
a 45 28 113 1
a 45 113 136 0
a 45 51 136 1
a 45 136 107 0
a 45 22 107 1
a 45 107 171 0
a 46 170 9 0
a 46 9 6 0
a 46 6 2 0
a 46 2 25 0
a 46 25 23 0
a 46 23 32 0
a 46 32 13 0
a 46 13 5 0
a 46 5 17 0
a 46 17 29 0
a 46 29 44 0
a 46 44 75 0
a 46 75 7 0
a 46 7 33 0
a 46 33 58 0
a 46 58 87 0
a 46 2 87 1
a 46 87 117 0
a 46 32 117 1
a 46 117 94 0
a 46 9 94 1
a 46 94 91 0
a 46 6 91 1
a 46 91 110 0
a 46 25 110 1
a 46 110 108 0
a 46 23 108 1
a 46 108 90 0
a 46 5 90 1
a 46 90 98 0
a 46 13 98 1
a 46 98 102 0
a 46 17 102 1
a 46 102 64 0
a 46 64 114 0
a 46 29 114 1
a 46 114 160 0
a 46 75 160 1
a 46 160 129 0
a 46 44 129 1
a 46 129 63 0
a 46 63 78 0
a 46 78 61 0
a 46 61 66 0
a 46 66 79 0
a 46 79 45 0
a 46 45 30 0
a 46 30 92 0
a 46 7 92 1
a 46 92 54 0
a 46 54 21 0
a 46 21 51 0
a 46 51 143 0
a 46 58 143 1
a 46 143 81 0
a 46 81 118 0
a 46 33 118 1
a 46 118 149 0
a 46 64 149 1
a 46 149 163 0
a 46 78 163 1
a 46 163 146 0
a 46 61 146 1
a 46 146 148 0
a 46 63 148 1
a 46 148 151 0
a 46 66 151 1
a 46 151 164 0
a 46 79 164 1
a 46 164 130 0
a 46 45 130 1
a 46 130 115 0
a 46 30 115 1
a 46 115 139 0
a 46 54 139 1
a 46 139 106 0
a 46 21 106 1
a 46 106 136 0
a 46 51 136 1
a 46 136 166 0
a 46 81 166 1
a 46 166 171 0
a 47 170 9 0
a 47 9 2 0
a 47 2 25 0
a 47 25 13 0
a 47 13 5 0
a 47 5 12 0
a 47 12 44 0
a 47 44 8 0
a 47 8 20 0
a 47 20 26 0
a 47 26 49 0
a 47 49 43 0
a 47 43 55 0
a 47 55 7 0
a 47 7 48 0
a 47 48 11 0
a 47 11 33 0
a 47 33 87 0
a 47 2 87 1
a 47 87 41 0
a 47 41 27 0
a 47 27 94 0
a 47 9 94 1
a 47 94 110 0
a 47 25 110 1
a 47 110 90 0
a 47 5 90 1
a 47 90 98 0
a 47 13 98 1
a 47 98 62 0
a 47 62 64 0
a 47 64 97 0
a 47 12 97 1
a 47 97 93 0
a 47 8 93 1
a 47 93 105 0
a 47 20 105 1
a 47 105 70 0
a 47 70 129 0
a 47 44 129 1
a 47 129 63 0
a 47 63 134 0
a 47 49 134 1
a 47 134 46 0
a 47 46 73 0
a 47 73 61 0
a 47 61 140 0
a 47 55 140 1
a 47 140 84 0
a 47 84 30 0
a 47 30 92 0
a 47 7 92 1
a 47 92 35 0
a 47 35 111 0
a 47 26 111 1
a 47 111 77 0
a 47 77 40 0
a 47 40 133 0
a 47 48 133 1
a 47 133 76 0
a 47 76 71 0
a 47 71 128 0
a 47 43 128 1
a 47 128 53 0
a 47 53 96 0
a 47 11 96 1
a 47 96 47 0
a 47 47 67 0
a 47 67 126 0
a 47 41 126 1
a 47 126 28 0
a 47 28 112 0
a 47 27 112 1
a 47 112 81 0
a 47 81 118 0
a 47 33 118 1
a 47 118 22 0
a 47 22 147 0
a 47 62 147 1
a 47 147 149 0
a 47 64 149 1
a 47 149 155 0
a 47 70 155 1
a 47 155 146 0
a 47 61 146 1
a 47 146 148 0
a 47 63 148 1
a 47 148 158 0
a 47 73 158 1
a 47 158 169 0
a 47 84 169 1
a 47 169 125 0
a 47 40 125 1
a 47 125 162 0
a 47 77 162 1
a 47 162 131 0
a 47 46 131 1
a 47 131 156 0
a 47 71 156 1
a 47 156 120 0
a 47 35 120 1
a 47 120 115 0
a 47 30 115 1
a 47 115 138 0
a 47 53 138 1
a 47 138 132 0
a 47 47 132 1
a 47 132 152 0
a 47 67 152 1
a 47 152 161 0
a 47 76 161 1
a 47 161 113 0
a 47 28 113 1
a 47 113 107 0
a 47 22 107 1
a 47 107 166 0
a 47 81 166 1
a 47 166 171 0
