c Shift Minimisation Personnel Task Scheduling Problem (SMPTSP)
c data_3_25_40_66
c
c problem jobs shifts
p smptsp 40 25
c
c job start finish 
c 0 236 809
c 1 281 786
c 2 147 644
c 3 90 598
c 4 187 804
c 5 86 620
c 6 184 749
c 7 13 565
c 8 680 1246
c 9 183 669
c 10 657 1301
c 11 812 1370
c 12 796 1365
c 13 87 554
c 14 48 668
c 15 142 732
c 16 210 688
c 17 786 1282
c 18 246 810
c 19 76 740
c 20 825 1338
c 21 668 1254
c 22 702 1224
c 23 292 841
c 24 50 577
c 25 857 1351
c 26 35 570
c 27 83 572
c 28 65 658
c 29 807 1322
c 30 596 1231
c 31 774 1260
c 32 650 1309
c 33 621 1183
c 34 766 1280
c 35 706 1253
c 36 790 1327
c 37 844 1350
c 38 900 1384
c 39 589 1126
c
c shift cost source target num_qualifications qualifications
k 0 1 80 81 31 4 29 0 1 3 5 6 7 9 10 11 12 13 14 15 16 17 18 19 20 22 23 24 25 27 28 31 33 34 36 38
k 1 1 80 81 26 14 22 0 1 2 3 5 6 9 10 11 13 15 16 18 20 21 23 25 27 28 30 33 34 35 38
k 2 1 80 81 29 24 30 0 2 4 5 6 8 10 11 12 13 14 15 17 18 19 20 21 22 26 27 28 33 34 35 37 38 39
k 3 1 80 81 25 5 10 3 6 7 9 11 12 13 15 17 19 20 21 22 23 24 27 28 29 32 33 34 37 39
k 4 1 80 81 29 26 32 0 1 2 3 5 6 7 8 10 11 12 16 17 18 19 20 21 22 24 25 27 29 31 33 37 38 39
k 5 1 80 81 30 19 36 0 3 4 5 6 8 9 10 11 12 13 15 16 17 18 20 21 23 24 26 27 28 29 32 33 34 35 37
k 6 1 80 81 27 13 39 1 2 4 5 7 9 10 11 14 16 19 20 21 22 25 26 28 30 31 32 33 35 36 37 38
k 7 1 80 81 26 16 35 0 1 2 3 4 5 8 9 12 13 14 17 19 20 21 22 25 27 28 29 33 34 36 38
k 8 1 80 81 29 23 38 0 1 2 3 4 6 7 8 10 12 13 14 15 18 19 20 21 22 25 26 27 28 29 30 32 35 37
k 9 1 80 81 30 7 31 0 2 4 6 8 10 11 12 14 16 17 18 19 21 22 23 24 25 26 27 30 32 33 35 36 37 38 39
k 10 1 80 81 23 9 11 0 2 5 6 7 10 12 13 14 15 16 18 19 21 25 26 28 32 34 37 39
k 11 1 80 81 24 27 33 0 3 5 8 9 14 15 17 18 20 21 22 25 26 28 30 32 34 35 37 38 39
k 12 1 80 81 24 18 25 0 1 2 4 6 7 11 12 13 16 17 19 21 22 24 27 29 30 31 32 33 38
k 13 1 80 81 30 6 17 0 1 2 4 5 7 8 9 10 11 14 15 16 19 20 21 24 25 26 27 30 31 33 35 36 37 38 39
k 14 1 80 81 28 2 8 0 3 5 7 9 10 11 12 13 14 16 17 18 21 22 23 25 27 29 31 32 33 35 36 37 38
k 15 1 80 81 27 1 12 2 4 5 6 8 9 10 15 18 19 20 21 22 23 24 25 26 27 30 31 32 34 35 36 39
k 16 1 80 81 27 0 37 1 2 3 4 6 7 8 9 10 11 13 15 18 23 24 26 27 28 30 31 32 33 35 38 39
k 17 1 80 81 25 3 21 1 5 8 9 10 12 14 15 16 17 20 22 23 25 26 27 29 30 33 35 36 37 39
k 18 1 80 81 26 15 20 0 1 2 5 6 7 8 10 12 13 19 21 22 24 25 27 29 31 32 33 34 35 38 39
k 19 1 80 81 30 28 34 0 2 5 6 8 10 12 13 14 15 17 18 19 20 21 22 23 24 25 29 30 32 33 35 36 37 38 39
k 20 1 80 81 24 8 3 15 19 6 25 16 13 20 12 37 4 7 23 1 26 5 38 9 10 27 0 21 22
k 21 1 80 81 28 12 31 35 33 3 8 22 15 38 20 16 9 13 23 7 14 17 1 36 4 0 27 6 39 11 19 21 10
k 22 1 80 81 30 20 31 3 0 22 32 12 24 7 39 38 5 14 37 36 10 26 13 17 25 28 21 9 23 4 33 18 8 6 29
k 23 1 80 81 23 27 10 6 12 38 19 25 0 2 17 32 28 21 7 9 18 8 30 22 34 13 23 5
k 24 1 80 81 28 28 0 30 20 34 7 5 23 21 14 22 31 18 12 10 4 2 25 24 37 15 16 26 9 11 32 36 29
c
c graph source target
a 0 80 7
a 0 7 14
a 0 14 24
a 0 24 28
a 0 28 19
a 0 19 27
a 0 27 5
a 0 5 13
a 0 13 3
a 0 3 15
a 0 15 9
a 0 9 6
a 0 6 4
a 0 4 16
a 0 16 0
a 0 0 18
a 0 18 1
a 0 1 23
a 0 23 53
a 0 13 53
a 0 53 47
a 0 7 47
a 0 47 67
a 0 27 67
a 0 67 64
a 0 24 64
a 0 64 43
a 0 3 43
a 0 43 45
a 0 5 45
a 0 45 33
a 0 33 10
a 0 10 68
a 0 28 68
a 0 68 54
a 0 14 54
a 0 54 49
a 0 9 49
a 0 49 56
a 0 16 56
a 0 56 22
a 0 22 55
a 0 15 55
a 0 55 59
a 0 19 59
a 0 59 46
a 0 6 46
a 0 46 34
a 0 34 31
a 0 31 17
a 0 17 41
a 0 1 41
a 0 41 36
a 0 36 12
a 0 12 44
a 0 4 44
a 0 44 29
a 0 29 40
a 0 0 40
a 0 40 58
a 0 18 58
a 0 58 11
a 0 11 20
a 0 20 63
a 0 23 63
a 0 63 25
a 0 25 38
a 0 38 73
a 0 33 73
a 0 73 62
a 0 22 62
a 0 62 71
a 0 31 71
a 0 71 74
a 0 34 74
a 0 74 57
a 0 17 57
a 0 57 50
a 0 10 50
a 0 50 69
a 0 29 69
a 0 69 76
a 0 36 76
a 0 76 60
a 0 20 60
a 0 60 65
a 0 25 65
a 0 65 52
a 0 12 52
a 0 52 51
a 0 11 51
a 0 51 78
a 0 38 78
a 0 78 81
a 1 80 14
a 1 14 28
a 1 28 27
a 1 27 5
a 1 5 13
a 1 13 3
a 1 3 15
a 1 15 2
a 1 2 9
a 1 9 6
a 1 6 16
a 1 16 0
a 1 0 18
a 1 18 1
a 1 1 23
a 1 23 53
a 1 13 53
a 1 53 67
a 1 27 67
a 1 67 30
a 1 30 43
a 1 3 43
a 1 43 45
a 1 5 45
a 1 45 33
a 1 33 42
a 1 2 42
a 1 42 10
a 1 10 68
a 1 28 68
a 1 68 21
a 1 21 54
a 1 14 54
a 1 54 49
a 1 9 49
a 1 49 56
a 1 16 56
a 1 56 22
a 1 22 35
a 1 35 55
a 1 15 55
a 1 55 46
a 1 6 46
a 1 46 34
a 1 34 41
a 1 1 41
a 1 41 40
a 1 0 40
a 1 40 58
a 1 18 58
a 1 58 11
a 1 11 20
a 1 20 63
a 1 23 63
a 1 63 25
a 1 25 38
a 1 38 73
a 1 33 73
a 1 73 62
a 1 22 62
a 1 62 70
a 1 30 70
a 1 70 75
a 1 35 75
a 1 75 61
a 1 21 61
a 1 61 74
a 1 34 74
a 1 74 50
a 1 10 50
a 1 50 60
a 1 20 60
a 1 60 65
a 1 25 65
a 1 65 51
a 1 11 51
a 1 51 78
a 1 38 78
a 1 78 81
a 2 80 26
a 2 26 14
a 2 14 24
a 2 24 28
a 2 28 19
a 2 19 27
a 2 27 5
a 2 5 13
a 2 13 15
a 2 15 2
a 2 2 6
a 2 6 4
a 2 4 0
a 2 0 18
a 2 18 53
a 2 13 53
a 2 53 66
a 2 26 66
a 2 66 67
a 2 27 67
a 2 67 64
a 2 24 64
a 2 64 39
a 2 39 30
a 2 30 45
a 2 5 45
a 2 45 33
a 2 33 42
a 2 2 42
a 2 42 10
a 2 10 68
a 2 28 68
a 2 68 21
a 2 21 54
a 2 14 54
a 2 54 8
a 2 8 22
a 2 22 35
a 2 35 55
a 2 15 55
a 2 55 59
a 2 19 59
a 2 59 46
a 2 6 46
a 2 46 34
a 2 34 17
a 2 17 12
a 2 12 44
a 2 4 44
a 2 44 40
a 2 0 40
a 2 40 58
a 2 18 58
a 2 58 11
a 2 11 20
a 2 20 37
a 2 37 38
a 2 38 79
a 2 39 79
a 2 79 73
a 2 33 73
a 2 73 62
a 2 22 62
a 2 62 70
a 2 30 70
a 2 70 48
a 2 8 48
a 2 48 75
a 2 35 75
a 2 75 61
a 2 21 61
a 2 61 74
a 2 34 74
a 2 74 57
a 2 17 57
a 2 57 50
a 2 10 50
a 2 50 60
a 2 20 60
a 2 60 77
a 2 37 77
a 2 77 52
a 2 12 52
a 2 52 51
a 2 11 51
a 2 51 78
a 2 38 78
a 2 78 81
a 3 80 7
a 3 7 24
a 3 24 28
a 3 28 19
a 3 19 27
a 3 27 5
a 3 5 13
a 3 13 3
a 3 3 15
a 3 15 9
a 3 9 6
a 3 6 23
a 3 23 53
a 3 13 53
a 3 53 47
a 3 7 47
a 3 47 67
a 3 27 67
a 3 67 64
a 3 24 64
a 3 64 39
a 3 39 43
a 3 3 43
a 3 43 45
a 3 5 45
a 3 45 33
a 3 33 32
a 3 32 10
a 3 10 68
a 3 28 68
a 3 68 21
a 3 21 49
a 3 9 49
a 3 49 22
a 3 22 55
a 3 15 55
a 3 55 59
a 3 19 59
a 3 59 46
a 3 6 46
a 3 46 34
a 3 34 17
a 3 17 12
a 3 12 29
a 3 29 11
a 3 11 20
a 3 20 63
a 3 23 63
a 3 63 37
a 3 37 79
a 3 39 79
a 3 79 73
a 3 33 73
a 3 73 62
a 3 22 62
a 3 62 61
a 3 21 61
a 3 61 74
a 3 34 74
a 3 74 57
a 3 17 57
a 3 57 50
a 3 10 50
a 3 50 72
a 3 32 72
a 3 72 69
a 3 29 69
a 3 69 60
a 3 20 60
a 3 60 77
a 3 37 77
a 3 77 52
a 3 12 52
a 3 52 51
a 3 11 51
a 3 51 81
a 4 80 7
a 4 7 26
a 4 26 24
a 4 24 19
a 4 19 27
a 4 27 5
a 4 5 3
a 4 3 2
a 4 2 6
a 4 6 16
a 4 16 0
a 4 0 18
a 4 18 1
a 4 1 47
a 4 7 47
a 4 47 66
a 4 26 66
a 4 66 67
a 4 27 67
a 4 67 64
a 4 24 64
a 4 64 39
a 4 39 43
a 4 3 43
a 4 43 45
a 4 5 45
a 4 45 33
a 4 33 42
a 4 2 42
a 4 42 32
a 4 32 10
a 4 10 21
a 4 21 8
a 4 8 56
a 4 16 56
a 4 56 22
a 4 22 59
a 4 19 59
a 4 59 46
a 4 6 46
a 4 46 31
a 4 31 17
a 4 17 41
a 4 1 41
a 4 41 12
a 4 12 29
a 4 29 40
a 4 0 40
a 4 40 58
a 4 18 58
a 4 58 11
a 4 11 20
a 4 20 37
a 4 37 25
a 4 25 38
a 4 38 79
a 4 39 79
a 4 79 73
a 4 33 73
a 4 73 62
a 4 22 62
a 4 62 48
a 4 8 48
a 4 48 61
a 4 21 61
a 4 61 71
a 4 31 71
a 4 71 57
a 4 17 57
a 4 57 50
a 4 10 50
a 4 50 72
a 4 32 72
a 4 72 69
a 4 29 69
a 4 69 60
a 4 20 60
a 4 60 77
a 4 37 77
a 4 77 65
a 4 25 65
a 4 65 52
a 4 12 52
a 4 52 51
a 4 11 51
a 4 51 78
a 4 38 78
a 4 78 81
a 5 80 26
a 5 26 24
a 5 24 28
a 5 28 19
a 5 19 27
a 5 27 5
a 5 5 13
a 5 13 3
a 5 3 15
a 5 15 9
a 5 9 6
a 5 6 4
a 5 4 16
a 5 16 0
a 5 0 18
a 5 18 23
a 5 23 53
a 5 13 53
a 5 53 66
a 5 26 66
a 5 66 67
a 5 27 67
a 5 67 64
a 5 24 64
a 5 64 43
a 5 3 43
a 5 43 45
a 5 5 45
a 5 45 33
a 5 33 32
a 5 32 10
a 5 10 68
a 5 28 68
a 5 68 21
a 5 21 49
a 5 9 49
a 5 49 8
a 5 8 56
a 5 16 56
a 5 56 35
a 5 35 55
a 5 15 55
a 5 55 59
a 5 19 59
a 5 59 46
a 5 6 46
a 5 46 34
a 5 34 17
a 5 17 36
a 5 36 12
a 5 12 44
a 5 4 44
a 5 44 29
a 5 29 40
a 5 0 40
a 5 40 58
a 5 18 58
a 5 58 11
a 5 11 20
a 5 20 63
a 5 23 63
a 5 63 37
a 5 37 73
a 5 33 73
a 5 73 48
a 5 8 48
a 5 48 75
a 5 35 75
a 5 75 61
a 5 21 61
a 5 61 74
a 5 34 74
a 5 74 57
a 5 17 57
a 5 57 50
a 5 10 50
a 5 50 72
a 5 32 72
a 5 72 69
a 5 29 69
a 5 69 76
a 5 36 76
a 5 76 60
a 5 20 60
a 5 60 77
a 5 37 77
a 5 77 52
a 5 12 52
a 5 52 51
a 5 11 51
a 5 51 81
a 6 80 7
a 6 7 26
a 6 26 14
a 6 14 28
a 6 28 19
a 6 19 5
a 6 5 13
a 6 13 2
a 6 2 9
a 6 9 4
a 6 4 16
a 6 16 1
a 6 1 53
a 6 13 53
a 6 53 47
a 6 7 47
a 6 47 66
a 6 26 66
a 6 66 39
a 6 39 30
a 6 30 45
a 6 5 45
a 6 45 33
a 6 33 42
a 6 2 42
a 6 42 32
a 6 32 10
a 6 10 68
a 6 28 68
a 6 68 21
a 6 21 54
a 6 14 54
a 6 54 49
a 6 9 49
a 6 49 56
a 6 16 56
a 6 56 22
a 6 22 35
a 6 35 59
a 6 19 59
a 6 59 31
a 6 31 41
a 6 1 41
a 6 41 36
a 6 36 44
a 6 4 44
a 6 44 11
a 6 11 20
a 6 20 37
a 6 37 25
a 6 25 38
a 6 38 79
a 6 39 79
a 6 79 73
a 6 33 73
a 6 73 62
a 6 22 62
a 6 62 70
a 6 30 70
a 6 70 75
a 6 35 75
a 6 75 61
a 6 21 61
a 6 61 71
a 6 31 71
a 6 71 50
a 6 10 50
a 6 50 72
a 6 32 72
a 6 72 76
a 6 36 76
a 6 76 60
a 6 20 60
a 6 60 77
a 6 37 77
a 6 77 65
a 6 25 65
a 6 65 51
a 6 11 51
a 6 51 78
a 6 38 78
a 6 78 81
a 7 80 14
a 7 14 28
a 7 28 19
a 7 19 27
a 7 27 5
a 7 5 13
a 7 13 3
a 7 3 2
a 7 2 9
a 7 9 4
a 7 4 16
a 7 16 0
a 7 0 1
a 7 1 53
a 7 13 53
a 7 53 67
a 7 27 67
a 7 67 43
a 7 3 43
a 7 43 45
a 7 5 45
a 7 45 33
a 7 33 42
a 7 2 42
a 7 42 68
a 7 28 68
a 7 68 21
a 7 21 54
a 7 14 54
a 7 54 49
a 7 9 49
a 7 49 8
a 7 8 56
a 7 16 56
a 7 56 22
a 7 22 35
a 7 35 59
a 7 19 59
a 7 59 34
a 7 34 17
a 7 17 41
a 7 1 41
a 7 41 36
a 7 36 12
a 7 12 44
a 7 4 44
a 7 44 29
a 7 29 40
a 7 0 40
a 7 40 20
a 7 20 25
a 7 25 38
a 7 38 73
a 7 33 73
a 7 73 62
a 7 22 62
a 7 62 48
a 7 8 48
a 7 48 75
a 7 35 75
a 7 75 61
a 7 21 61
a 7 61 74
a 7 34 74
a 7 74 57
a 7 17 57
a 7 57 69
a 7 29 69
a 7 69 76
a 7 36 76
a 7 76 60
a 7 20 60
a 7 60 65
a 7 25 65
a 7 65 52
a 7 12 52
a 7 52 78
a 7 38 78
a 7 78 81
a 8 80 7
a 8 7 26
a 8 26 14
a 8 14 28
a 8 28 19
a 8 19 27
a 8 27 13
a 8 13 3
a 8 3 15
a 8 15 2
a 8 2 6
a 8 6 4
a 8 4 0
a 8 0 18
a 8 18 1
a 8 1 23
a 8 23 53
a 8 13 53
a 8 53 47
a 8 7 47
a 8 47 66
a 8 26 66
a 8 66 67
a 8 27 67
a 8 67 30
a 8 30 43
a 8 3 43
a 8 43 42
a 8 2 42
a 8 42 32
a 8 32 10
a 8 10 68
a 8 28 68
a 8 68 21
a 8 21 54
a 8 14 54
a 8 54 8
a 8 8 22
a 8 22 35
a 8 35 55
a 8 15 55
a 8 55 59
a 8 19 59
a 8 59 46
a 8 6 46
a 8 46 41
a 8 1 41
a 8 41 12
a 8 12 44
a 8 4 44
a 8 44 29
a 8 29 40
a 8 0 40
a 8 40 58
a 8 18 58
a 8 58 20
a 8 20 63
a 8 23 63
a 8 63 37
a 8 37 25
a 8 25 38
a 8 38 62
a 8 22 62
a 8 62 70
a 8 30 70
a 8 70 48
a 8 8 48
a 8 48 75
a 8 35 75
a 8 75 61
a 8 21 61
a 8 61 50
a 8 10 50
a 8 50 72
a 8 32 72
a 8 72 69
a 8 29 69
a 8 69 60
a 8 20 60
a 8 60 77
a 8 37 77
a 8 77 65
a 8 25 65
a 8 65 52
a 8 12 52
a 8 52 78
a 8 38 78
a 8 78 81
a 9 80 7
a 9 7 26
a 9 26 14
a 9 14 24
a 9 24 19
a 9 19 27
a 9 27 2
a 9 2 6
a 9 6 4
a 9 4 16
a 9 16 0
a 9 0 18
a 9 18 23
a 9 23 47
a 9 7 47
a 9 47 66
a 9 26 66
a 9 66 67
a 9 27 67
a 9 67 64
a 9 24 64
a 9 64 39
a 9 39 30
a 9 30 33
a 9 33 42
a 9 2 42
a 9 42 32
a 9 32 10
a 9 10 21
a 9 21 54
a 9 14 54
a 9 54 8
a 9 8 56
a 9 16 56
a 9 56 22
a 9 22 35
a 9 35 59
a 9 19 59
a 9 59 46
a 9 6 46
a 9 46 31
a 9 31 17
a 9 17 36
a 9 36 12
a 9 12 44
a 9 4 44
a 9 44 40
a 9 0 40
a 9 40 58
a 9 18 58
a 9 58 11
a 9 11 63
a 9 23 63
a 9 63 37
a 9 37 25
a 9 25 38
a 9 38 79
a 9 39 79
a 9 79 73
a 9 33 73
a 9 73 62
a 9 22 62
a 9 62 70
a 9 30 70
a 9 70 48
a 9 8 48
a 9 48 75
a 9 35 75
a 9 75 61
a 9 21 61
a 9 61 71
a 9 31 71
a 9 71 57
a 9 17 57
a 9 57 50
a 9 10 50
a 9 50 72
a 9 32 72
a 9 72 76
a 9 36 76
a 9 76 77
a 9 37 77
a 9 77 65
a 9 25 65
a 9 65 52
a 9 12 52
a 9 52 51
a 9 11 51
a 9 51 78
a 9 38 78
a 9 78 81
a 10 80 7
a 10 7 26
a 10 26 14
a 10 14 28
a 10 28 19
a 10 19 5
a 10 5 13
a 10 13 15
a 10 15 2
a 10 2 9
a 10 9 6
a 10 6 16
a 10 16 0
a 10 0 18
a 10 18 53
a 10 13 53
a 10 53 47
a 10 7 47
a 10 47 66
a 10 26 66
a 10 66 39
a 10 39 45
a 10 5 45
a 10 45 42
a 10 2 42
a 10 42 32
a 10 32 10
a 10 10 68
a 10 28 68
a 10 68 21
a 10 21 54
a 10 14 54
a 10 54 49
a 10 9 49
a 10 49 56
a 10 16 56
a 10 56 55
a 10 15 55
a 10 55 59
a 10 19 59
a 10 59 46
a 10 6 46
a 10 46 34
a 10 34 12
a 10 12 40
a 10 0 40
a 10 40 58
a 10 18 58
a 10 58 11
a 10 11 37
a 10 37 25
a 10 25 79
a 10 39 79
a 10 79 61
a 10 21 61
a 10 61 74
a 10 34 74
a 10 74 50
a 10 10 50
a 10 50 72
a 10 32 72
a 10 72 77
a 10 37 77
a 10 77 65
a 10 25 65
a 10 65 52
a 10 12 52
a 10 52 51
a 10 11 51
a 10 51 81
a 11 80 26
a 11 26 14
a 11 14 28
a 11 28 27
a 11 27 5
a 11 5 3
a 11 3 15
a 11 15 9
a 11 9 0
a 11 0 18
a 11 18 66
a 11 26 66
a 11 66 67
a 11 27 67
a 11 67 39
a 11 39 30
a 11 30 43
a 11 3 43
a 11 43 45
a 11 5 45
a 11 45 33
a 11 33 32
a 11 32 68
a 11 28 68
a 11 68 21
a 11 21 54
a 11 14 54
a 11 54 49
a 11 9 49
a 11 49 8
a 11 8 22
a 11 22 35
a 11 35 55
a 11 15 55
a 11 55 34
a 11 34 17
a 11 17 40
a 11 0 40
a 11 40 58
a 11 18 58
a 11 58 20
a 11 20 37
a 11 37 25
a 11 25 38
a 11 38 79
a 11 39 79
a 11 79 73
a 11 33 73
a 11 73 62
a 11 22 62
a 11 62 70
a 11 30 70
a 11 70 48
a 11 8 48
a 11 48 75
a 11 35 75
a 11 75 61
a 11 21 61
a 11 61 74
a 11 34 74
a 11 74 57
a 11 17 57
a 11 57 72
a 11 32 72
a 11 72 60
a 11 20 60
a 11 60 77
a 11 37 77
a 11 77 65
a 11 25 65
a 11 65 78
a 11 38 78
a 11 78 81
a 12 80 7
a 12 7 24
a 12 24 19
a 12 19 27
a 12 27 13
a 12 13 2
a 12 2 6
a 12 6 4
a 12 4 16
a 12 16 0
a 12 0 18
a 12 18 1
a 12 1 53
a 12 13 53
a 12 53 47
a 12 7 47
a 12 47 67
a 12 27 67
a 12 67 64
a 12 24 64
a 12 64 30
a 12 30 33
a 12 33 42
a 12 2 42
a 12 42 32
a 12 32 21
a 12 21 56
a 12 16 56
a 12 56 22
a 12 22 59
a 12 19 59
a 12 59 46
a 12 6 46
a 12 46 31
a 12 31 17
a 12 17 41
a 12 1 41
a 12 41 12
a 12 12 44
a 12 4 44
a 12 44 29
a 12 29 40
a 12 0 40
a 12 40 58
a 12 18 58
a 12 58 11
a 12 11 25
a 12 25 38
a 12 38 73
a 12 33 73
a 12 73 62
a 12 22 62
a 12 62 70
a 12 30 70
a 12 70 61
a 12 21 61
a 12 61 71
a 12 31 71
a 12 71 57
a 12 17 57
a 12 57 72
a 12 32 72
a 12 72 69
a 12 29 69
a 12 69 65
a 12 25 65
a 12 65 52
a 12 12 52
a 12 52 51
a 12 11 51
a 12 51 78
a 12 38 78
a 12 78 81
a 13 80 7
a 13 7 26
a 13 26 14
a 13 14 24
a 13 24 19
a 13 19 27
a 13 27 5
a 13 5 15
a 13 15 2
a 13 2 9
a 13 9 6
a 13 6 4
a 13 4 16
a 13 16 0
a 13 0 1
a 13 1 47
a 13 7 47
a 13 47 66
a 13 26 66
a 13 66 67
a 13 27 67
a 13 67 64
a 13 24 64
a 13 64 39
a 13 39 30
a 13 30 45
a 13 5 45
a 13 45 33
a 13 33 42
a 13 2 42
a 13 42 10
a 13 10 21
a 13 21 54
a 13 14 54
a 13 54 49
a 13 9 49
a 13 49 8
a 13 8 56
a 13 16 56
a 13 56 35
a 13 35 55
a 13 15 55
a 13 55 59
a 13 19 59
a 13 59 46
a 13 6 46
a 13 46 31
a 13 31 17
a 13 17 41
a 13 1 41
a 13 41 36
a 13 36 44
a 13 4 44
a 13 44 40
a 13 0 40
a 13 40 11
a 13 11 20
a 13 20 37
a 13 37 25
a 13 25 38
a 13 38 79
a 13 39 79
a 13 79 73
a 13 33 73
a 13 73 70
a 13 30 70
a 13 70 48
a 13 8 48
a 13 48 75
a 13 35 75
a 13 75 61
a 13 21 61
a 13 61 71
a 13 31 71
a 13 71 57
a 13 17 57
a 13 57 50
a 13 10 50
a 13 50 76
a 13 36 76
a 13 76 60
a 13 20 60
a 13 60 77
a 13 37 77
a 13 77 65
a 13 25 65
a 13 65 51
a 13 11 51
a 13 51 78
a 13 38 78
a 13 78 81
a 14 80 7
a 14 7 14
a 14 14 27
a 14 27 5
a 14 5 13
a 14 13 3
a 14 3 2
a 14 2 9
a 14 9 16
a 14 16 0
a 14 0 18
a 14 18 23
a 14 23 53
a 14 13 53
a 14 53 47
a 14 7 47
a 14 47 67
a 14 27 67
a 14 67 43
a 14 3 43
a 14 43 45
a 14 5 45
a 14 45 33
a 14 33 42
a 14 2 42
a 14 42 32
a 14 32 10
a 14 10 21
a 14 21 54
a 14 14 54
a 14 54 49
a 14 9 49
a 14 49 8
a 14 8 56
a 14 16 56
a 14 56 22
a 14 22 35
a 14 35 31
a 14 31 17
a 14 17 36
a 14 36 12
a 14 12 29
a 14 29 40
a 14 0 40
a 14 40 58
a 14 18 58
a 14 58 11
a 14 11 63
a 14 23 63
a 14 63 37
a 14 37 25
a 14 25 38
a 14 38 73
a 14 33 73
a 14 73 62
a 14 22 62
a 14 62 48
a 14 8 48
a 14 48 75
a 14 35 75
a 14 75 61
a 14 21 61
a 14 61 71
a 14 31 71
a 14 71 57
a 14 17 57
a 14 57 50
a 14 10 50
a 14 50 72
a 14 32 72
a 14 72 69
a 14 29 69
a 14 69 76
a 14 36 76
a 14 76 77
a 14 37 77
a 14 77 65
a 14 25 65
a 14 65 52
a 14 12 52
a 14 52 51
a 14 11 51
a 14 51 78
a 14 38 78
a 14 78 81
a 15 80 26
a 15 26 24
a 15 24 19
a 15 19 27
a 15 27 5
a 15 5 15
a 15 15 2
a 15 2 9
a 15 9 6
a 15 6 4
a 15 4 18
a 15 18 1
a 15 1 23
a 15 23 66
a 15 26 66
a 15 66 67
a 15 27 67
a 15 67 64
a 15 24 64
a 15 64 39
a 15 39 30
a 15 30 45
a 15 5 45
a 15 45 42
a 15 2 42
a 15 42 32
a 15 32 10
a 15 10 21
a 15 21 49
a 15 9 49
a 15 49 8
a 15 8 22
a 15 22 35
a 15 35 55
a 15 15 55
a 15 55 59
a 15 19 59
a 15 59 46
a 15 6 46
a 15 46 34
a 15 34 31
a 15 31 41
a 15 1 41
a 15 41 36
a 15 36 12
a 15 12 44
a 15 4 44
a 15 44 58
a 15 18 58
a 15 58 20
a 15 20 63
a 15 23 63
a 15 63 25
a 15 25 79
a 15 39 79
a 15 79 62
a 15 22 62
a 15 62 70
a 15 30 70
a 15 70 48
a 15 8 48
a 15 48 75
a 15 35 75
a 15 75 61
a 15 21 61
a 15 61 71
a 15 31 71
a 15 71 74
a 15 34 74
a 15 74 50
a 15 10 50
a 15 50 72
a 15 32 72
a 15 72 76
a 15 36 76
a 15 76 60
a 15 20 60
a 15 60 65
a 15 25 65
a 15 65 52
a 15 12 52
a 15 52 81
a 16 80 7
a 16 7 26
a 16 26 24
a 16 24 28
a 16 28 27
a 16 27 13
a 16 13 3
a 16 3 15
a 16 15 2
a 16 2 9
a 16 9 6
a 16 6 4
a 16 4 0
a 16 0 18
a 16 18 1
a 16 1 23
a 16 23 53
a 16 13 53
a 16 53 47
a 16 7 47
a 16 47 66
a 16 26 66
a 16 66 67
a 16 27 67
a 16 67 64
a 16 24 64
a 16 64 39
a 16 39 30
a 16 30 43
a 16 3 43
a 16 43 33
a 16 33 42
a 16 2 42
a 16 42 32
a 16 32 10
a 16 10 68
a 16 28 68
a 16 68 49
a 16 9 49
a 16 49 8
a 16 8 35
a 16 35 55
a 16 15 55
a 16 55 46
a 16 6 46
a 16 46 31
a 16 31 41
a 16 1 41
a 16 41 44
a 16 4 44
a 16 44 40
a 16 0 40
a 16 40 58
a 16 18 58
a 16 58 11
a 16 11 63
a 16 23 63
a 16 63 37
a 16 37 38
a 16 38 79
a 16 39 79
a 16 79 73
a 16 33 73
a 16 73 70
a 16 30 70
a 16 70 48
a 16 8 48
a 16 48 75
a 16 35 75
a 16 75 71
a 16 31 71
a 16 71 50
a 16 10 50
a 16 50 72
a 16 32 72
a 16 72 77
a 16 37 77
a 16 77 51
a 16 11 51
a 16 51 78
a 16 38 78
a 16 78 81
a 17 80 26
a 17 26 14
a 17 14 27
a 17 27 5
a 17 5 3
a 17 3 15
a 17 15 9
a 17 9 16
a 17 16 1
a 17 1 23
a 17 23 66
a 17 26 66
a 17 66 67
a 17 27 67
a 17 67 39
a 17 39 30
a 17 30 43
a 17 3 43
a 17 43 45
a 17 5 45
a 17 45 33
a 17 33 10
a 17 10 21
a 17 21 54
a 17 14 54
a 17 54 49
a 17 9 49
a 17 49 8
a 17 8 56
a 17 16 56
a 17 56 22
a 17 22 35
a 17 35 55
a 17 15 55
a 17 55 17
a 17 17 41
a 17 1 41
a 17 41 36
a 17 36 12
a 17 12 29
a 17 29 20
a 17 20 63
a 17 23 63
a 17 63 37
a 17 37 25
a 17 25 79
a 17 39 79
a 17 79 73
a 17 33 73
a 17 73 62
a 17 22 62
a 17 62 70
a 17 30 70
a 17 70 48
a 17 8 48
a 17 48 75
a 17 35 75
a 17 75 61
a 17 21 61
a 17 61 57
a 17 17 57
a 17 57 50
a 17 10 50
a 17 50 69
a 17 29 69
a 17 69 76
a 17 36 76
a 17 76 60
a 17 20 60
a 17 60 77
a 17 37 77
a 17 77 65
a 17 25 65
a 17 65 52
a 17 12 52
a 17 52 81
a 18 80 7
a 18 7 24
a 18 24 19
a 18 19 27
a 18 27 5
a 18 5 13
a 18 13 15
a 18 15 2
a 18 2 6
a 18 6 0
a 18 0 1
a 18 1 53
a 18 13 53
a 18 53 47
a 18 7 47
a 18 47 67
a 18 27 67
a 18 67 64
a 18 24 64
a 18 64 39
a 18 39 45
a 18 5 45
a 18 45 33
a 18 33 42
a 18 2 42
a 18 42 32
a 18 32 10
a 18 10 21
a 18 21 8
a 18 8 22
a 18 22 35
a 18 35 55
a 18 15 55
a 18 55 59
a 18 19 59
a 18 59 46
a 18 6 46
a 18 46 34
a 18 34 31
a 18 31 41
a 18 1 41
a 18 41 12
a 18 12 29
a 18 29 40
a 18 0 40
a 18 40 20
a 18 20 25
a 18 25 38
a 18 38 79
a 18 39 79
a 18 79 73
a 18 33 73
a 18 73 62
a 18 22 62
a 18 62 48
a 18 8 48
a 18 48 75
a 18 35 75
a 18 75 61
a 18 21 61
a 18 61 71
a 18 31 71
a 18 71 74
a 18 34 74
a 18 74 50
a 18 10 50
a 18 50 72
a 18 32 72
a 18 72 69
a 18 29 69
a 18 69 60
a 18 20 60
a 18 60 65
a 18 25 65
a 18 65 52
a 18 12 52
a 18 52 78
a 18 38 78
a 18 78 81
a 19 80 14
a 19 14 24
a 19 24 28
a 19 28 19
a 19 19 5
a 19 5 13
a 19 13 15
a 19 15 2
a 19 2 6
a 19 6 0
a 19 0 18
a 19 18 23
a 19 23 53
a 19 13 53
a 19 53 64
a 19 24 64
a 19 64 39
a 19 39 30
a 19 30 45
a 19 5 45
a 19 45 33
a 19 33 42
a 19 2 42
a 19 42 32
a 19 32 10
a 19 10 68
a 19 28 68
a 19 68 21
a 19 21 54
a 19 14 54
a 19 54 8
a 19 8 22
a 19 22 35
a 19 35 55
a 19 15 55
a 19 55 59
a 19 19 59
a 19 59 46
a 19 6 46
a 19 46 34
a 19 34 17
a 19 17 36
a 19 36 12
a 19 12 29
a 19 29 40
a 19 0 40
a 19 40 58
a 19 18 58
a 19 58 20
a 19 20 63
a 19 23 63
a 19 63 37
a 19 37 25
a 19 25 38
a 19 38 79
a 19 39 79
a 19 79 73
a 19 33 73
a 19 73 62
a 19 22 62
a 19 62 70
a 19 30 70
a 19 70 48
a 19 8 48
a 19 48 75
a 19 35 75
a 19 75 61
a 19 21 61
a 19 61 74
a 19 34 74
a 19 74 57
a 19 17 57
a 19 57 50
a 19 10 50
a 19 50 72
a 19 32 72
a 19 72 69
a 19 29 69
a 19 69 76
a 19 36 76
a 19 76 60
a 19 20 60
a 19 60 77
a 19 37 77
a 19 77 65
a 19 25 65
a 19 65 52
a 19 12 52
a 19 52 78
a 19 38 78
a 19 78 81
a 20 80 7
a 20 7 26
a 20 26 19
a 20 19 27
a 20 27 5
a 20 5 13
a 20 13 3
a 20 3 15
a 20 15 9
a 20 9 6
a 20 6 4
a 20 4 16
a 20 16 0
a 20 0 1
a 20 1 23
a 20 23 53
a 20 13 53
a 20 53 47
a 20 7 47
a 20 47 66
a 20 26 66
a 20 66 67
a 20 27 67
a 20 67 43
a 20 3 43
a 20 43 45
a 20 5 45
a 20 45 10
a 20 10 21
a 20 21 49
a 20 9 49
a 20 49 8
a 20 8 56
a 20 16 56
a 20 56 22
a 20 22 55
a 20 15 55
a 20 55 59
a 20 19 59
a 20 59 46
a 20 6 46
a 20 46 41
a 20 1 41
a 20 41 12
a 20 12 44
a 20 4 44
a 20 44 40
a 20 0 40
a 20 40 20
a 20 20 63
a 20 23 63
a 20 63 37
a 20 37 25
a 20 25 38
a 20 38 62
a 20 22 62
a 20 62 48
a 20 8 48
a 20 48 61
a 20 21 61
a 20 61 50
a 20 10 50
a 20 50 60
a 20 20 60
a 20 60 77
a 20 37 77
a 20 77 65
a 20 25 65
a 20 65 52
a 20 12 52
a 20 52 78
a 20 38 78
a 20 78 81
a 21 80 7
a 21 7 14
a 21 14 19
a 21 19 27
a 21 27 13
a 21 13 3
a 21 3 15
a 21 15 9
a 21 9 6
a 21 6 4
a 21 4 16
a 21 16 0
a 21 0 1
a 21 1 23
a 21 23 53
a 21 13 53
a 21 53 47
a 21 7 47
a 21 47 67
a 21 27 67
a 21 67 39
a 21 39 43
a 21 3 43
a 21 43 33
a 21 33 10
a 21 10 21
a 21 21 54
a 21 14 54
a 21 54 49
a 21 9 49
a 21 49 8
a 21 8 56
a 21 16 56
a 21 56 22
a 21 22 35
a 21 35 55
a 21 15 55
a 21 55 59
a 21 19 59
a 21 59 46
a 21 6 46
a 21 46 31
a 21 31 17
a 21 17 41
a 21 1 41
a 21 41 36
a 21 36 12
a 21 12 44
a 21 4 44
a 21 44 40
a 21 0 40
a 21 40 11
a 21 11 20
a 21 20 63
a 21 23 63
a 21 63 38
a 21 38 79
a 21 39 79
a 21 79 73
a 21 33 73
a 21 73 62
a 21 22 62
a 21 62 48
a 21 8 48
a 21 48 75
a 21 35 75
a 21 75 61
a 21 21 61
a 21 61 71
a 21 31 71
a 21 71 57
a 21 17 57
a 21 57 50
a 21 10 50
a 21 50 76
a 21 36 76
a 21 76 60
a 21 20 60
a 21 60 52
a 21 12 52
a 21 52 51
a 21 11 51
a 21 51 78
a 21 38 78
a 21 78 81
a 22 80 7
a 22 7 26
a 22 26 14
a 22 14 24
a 22 24 28
a 22 28 5
a 22 5 13
a 22 13 3
a 22 3 9
a 22 9 6
a 22 6 4
a 22 4 0
a 22 0 18
a 22 18 23
a 22 23 53
a 22 13 53
a 22 53 47
a 22 7 47
a 22 47 66
a 22 26 66
a 22 66 64
a 22 24 64
a 22 64 39
a 22 39 43
a 22 3 43
a 22 43 45
a 22 5 45
a 22 45 33
a 22 33 32
a 22 32 10
a 22 10 68
a 22 28 68
a 22 68 21
a 22 21 54
a 22 14 54
a 22 54 49
a 22 9 49
a 22 49 8
a 22 8 22
a 22 22 46
a 22 6 46
a 22 46 31
a 22 31 17
a 22 17 36
a 22 36 12
a 22 12 44
a 22 4 44
a 22 44 29
a 22 29 40
a 22 0 40
a 22 40 58
a 22 18 58
a 22 58 20
a 22 20 63
a 22 23 63
a 22 63 37
a 22 37 25
a 22 25 38
a 22 38 79
a 22 39 79
a 22 79 73
a 22 33 73
a 22 73 62
a 22 22 62
a 22 62 48
a 22 8 48
a 22 48 61
a 22 21 61
a 22 61 71
a 22 31 71
a 22 71 57
a 22 17 57
a 22 57 50
a 22 10 50
a 22 50 72
a 22 32 72
a 22 72 69
a 22 29 69
a 22 69 76
a 22 36 76
a 22 76 60
a 22 20 60
a 22 60 77
a 22 37 77
a 22 77 65
a 22 25 65
a 22 65 52
a 22 12 52
a 22 52 78
a 22 38 78
a 22 78 81
a 23 80 7
a 23 7 28
a 23 28 19
a 23 19 27
a 23 27 5
a 23 5 13
a 23 13 2
a 23 2 9
a 23 9 6
a 23 6 0
a 23 0 18
a 23 18 23
a 23 23 53
a 23 13 53
a 23 53 47
a 23 7 47
a 23 47 67
a 23 27 67
a 23 67 30
a 23 30 45
a 23 5 45
a 23 45 42
a 23 2 42
a 23 42 32
a 23 32 10
a 23 10 68
a 23 28 68
a 23 68 21
a 23 21 49
a 23 9 49
a 23 49 8
a 23 8 22
a 23 22 59
a 23 19 59
a 23 59 46
a 23 6 46
a 23 46 34
a 23 34 17
a 23 17 12
a 23 12 40
a 23 0 40
a 23 40 58
a 23 18 58
a 23 58 63
a 23 23 63
a 23 63 25
a 23 25 38
a 23 38 62
a 23 22 62
a 23 62 70
a 23 30 70
a 23 70 48
a 23 8 48
a 23 48 61
a 23 21 61
a 23 61 74
a 23 34 74
a 23 74 57
a 23 17 57
a 23 57 50
a 23 10 50
a 23 50 72
a 23 32 72
a 23 72 65
a 23 25 65
a 23 65 52
a 23 12 52
a 23 52 78
a 23 38 78
a 23 78 81
a 24 80 7
a 24 7 26
a 24 26 14
a 24 14 24
a 24 24 28
a 24 28 5
a 24 5 15
a 24 15 2
a 24 2 9
a 24 9 4
a 24 4 16
a 24 16 0
a 24 0 18
a 24 18 23
a 24 23 47
a 24 7 47
a 24 47 66
a 24 26 66
a 24 66 64
a 24 24 64
a 24 64 30
a 24 30 45
a 24 5 45
a 24 45 42
a 24 2 42
a 24 42 32
a 24 32 10
a 24 10 68
a 24 28 68
a 24 68 21
a 24 21 54
a 24 14 54
a 24 54 49
a 24 9 49
a 24 49 56
a 24 16 56
a 24 56 22
a 24 22 55
a 24 15 55
a 24 55 34
a 24 34 31
a 24 31 36
a 24 36 12
a 24 12 44
a 24 4 44
a 24 44 29
a 24 29 40
a 24 0 40
a 24 40 58
a 24 18 58
a 24 58 11
a 24 11 20
a 24 20 63
a 24 23 63
a 24 63 37
a 24 37 25
a 24 25 62
a 24 22 62
a 24 62 70
a 24 30 70
a 24 70 61
a 24 21 61
a 24 61 71
a 24 31 71
a 24 71 74
a 24 34 74
a 24 74 50
a 24 10 50
a 24 50 72
a 24 32 72
a 24 72 69
a 24 29 69
a 24 69 76
a 24 36 76
a 24 76 60
a 24 20 60
a 24 60 77
a 24 37 77
a 24 77 65
a 24 25 65
a 24 65 52
a 24 12 52
a 24 52 51
a 24 11 51
a 24 51 81
