c Shift Minimisation Personnel Task Scheduling Problem (SMPTSP)
c data_5_25_60_33
c
c problem jobs shifts
p smptsp 60 25
c
c job start finish 
c 0 26 410
c 1 48 561
c 2 28 459
c 3 71 489
c 4 71 427
c 5 3 451
c 6 22 577
c 7 469 829
c 8 6 386
c 9 4 461
c 10 12 496
c 11 25 439
c 12 522 895
c 13 503 845
c 14 22 468
c 15 976 1434
c 16 79 496
c 17 455 1007
c 18 4 445
c 19 563 949
c 20 977 1419
c 21 82 502
c 22 497 817
c 23 1018 1420
c 24 33 453
c 25 525 993
c 26 66 497
c 27 540 1018
c 28 463 870
c 29 11 382
c 30 553 1014
c 31 38 397
c 32 14 405
c 33 1021 1368
c 34 577 1029
c 35 973 1408
c 36 973 1430
c 37 437 967
c 38 482 1013
c 39 436 909
c 40 414 849
c 41 591 1048
c 42 493 1002
c 43 1047 1431
c 44 427 863
c 45 1045 1398
c 46 972 1416
c 47 437 918
c 48 1037 1439
c 49 899 1391
c 50 467 943
c 51 1074 1437
c 52 916 1393
c 53 890 1379
c 54 942 1369
c 55 876 1436
c 56 1069 1401
c 57 1033 1435
c 58 996 1425
c 59 933 1366
c
c shift cost source target num_qualifications qualifications
k 0 1 120 121 24 11 22 36 2 4 5 7 8 13 17 21 23 26 29 31 33 34 37 43 44 48 49 51 57
k 1 1 120 121 23 16 41 56 0 4 6 10 11 17 20 21 27 28 35 36 38 39 42 44 45 55 58 59
k 2 1 120 121 20 3 13 15 7 10 18 22 27 28 30 31 32 33 38 45 46 49 51 52 58
k 3 1 120 121 25 21 30 33 9 15 17 19 22 24 27 34 35 36 40 41 43 44 45 46 47 52 54 55 57 58
k 4 1 120 121 17 24 25 45 2 14 17 21 27 30 33 40 42 48 50 52 53 57
k 5 1 120 121 21 4 39 54 2 5 7 8 14 19 22 25 29 31 36 37 38 41 46 49 50 58
k 6 1 120 121 21 31 50 58 3 6 9 10 11 12 14 19 20 24 25 26 29 33 41 44 49 56
k 7 1 120 121 18 2 7 52 1 6 8 19 22 23 26 31 33 35 36 48 55 56 58
k 8 1 120 121 16 26 27 51 3 4 19 28 29 34 35 36 38 47 52 54 57
k 9 1 120 121 28 29 47 59 1 2 3 4 7 11 12 13 15 16 17 18 19 20 21 22 27 28 33 37 43 48 49 55 57
k 10 1 120 121 21 10 12 35 0 5 6 14 15 20 23 32 39 41 43 47 49 53 54 57 58 59
k 11 1 120 121 19 8 40 53 1 10 11 12 15 16 20 29 35 37 42 44 46 48 52 58
k 12 1 120 121 28 0 44 49 1 2 5 6 11 12 13 17 18 21 22 25 26 27 31 33 34 36 42 52 53 55 56 57 58
k 13 1 120 121 23 18 42 43 0 5 7 8 9 12 13 15 17 20 21 30 33 36 38 44 45 49 52 57
k 14 1 120 121 24 1 19 20 0 2 9 10 11 17 18 24 25 28 29 32 37 41 45 47 51 54 55 56 59
k 15 1 120 121 16 32 37 46 6 14 17 31 33 36 39 42 49 50 53 56 59
k 16 1 120 121 29 14 38 57 1 2 5 6 7 8 9 13 18 21 22 25 27 28 30 33 35 40 42 45 49 50 53 55 56 59
k 17 1 120 121 25 5 17 23 1 2 8 9 10 16 19 20 21 22 24 31 34 39 45 47 49 50 55 56 57 59
k 18 1 120 121 23 6 34 48 2 5 8 10 17 18 23 26 29 33 36 37 38 41 42 43 44 45 52 57
k 19 1 120 121 20 9 28 55 5 7 13 17 18 21 26 30 34 37 38 41 45 47 50 52 53
k 20 1 120 121 17 47 26 6 28 27 57 46 36 55 53 37 19 32 56 14 20 54
k 21 1 120 121 16 30 51 42 8 50 11 5 22 10 27 1 36 34 29 55 23
k 22 1 120 121 26 15 31 11 0 17 20 28 41 16 34 1 54 29 48 12 22 25 2 33 43 49 10 40 6 39 47
k 23 1 120 121 27 29 42 48 59 8 49 33 16 23 26 10 44 14 19 56 36 51 9 58 0 39 55 50 1 30 22 18
k 24 1 120 121 16 44 59 18 33 24 34 49 51 37 25 57 56 22 32 5 35
c
c graph source target is_shift
a 0 120 5 0
a 0 5 8 0
a 0 8 29 0
a 0 29 11 0
a 0 11 2 0
a 0 2 31 0
a 0 31 26 0
a 0 26 4 0
a 0 4 21 0
a 0 21 89 0
a 0 29 89 1
a 0 89 68 0
a 0 8 68 1
a 0 68 91 0
a 0 31 91 1
a 0 91 64 0
a 0 4 64 1
a 0 64 44 0
a 0 44 37 0
a 0 37 71 0
a 0 11 71 1
a 0 71 65 0
a 0 5 65 1
a 0 65 17 0
a 0 17 62 0
a 0 2 62 1
a 0 62 7 0
a 0 7 86 0
a 0 26 86 1
a 0 86 22 0
a 0 22 81 0
a 0 21 81 1
a 0 81 13 0
a 0 13 34 0
a 0 34 82 0
a 0 22 82 1
a 0 82 67 0
a 0 7 67 1
a 0 67 73 0
a 0 13 73 1
a 0 73 104 0
a 0 44 104 1
a 0 104 49 0
a 0 49 97 0
a 0 37 97 1
a 0 97 36 0
a 0 36 77 0
a 0 17 77 1
a 0 77 23 0
a 0 23 33 0
a 0 33 94 0
a 0 34 94 1
a 0 94 57 0
a 0 57 48 0
a 0 48 43 0
a 0 43 51 0
a 0 51 93 0
a 0 33 93 1
a 0 93 109 0
a 0 49 109 1
a 0 109 83 0
a 0 23 83 1
a 0 83 96 0
a 0 36 96 1
a 0 96 103 0
a 0 43 103 1
a 0 103 117 0
a 0 57 117 1
a 0 117 111 0
a 0 51 111 1
a 0 111 108 0
a 0 48 108 1
a 0 108 121 0
a 1 120 10 0
a 1 10 6 0
a 1 6 11 0
a 1 11 0 0
a 1 0 4 0
a 1 4 16 0
a 1 16 21 0
a 1 21 60 0
a 1 0 60 1
a 1 60 64 0
a 1 4 64 1
a 1 64 44 0
a 1 44 39 0
a 1 39 71 0
a 1 11 71 1
a 1 71 17 0
a 1 17 28 0
a 1 28 38 0
a 1 38 42 0
a 1 42 76 0
a 1 16 76 1
a 1 76 70 0
a 1 10 70 1
a 1 70 81 0
a 1 21 81 1
a 1 81 27 0
a 1 27 66 0
a 1 6 66 1
a 1 66 41 0
a 1 41 104 0
a 1 44 104 1
a 1 104 88 0
a 1 28 88 1
a 1 88 55 0
a 1 55 99 0
a 1 39 99 1
a 1 99 59 0
a 1 59 35 0
a 1 35 36 0
a 1 36 20 0
a 1 20 58 0
a 1 58 102 0
a 1 42 102 1
a 1 102 77 0
a 1 17 77 1
a 1 77 98 0
a 1 38 98 1
a 1 98 87 0
a 1 27 87 1
a 1 87 45 0
a 1 45 101 0
a 1 41 101 1
a 1 101 56 0
a 1 56 119 0
a 1 59 119 1
a 1 119 105 0
a 1 45 105 1
a 1 105 116 0
a 1 56 116 1
a 1 116 95 0
a 1 35 95 1
a 1 95 80 0
a 1 20 80 1
a 1 80 118 0
a 1 58 118 1
a 1 118 96 0
a 1 36 96 1
a 1 96 115 0
a 1 55 115 1
a 1 115 121 0
a 2 120 18 0
a 2 18 10 0
a 2 10 32 0
a 2 32 31 0
a 2 31 3 0
a 2 3 91 0
a 2 31 91 1
a 2 91 92 0
a 2 32 92 1
a 2 92 78 0
a 2 18 78 1
a 2 78 28 0
a 2 28 7 0
a 2 7 38 0
a 2 38 63 0
a 2 3 63 1
a 2 63 70 0
a 2 10 70 1
a 2 70 22 0
a 2 22 13 0
a 2 13 27 0
a 2 27 30 0
a 2 30 82 0
a 2 22 82 1
a 2 82 67 0
a 2 7 67 1
a 2 67 73 0
a 2 13 73 1
a 2 73 88 0
a 2 28 88 1
a 2 88 49 0
a 2 49 52 0
a 2 52 46 0
a 2 46 15 0
a 2 15 58 0
a 2 58 98 0
a 2 38 98 1
a 2 98 90 0
a 2 30 90 1
a 2 90 87 0
a 2 27 87 1
a 2 87 33 0
a 2 33 45 0
a 2 45 51 0
a 2 51 93 0
a 2 33 93 1
a 2 93 109 0
a 2 49 109 1
a 2 109 112 0
a 2 52 112 1
a 2 112 105 0
a 2 45 105 1
a 2 105 106 0
a 2 46 106 1
a 2 106 118 0
a 2 58 118 1
a 2 118 75 0
a 2 15 75 1
a 2 75 111 0
a 2 51 111 1
a 2 111 121 0
a 3 120 9 0
a 3 9 24 0
a 3 24 21 0
a 3 21 40 0
a 3 40 44 0
a 3 44 47 0
a 3 47 84 0
a 3 24 84 1
a 3 84 17 0
a 3 17 69 0
a 3 9 69 1
a 3 69 22 0
a 3 22 81 0
a 3 21 81 1
a 3 81 27 0
a 3 27 30 0
a 3 30 19 0
a 3 19 34 0
a 3 34 41 0
a 3 41 82 0
a 3 22 82 1
a 3 82 100 0
a 3 40 100 1
a 3 100 104 0
a 3 44 104 1
a 3 104 55 0
a 3 55 52 0
a 3 52 107 0
a 3 47 107 1
a 3 107 54 0
a 3 54 79 0
a 3 19 79 1
a 3 79 46 0
a 3 46 35 0
a 3 35 36 0
a 3 36 15 0
a 3 15 58 0
a 3 58 77 0
a 3 17 77 1
a 3 77 90 0
a 3 30 90 1
a 3 90 87 0
a 3 27 87 1
a 3 87 33 0
a 3 33 94 0
a 3 34 94 1
a 3 94 57 0
a 3 57 45 0
a 3 45 43 0
a 3 43 101 0
a 3 41 101 1
a 3 101 93 0
a 3 33 93 1
a 3 93 114 0
a 3 54 114 1
a 3 114 112 0
a 3 52 112 1
a 3 112 105 0
a 3 45 105 1
a 3 105 95 0
a 3 35 95 1
a 3 95 106 0
a 3 46 106 1
a 3 106 118 0
a 3 58 118 1
a 3 118 96 0
a 3 36 96 1
a 3 96 103 0
a 3 43 103 1
a 3 103 75 0
a 3 15 75 1
a 3 75 117 0
a 3 57 117 1
a 3 117 115 0
a 3 55 115 1
a 3 115 121 0
a 4 120 14 0
a 4 14 2 0
a 4 2 24 0
a 4 24 21 0
a 4 21 40 0
a 4 40 84 0
a 4 24 84 1
a 4 84 17 0
a 4 17 62 0
a 4 2 62 1
a 4 62 50 0
a 4 50 74 0
a 4 14 74 1
a 4 74 42 0
a 4 42 81 0
a 4 21 81 1
a 4 81 25 0
a 4 25 27 0
a 4 27 30 0
a 4 30 100 0
a 4 40 100 1
a 4 100 53 0
a 4 53 52 0
a 4 52 110 0
a 4 50 110 1
a 4 110 85 0
a 4 25 85 1
a 4 85 102 0
a 4 42 102 1
a 4 102 77 0
a 4 17 77 1
a 4 77 90 0
a 4 30 90 1
a 4 90 87 0
a 4 27 87 1
a 4 87 33 0
a 4 33 57 0
a 4 57 48 0
a 4 48 45 0
a 4 45 93 0
a 4 33 93 1
a 4 93 113 0
a 4 53 113 1
a 4 113 112 0
a 4 52 112 1
a 4 112 105 0
a 4 45 105 1
a 4 105 117 0
a 4 57 117 1
a 4 117 108 0
a 4 48 108 1
a 4 108 121 0
a 5 120 5 0
a 5 5 8 0
a 5 8 29 0
a 5 29 14 0
a 5 14 2 0
a 5 2 31 0
a 5 31 4 0
a 5 4 89 0
a 5 29 89 1
a 5 89 68 0
a 5 8 68 1
a 5 68 91 0
a 5 31 91 1
a 5 91 64 0
a 5 4 64 1
a 5 64 39 0
a 5 39 37 0
a 5 37 65 0
a 5 5 65 1
a 5 65 62 0
a 5 2 62 1
a 5 62 50 0
a 5 50 74 0
a 5 14 74 1
a 5 74 7 0
a 5 7 38 0
a 5 38 22 0
a 5 22 25 0
a 5 25 19 0
a 5 19 41 0
a 5 41 82 0
a 5 22 82 1
a 5 82 67 0
a 5 7 67 1
a 5 67 49 0
a 5 49 99 0
a 5 39 99 1
a 5 99 54 0
a 5 54 110 0
a 5 50 110 1
a 5 110 79 0
a 5 19 79 1
a 5 79 97 0
a 5 37 97 1
a 5 97 46 0
a 5 46 36 0
a 5 36 85 0
a 5 25 85 1
a 5 85 58 0
a 5 58 98 0
a 5 38 98 1
a 5 98 101 0
a 5 41 101 1
a 5 101 114 0
a 5 54 114 1
a 5 114 109 0
a 5 49 109 1
a 5 109 106 0
a 5 46 106 1
a 5 106 118 0
a 5 58 118 1
a 5 118 96 0
a 5 36 96 1
a 5 96 121 0
a 6 120 9 0
a 6 9 29 0
a 6 29 10 0
a 6 10 6 0
a 6 6 14 0
a 6 14 11 0
a 6 11 24 0
a 6 24 31 0
a 6 31 26 0
a 6 26 3 0
a 6 3 89 0
a 6 29 89 1
a 6 89 91 0
a 6 31 91 1
a 6 91 44 0
a 6 44 71 0
a 6 11 71 1
a 6 71 84 0
a 6 24 84 1
a 6 84 69 0
a 6 9 69 1
a 6 69 50 0
a 6 50 74 0
a 6 14 74 1
a 6 74 63 0
a 6 3 63 1
a 6 63 70 0
a 6 10 70 1
a 6 70 86 0
a 6 26 86 1
a 6 86 12 0
a 6 12 25 0
a 6 25 19 0
a 6 19 66 0
a 6 6 66 1
a 6 66 41 0
a 6 41 104 0
a 6 44 104 1
a 6 104 72 0
a 6 12 72 1
a 6 72 49 0
a 6 49 110 0
a 6 50 110 1
a 6 110 79 0
a 6 19 79 1
a 6 79 20 0
a 6 20 85 0
a 6 25 85 1
a 6 85 58 0
a 6 58 33 0
a 6 33 101 0
a 6 41 101 1
a 6 101 56 0
a 6 56 93 0
a 6 33 93 1
a 6 93 109 0
a 6 49 109 1
a 6 109 116 0
a 6 56 116 1
a 6 116 80 0
a 6 20 80 1
a 6 80 118 0
a 6 58 118 1
a 6 118 121 0
a 7 120 8 0
a 7 8 6 0
a 7 6 2 0
a 7 2 31 0
a 7 31 1 0
a 7 1 26 0
a 7 26 68 0
a 7 8 68 1
a 7 68 91 0
a 7 31 91 1
a 7 91 62 0
a 7 2 62 1
a 7 62 7 0
a 7 7 86 0
a 7 26 86 1
a 7 86 22 0
a 7 22 61 0
a 7 1 61 1
a 7 61 19 0
a 7 19 66 0
a 7 6 66 1
a 7 66 82 0
a 7 22 82 1
a 7 82 67 0
a 7 7 67 1
a 7 67 55 0
a 7 55 52 0
a 7 52 79 0
a 7 19 79 1
a 7 79 35 0
a 7 35 36 0
a 7 36 58 0
a 7 58 23 0
a 7 23 33 0
a 7 33 48 0
a 7 48 56 0
a 7 56 93 0
a 7 33 93 1
a 7 93 112 0
a 7 52 112 1
a 7 112 116 0
a 7 56 116 1
a 7 116 95 0
a 7 35 95 1
a 7 95 83 0
a 7 23 83 1
a 7 83 118 0
a 7 58 118 1
a 7 118 96 0
a 7 36 96 1
a 7 96 115 0
a 7 55 115 1
a 7 115 108 0
a 7 48 108 1
a 7 108 121 0
a 8 120 29 0
a 8 29 26 0
a 8 26 3 0
a 8 3 4 0
a 8 4 89 0
a 8 29 89 1
a 8 89 64 0
a 8 4 64 1
a 8 64 47 0
a 8 47 28 0
a 8 28 38 0
a 8 38 63 0
a 8 3 63 1
a 8 63 86 0
a 8 26 86 1
a 8 86 27 0
a 8 27 19 0
a 8 19 34 0
a 8 34 88 0
a 8 28 88 1
a 8 88 52 0
a 8 52 107 0
a 8 47 107 1
a 8 107 54 0
a 8 54 79 0
a 8 19 79 1
a 8 79 35 0
a 8 35 36 0
a 8 36 98 0
a 8 38 98 1
a 8 98 87 0
a 8 27 87 1
a 8 87 94 0
a 8 34 94 1
a 8 94 57 0
a 8 57 51 0
a 8 51 114 0
a 8 54 114 1
a 8 114 112 0
a 8 52 112 1
a 8 112 95 0
a 8 35 95 1
a 8 95 96 0
a 8 36 96 1
a 8 96 117 0
a 8 57 117 1
a 8 117 111 0
a 8 51 111 1
a 8 111 121 0
a 9 120 18 0
a 9 18 29 0
a 9 29 11 0
a 9 11 2 0
a 9 2 1 0
a 9 1 3 0
a 9 3 4 0
a 9 4 16 0
a 9 16 21 0
a 9 21 89 0
a 9 29 89 1
a 9 89 64 0
a 9 4 64 1
a 9 64 47 0
a 9 47 37 0
a 9 37 71 0
a 9 11 71 1
a 9 71 78 0
a 9 18 78 1
a 9 78 17 0
a 9 17 62 0
a 9 2 62 1
a 9 62 28 0
a 9 28 7 0
a 9 7 63 0
a 9 3 63 1
a 9 63 76 0
a 9 16 76 1
a 9 76 22 0
a 9 22 81 0
a 9 21 81 1
a 9 81 13 0
a 9 13 12 0
a 9 12 27 0
a 9 27 61 0
a 9 1 61 1
a 9 61 19 0
a 9 19 82 0
a 9 22 82 1
a 9 82 67 0
a 9 7 67 1
a 9 67 73 0
a 9 13 73 1
a 9 73 88 0
a 9 28 88 1
a 9 88 55 0
a 9 55 72 0
a 9 12 72 1
a 9 72 49 0
a 9 49 107 0
a 9 47 107 1
a 9 107 59 0
a 9 59 79 0
a 9 19 79 1
a 9 79 97 0
a 9 37 97 1
a 9 97 15 0
a 9 15 20 0
a 9 20 77 0
a 9 17 77 1
a 9 77 87 0
a 9 27 87 1
a 9 87 33 0
a 9 33 57 0
a 9 57 48 0
a 9 48 43 0
a 9 43 119 0
a 9 59 119 1
a 9 119 93 0
a 9 33 93 1
a 9 93 109 0
a 9 49 109 1
a 9 109 80 0
a 9 20 80 1
a 9 80 103 0
a 9 43 103 1
a 9 103 75 0
a 9 15 75 1
a 9 75 117 0
a 9 57 117 1
a 9 117 115 0
a 9 55 115 1
a 9 115 108 0
a 9 48 108 1
a 9 108 121 0
a 10 120 5 0
a 10 5 10 0
a 10 10 32 0
a 10 32 6 0
a 10 6 14 0
a 10 14 0 0
a 10 0 92 0
a 10 32 92 1
a 10 92 60 0
a 10 0 60 1
a 10 60 39 0
a 10 39 47 0
a 10 47 65 0
a 10 5 65 1
a 10 65 74 0
a 10 14 74 1
a 10 74 70 0
a 10 10 70 1
a 10 70 12 0
a 10 12 66 0
a 10 6 66 1
a 10 66 41 0
a 10 41 53 0
a 10 53 72 0
a 10 12 72 1
a 10 72 49 0
a 10 49 99 0
a 10 39 99 1
a 10 99 107 0
a 10 47 107 1
a 10 107 59 0
a 10 59 54 0
a 10 54 35 0
a 10 35 15 0
a 10 15 20 0
a 10 20 58 0
a 10 58 23 0
a 10 23 57 0
a 10 57 43 0
a 10 43 101 0
a 10 41 101 1
a 10 101 119 0
a 10 59 119 1
a 10 119 114 0
a 10 54 114 1
a 10 114 113 0
a 10 53 113 1
a 10 113 109 0
a 10 49 109 1
a 10 109 95 0
a 10 35 95 1
a 10 95 80 0
a 10 20 80 1
a 10 80 83 0
a 10 23 83 1
a 10 83 118 0
a 10 58 118 1
a 10 118 103 0
a 10 43 103 1
a 10 103 75 0
a 10 15 75 1
a 10 75 117 0
a 10 57 117 1
a 10 117 121 0
a 11 120 8 0
a 11 8 29 0
a 11 29 10 0
a 11 10 11 0
a 11 11 1 0
a 11 1 16 0
a 11 16 89 0
a 11 29 89 1
a 11 89 68 0
a 11 8 68 1
a 11 68 40 0
a 11 40 44 0
a 11 44 37 0
a 11 37 71 0
a 11 11 71 1
a 11 71 42 0
a 11 42 70 0
a 11 10 70 1
a 11 70 76 0
a 11 16 76 1
a 11 76 12 0
a 11 12 61 0
a 11 1 61 1
a 11 61 100 0
a 11 40 100 1
a 11 100 104 0
a 11 44 104 1
a 11 104 53 0
a 11 53 72 0
a 11 12 72 1
a 11 72 52 0
a 11 52 97 0
a 11 37 97 1
a 11 97 46 0
a 11 46 35 0
a 11 35 15 0
a 11 15 20 0
a 11 20 58 0
a 11 58 102 0
a 11 42 102 1
a 11 102 48 0
a 11 48 113 0
a 11 53 113 1
a 11 113 112 0
a 11 52 112 1
a 11 112 95 0
a 11 35 95 1
a 11 95 106 0
a 11 46 106 1
a 11 106 80 0
a 11 20 80 1
a 11 80 118 0
a 11 58 118 1
a 11 118 75 0
a 11 15 75 1
a 11 75 108 0
a 11 48 108 1
a 11 108 121 0
a 12 120 5 0
a 12 5 18 0
a 12 18 6 0
a 12 6 11 0
a 12 11 0 0
a 12 0 2 0
a 12 2 31 0
a 12 31 1 0
a 12 1 26 0
a 12 26 21 0
a 12 21 91 0
a 12 31 91 1
a 12 91 60 0
a 12 0 60 1
a 12 60 44 0
a 12 44 71 0
a 12 11 71 1
a 12 71 78 0
a 12 18 78 1
a 12 78 65 0
a 12 5 65 1
a 12 65 17 0
a 12 17 62 0
a 12 2 62 1
a 12 62 42 0
a 12 42 86 0
a 12 26 86 1
a 12 86 22 0
a 12 22 81 0
a 12 21 81 1
a 12 81 13 0
a 12 13 12 0
a 12 12 25 0
a 12 25 27 0
a 12 27 61 0
a 12 1 61 1
a 12 61 66 0
a 12 6 66 1
a 12 66 34 0
a 12 34 82 0
a 12 22 82 1
a 12 82 73 0
a 12 13 73 1
a 12 73 104 0
a 12 44 104 1
a 12 104 55 0
a 12 55 53 0
a 12 53 72 0
a 12 12 72 1
a 12 72 49 0
a 12 49 52 0
a 12 52 36 0
a 12 36 85 0
a 12 25 85 1
a 12 85 58 0
a 12 58 102 0
a 12 42 102 1
a 12 102 77 0
a 12 17 77 1
a 12 77 87 0
a 12 27 87 1
a 12 87 33 0
a 12 33 94 0
a 12 34 94 1
a 12 94 57 0
a 12 57 56 0
a 12 56 93 0
a 12 33 93 1
a 12 93 113 0
a 12 53 113 1
a 12 113 109 0
a 12 49 109 1
a 12 109 112 0
a 12 52 112 1
a 12 112 116 0
a 12 56 116 1
a 12 116 118 0
a 12 58 118 1
a 12 118 96 0
a 12 36 96 1
a 12 96 117 0
a 12 57 117 1
a 12 117 115 0
a 12 55 115 1
a 12 115 121 0
a 13 120 5 0
a 13 5 18 0
a 13 18 9 0
a 13 9 8 0
a 13 8 0 0
a 13 0 21 0
a 13 21 68 0
a 13 8 68 1
a 13 68 60 0
a 13 0 60 1
a 13 60 44 0
a 13 44 78 0
a 13 18 78 1
a 13 78 65 0
a 13 5 65 1
a 13 65 17 0
a 13 17 69 0
a 13 9 69 1
a 13 69 7 0
a 13 7 38 0
a 13 38 42 0
a 13 42 81 0
a 13 21 81 1
a 13 81 13 0
a 13 13 12 0
a 13 12 30 0
a 13 30 67 0
a 13 7 67 1
a 13 67 73 0
a 13 13 73 1
a 13 73 104 0
a 13 44 104 1
a 13 104 72 0
a 13 12 72 1
a 13 72 49 0
a 13 49 52 0
a 13 52 36 0
a 13 36 15 0
a 13 15 20 0
a 13 20 102 0
a 13 42 102 1
a 13 102 77 0
a 13 17 77 1
a 13 77 98 0
a 13 38 98 1
a 13 98 90 0
a 13 30 90 1
a 13 90 33 0
a 13 33 57 0
a 13 57 45 0
a 13 45 43 0
a 13 43 93 0
a 13 33 93 1
a 13 93 109 0
a 13 49 109 1
a 13 109 112 0
a 13 52 112 1
a 13 112 105 0
a 13 45 105 1
a 13 105 80 0
a 13 20 80 1
a 13 80 96 0
a 13 36 96 1
a 13 96 103 0
a 13 43 103 1
a 13 103 75 0
a 13 15 75 1
a 13 75 117 0
a 13 57 117 1
a 13 117 121 0
a 14 120 9 0
a 14 9 18 0
a 14 18 29 0
a 14 29 10 0
a 14 10 32 0
a 14 32 11 0
a 14 11 0 0
a 14 0 2 0
a 14 2 24 0
a 14 24 1 0
a 14 1 89 0
a 14 29 89 1
a 14 89 92 0
a 14 32 92 1
a 14 92 60 0
a 14 0 60 1
a 14 60 37 0
a 14 37 47 0
a 14 47 71 0
a 14 11 71 1
a 14 71 78 0
a 14 18 78 1
a 14 78 84 0
a 14 24 84 1
a 14 84 17 0
a 14 17 62 0
a 14 2 62 1
a 14 62 69 0
a 14 9 69 1
a 14 69 28 0
a 14 28 70 0
a 14 10 70 1
a 14 70 25 0
a 14 25 61 0
a 14 1 61 1
a 14 61 19 0
a 14 19 41 0
a 14 41 88 0
a 14 28 88 1
a 14 88 55 0
a 14 55 107 0
a 14 47 107 1
a 14 107 59 0
a 14 59 54 0
a 14 54 79 0
a 14 19 79 1
a 14 79 97 0
a 14 37 97 1
a 14 97 20 0
a 14 20 85 0
a 14 25 85 1
a 14 85 77 0
a 14 17 77 1
a 14 77 45 0
a 14 45 101 0
a 14 41 101 1
a 14 101 56 0
a 14 56 51 0
a 14 51 119 0
a 14 59 119 1
a 14 119 114 0
a 14 54 114 1
a 14 114 105 0
a 14 45 105 1
a 14 105 116 0
a 14 56 116 1
a 14 116 80 0
a 14 20 80 1
a 14 80 115 0
a 14 55 115 1
a 14 115 111 0
a 14 51 111 1
a 14 111 121 0
a 15 120 32 0
a 15 32 6 0
a 15 6 14 0
a 15 14 31 0
a 15 31 91 0
a 15 31 122 1
a 15 122 91 0
a 15 91 92 0
a 15 32 92 1
a 15 92 39 0
a 15 39 37 0
a 15 37 17 0
a 15 17 50 0
a 15 50 74 0
a 15 14 74 1
a 15 74 42 0
a 15 42 66 0
a 15 6 66 1
a 15 66 53 0
a 15 53 49 0
a 15 49 99 0
a 15 39 99 1
a 15 99 59 0
a 15 59 110 0
a 15 50 110 1
a 15 110 97 0
a 15 37 97 1
a 15 97 46 0
a 15 46 36 0
a 15 36 102 0
a 15 42 102 1
a 15 102 77 0
a 15 17 77 1
a 15 77 33 0
a 15 33 56 0
a 15 56 119 0
a 15 59 119 1
a 15 119 93 0
a 15 33 93 1
a 15 93 113 0
a 15 53 113 1
a 15 113 109 0
a 15 49 109 1
a 15 109 116 0
a 15 56 116 1
a 15 116 106 0
a 15 46 106 1
a 15 106 96 0
a 15 36 96 1
a 15 96 121 0
a 16 120 5 0
a 16 5 9 0
a 16 9 18 0
a 16 18 8 0
a 16 8 14 0
a 16 14 6 0
a 16 6 2 0
a 16 2 1 0
a 16 1 21 0
a 16 21 68 0
a 16 8 68 1
a 16 68 40 0
a 16 40 78 0
a 16 18 78 1
a 16 78 65 0
a 16 5 65 1
a 16 65 62 0
a 16 2 62 1
a 16 62 69 0
a 16 9 69 1
a 16 69 28 0
a 16 28 50 0
a 16 50 74 0
a 16 14 74 1
a 16 74 7 0
a 16 7 38 0
a 16 38 42 0
a 16 42 22 0
a 16 22 81 0
a 16 21 81 1
a 16 81 13 0
a 16 13 25 0
a 16 25 27 0
a 16 27 30 0
a 16 30 61 0
a 16 1 61 1
a 16 61 66 0
a 16 6 66 1
a 16 66 82 0
a 16 22 82 1
a 16 82 67 0
a 16 7 67 1
a 16 67 73 0
a 16 13 73 1
a 16 73 100 0
a 16 40 100 1
a 16 100 88 0
a 16 28 88 1
a 16 88 55 0
a 16 55 53 0
a 16 53 49 0
a 16 49 59 0
a 16 59 110 0
a 16 50 110 1
a 16 110 35 0
a 16 35 85 0
a 16 25 85 1
a 16 85 102 0
a 16 42 102 1
a 16 102 98 0
a 16 38 98 1
a 16 98 90 0
a 16 30 90 1
a 16 90 87 0
a 16 27 87 1
a 16 87 33 0
a 16 33 57 0
a 16 57 45 0
a 16 45 56 0
a 16 56 119 0
a 16 59 119 1
a 16 119 93 0
a 16 33 93 1
a 16 93 113 0
a 16 53 113 1
a 16 113 109 0
a 16 49 109 1
a 16 109 105 0
a 16 45 105 1
a 16 105 116 0
a 16 56 116 1
a 16 116 95 0
a 16 35 95 1
a 16 95 117 0
a 16 57 117 1
a 16 117 115 0
a 16 55 115 1
a 16 115 121 0
a 17 120 5 0
a 17 5 9 0
a 17 9 8 0
a 17 8 10 0
a 17 10 2 0
a 17 2 24 0
a 17 24 31 0
a 17 31 1 0
a 17 1 16 0
a 17 16 21 0
a 17 21 68 0
a 17 8 68 1
a 17 68 91 0
a 17 31 91 1
a 17 91 39 0
a 17 39 47 0
a 17 47 65 0
a 17 5 65 1
a 17 65 84 0
a 17 24 84 1
a 17 84 17 0
a 17 17 62 0
a 17 2 62 1
a 17 62 69 0
a 17 9 69 1
a 17 69 50 0
a 17 50 70 0
a 17 10 70 1
a 17 70 76 0
a 17 16 76 1
a 17 76 22 0
a 17 22 81 0
a 17 21 81 1
a 17 81 61 0
a 17 1 61 1
a 17 61 19 0
a 17 19 34 0
a 17 34 82 0
a 17 22 82 1
a 17 82 55 0
a 17 55 49 0
a 17 49 99 0
a 17 39 99 1
a 17 99 107 0
a 17 47 107 1
a 17 107 59 0
a 17 59 110 0
a 17 50 110 1
a 17 110 79 0
a 17 19 79 1
a 17 79 20 0
a 17 20 77 0
a 17 17 77 1
a 17 77 23 0
a 17 23 94 0
a 17 34 94 1
a 17 94 57 0
a 17 57 45 0
a 17 45 56 0
a 17 56 119 0
a 17 59 119 1
a 17 119 109 0
a 17 49 109 1
a 17 109 105 0
a 17 45 105 1
a 17 105 116 0
a 17 56 116 1
a 17 116 80 0
a 17 20 80 1
a 17 80 83 0
a 17 23 83 1
a 17 83 117 0
a 17 57 117 1
a 17 117 115 0
a 17 55 115 1
a 17 115 121 0
a 18 120 5 0
a 18 5 18 0
a 18 18 8 0
a 18 8 29 0
a 18 29 10 0
a 18 10 6 0
a 18 6 2 0
a 18 2 26 0
a 18 26 89 0
a 18 29 89 1
a 18 89 68 0
a 18 8 68 1
a 18 68 44 0
a 18 44 37 0
a 18 37 78 0
a 18 18 78 1
a 18 78 65 0
a 18 5 65 1
a 18 65 17 0
a 18 17 62 0
a 18 2 62 1
a 18 62 38 0
a 18 38 42 0
a 18 42 70 0
a 18 10 70 1
a 18 70 86 0
a 18 26 86 1
a 18 86 66 0
a 18 6 66 1
a 18 66 34 0
a 18 34 41 0
a 18 41 104 0
a 18 44 104 1
a 18 104 52 0
a 18 52 97 0
a 18 37 97 1
a 18 97 36 0
a 18 36 102 0
a 18 42 102 1
a 18 102 77 0
a 18 17 77 1
a 18 77 98 0
a 18 38 98 1
a 18 98 23 0
a 18 23 33 0
a 18 33 94 0
a 18 34 94 1
a 18 94 57 0
a 18 57 48 0
a 18 48 45 0
a 18 45 43 0
a 18 43 101 0
a 18 41 101 1
a 18 101 93 0
a 18 33 93 1
a 18 93 112 0
a 18 52 112 1
a 18 112 105 0
a 18 45 105 1
a 18 105 83 0
a 18 23 83 1
a 18 83 96 0
a 18 36 96 1
a 18 96 103 0
a 18 43 103 1
a 18 103 117 0
a 18 57 117 1
a 18 117 108 0
a 18 48 108 1
a 18 108 121 0
a 19 120 5 0
a 19 5 9 0
a 19 9 18 0
a 19 18 26 0
a 19 26 21 0
a 19 21 37 0
a 19 37 47 0
a 19 47 78 0
a 19 18 78 1
a 19 78 65 0
a 19 5 65 1
a 19 65 17 0
a 19 17 69 0
a 19 9 69 1
a 19 69 28 0
a 19 28 50 0
a 19 50 7 0
a 19 7 38 0
a 19 38 86 0
a 19 26 86 1
a 19 86 81 0
a 19 21 81 1
a 19 81 13 0
a 19 13 30 0
a 19 30 34 0
a 19 34 41 0
a 19 41 67 0
a 19 7 67 1
a 19 67 73 0
a 19 13 73 1
a 19 73 88 0
a 19 28 88 1
a 19 88 55 0
a 19 55 53 0
a 19 53 52 0
a 19 52 107 0
a 19 47 107 1
a 19 107 110 0
a 19 50 110 1
a 19 110 97 0
a 19 37 97 1
a 19 97 77 0
a 19 17 77 1
a 19 77 98 0
a 19 38 98 1
a 19 98 90 0
a 19 30 90 1
a 19 90 94 0
a 19 34 94 1
a 19 94 45 0
a 19 45 101 0
a 19 41 101 1
a 19 101 113 0
a 19 53 113 1
a 19 113 112 0
a 19 52 112 1
a 19 112 105 0
a 19 45 105 1
a 19 105 115 0
a 19 55 115 1
a 19 115 121 0
a 20 120 32 0
a 20 32 6 0
a 20 6 14 0
a 20 14 26 0
a 20 26 92 0
a 20 32 92 1
a 20 92 47 0
a 20 47 37 0
a 20 37 28 0
a 20 28 74 0
a 20 14 74 1
a 20 74 86 0
a 20 26 86 1
a 20 86 27 0
a 20 27 19 0
a 20 19 66 0
a 20 6 66 1
a 20 66 88 0
a 20 28 88 1
a 20 88 55 0
a 20 55 53 0
a 20 53 107 0
a 20 47 107 1
a 20 107 54 0
a 20 54 79 0
a 20 19 79 1
a 20 79 97 0
a 20 37 97 1
a 20 97 46 0
a 20 46 36 0
a 20 36 20 0
a 20 20 87 0
a 20 27 87 1
a 20 87 57 0
a 20 57 56 0
a 20 56 114 0
a 20 54 114 1
a 20 114 113 0
a 20 53 113 1
a 20 113 116 0
a 20 56 116 1
a 20 116 106 0
a 20 46 106 1
a 20 106 80 0
a 20 20 80 1
a 20 80 96 0
a 20 36 96 1
a 20 96 117 0
a 20 57 117 1
a 20 117 115 0
a 20 55 115 1
a 20 115 121 0
a 21 120 5 0
a 21 5 8 0
a 21 8 29 0
a 21 29 10 0
a 21 10 11 0
a 21 11 1 0
a 21 1 89 0
a 21 29 89 1
a 21 89 68 0
a 21 8 68 1
a 21 68 71 0
a 21 11 71 1
a 21 71 65 0
a 21 5 65 1
a 21 65 50 0
a 21 50 42 0
a 21 42 70 0
a 21 10 70 1
a 21 70 22 0
a 21 22 27 0
a 21 27 30 0
a 21 30 61 0
a 21 1 61 1
a 21 61 34 0
a 21 34 82 0
a 21 22 82 1
a 21 82 55 0
a 21 55 110 0
a 21 50 110 1
a 21 110 36 0
a 21 36 102 0
a 21 42 102 1
a 21 102 90 0
a 21 30 90 1
a 21 90 87 0
a 21 27 87 1
a 21 87 23 0
a 21 23 94 0
a 21 34 94 1
a 21 94 51 0
a 21 51 83 0
a 21 23 83 1
a 21 83 96 0
a 21 36 96 1
a 21 96 115 0
a 21 55 115 1
a 21 115 111 0
a 21 51 111 1
a 21 111 121 0
a 22 120 29 0
a 22 29 10 0
a 22 10 6 0
a 22 6 11 0
a 22 11 0 0
a 22 0 2 0
a 22 2 31 0
a 22 31 1 0
a 22 1 16 0
a 22 16 89 0
a 22 29 89 1
a 22 89 91 0
a 22 31 91 1
a 22 91 60 0
a 22 0 60 1
a 22 60 40 0
a 22 40 39 0
a 22 39 47 0
a 22 47 71 0
a 22 11 71 1
a 22 71 17 0
a 22 17 62 0
a 22 2 62 1
a 22 62 28 0
a 22 28 76 0
a 22 16 76 1
a 22 76 70 0
a 22 10 70 1
a 22 70 22 0
a 22 22 12 0
a 22 12 25 0
a 22 25 61 0
a 22 1 61 1
a 22 61 66 0
a 22 6 66 1
a 22 66 34 0
a 22 34 41 0
a 22 41 82 0
a 22 22 82 1
a 22 82 100 0
a 22 40 100 1
a 22 100 88 0
a 22 28 88 1
a 22 88 72 0
a 22 12 72 1
a 22 72 49 0
a 22 49 99 0
a 22 39 99 1
a 22 99 107 0
a 22 47 107 1
a 22 107 54 0
a 22 54 15 0
a 22 15 20 0
a 22 20 85 0
a 22 25 85 1
a 22 85 77 0
a 22 17 77 1
a 22 77 33 0
a 22 33 94 0
a 22 34 94 1
a 22 94 48 0
a 22 48 43 0
a 22 43 101 0
a 22 41 101 1
a 22 101 93 0
a 22 33 93 1
a 22 93 114 0
a 22 54 114 1
a 22 114 109 0
a 22 49 109 1
a 22 109 80 0
a 22 20 80 1
a 22 80 103 0
a 22 43 103 1
a 22 103 75 0
a 22 15 75 1
a 22 75 108 0
a 22 48 108 1
a 22 108 121 0
a 23 120 9 0
a 23 9 18 0
a 23 18 8 0
a 23 8 29 0
a 23 29 10 0
a 23 10 14 0
a 23 14 0 0
a 23 0 1 0
a 23 1 26 0
a 23 26 16 0
a 23 16 89 0
a 23 29 89 1
a 23 89 68 0
a 23 8 68 1
a 23 68 60 0
a 23 0 60 1
a 23 60 44 0
a 23 44 39 0
a 23 39 78 0
a 23 18 78 1
a 23 78 69 0
a 23 9 69 1
a 23 69 50 0
a 23 50 74 0
a 23 14 74 1
a 23 74 42 0
a 23 42 76 0
a 23 16 76 1
a 23 76 70 0
a 23 10 70 1
a 23 70 86 0
a 23 26 86 1
a 23 86 22 0
a 23 22 30 0
a 23 30 61 0
a 23 1 61 1
a 23 61 19 0
a 23 19 82 0
a 23 22 82 1
a 23 82 104 0
a 23 44 104 1
a 23 104 55 0
a 23 55 49 0
a 23 49 99 0
a 23 39 99 1
a 23 99 59 0
a 23 59 110 0
a 23 50 110 1
a 23 110 79 0
a 23 19 79 1
a 23 79 36 0
a 23 36 58 0
a 23 58 102 0
a 23 42 102 1
a 23 102 90 0
a 23 30 90 1
a 23 90 23 0
a 23 23 33 0
a 23 33 48 0
a 23 48 56 0
a 23 56 51 0
a 23 51 119 0
a 23 59 119 1
a 23 119 93 0
a 23 33 93 1
a 23 93 109 0
a 23 49 109 1
a 23 109 116 0
a 23 56 116 1
a 23 116 83 0
a 23 23 83 1
a 23 83 118 0
a 23 58 118 1
a 23 118 96 0
a 23 36 96 1
a 23 96 115 0
a 23 55 115 1
a 23 115 111 0
a 23 51 111 1
a 23 111 108 0
a 23 48 108 1
a 23 108 121 0
a 24 120 5 0
a 24 5 18 0
a 24 18 32 0
a 24 32 24 0
a 24 24 92 0
a 24 32 92 1
a 24 92 44 0
a 24 44 37 0
a 24 37 78 0
a 24 18 78 1
a 24 78 65 0
a 24 5 65 1
a 24 65 84 0
a 24 24 84 1
a 24 84 22 0
a 24 22 25 0
a 24 25 34 0
a 24 34 82 0
a 24 22 82 1
a 24 82 104 0
a 24 44 104 1
a 24 104 49 0
a 24 49 59 0
a 24 59 97 0
a 24 37 97 1
a 24 97 35 0
a 24 35 85 0
a 24 25 85 1
a 24 85 33 0
a 24 33 94 0
a 24 34 94 1
a 24 94 57 0
a 24 57 56 0
a 24 56 51 0
a 24 51 119 0
a 24 59 119 1
a 24 119 93 0
a 24 33 93 1
a 24 93 109 0
a 24 49 109 1
a 24 109 116 0
a 24 56 116 1
a 24 116 95 0
a 24 35 95 1
a 24 95 117 0
a 24 57 117 1
a 24 117 111 0
a 24 51 111 1
a 24 111 121 0
