c Shift Minimisation Personnel Task Scheduling Problem (SMPTSP)
c data_11_24_119_33
c
c problem jobs shifts
p smptsp 119 24
c
c job start finish 
c 0 8 205
c 1 19 254
c 2 25 228
c 3 13 180
c 4 260 462
c 5 228 475
c 6 2 220
c 7 14 212
c 8 5 194
c 9 0 187
c 10 195 431
c 11 440 659
c 12 5 247
c 13 188 438
c 14 507 723
c 15 0 244
c 16 267 520
c 17 4 252
c 18 32 256
c 19 265 501
c 20 555 790
c 21 249 456
c 22 10 230
c 23 18 210
c 24 257 434
c 25 439 732
c 26 249 485
c 27 519 721
c 28 750 1006
c 29 16 235
c 30 20 209
c 31 441 636
c 32 484 763
c 33 252 455
c 34 662 924
c 35 274 537
c 36 228 398
c 37 223 454
c 38 767 1025
c 39 259 480
c 40 508 714
c 41 1030 1188
c 42 488 707
c 43 236 484
c 44 952 1156
c 45 18 287
c 46 792 1002
c 47 585 753
c 48 741 971
c 49 977 1191
c 50 1 245
c 51 46 271
c 52 258 431
c 53 479 740
c 54 1182 1373
c 55 1 230
c 56 827 1042
c 57 496 691
c 58 472 679
c 59 1055 1256
c 60 336 513
c 61 495 747
c 62 258 455
c 63 1206 1396
c 64 771 1032
c 65 271 467
c 66 744 910
c 67 487 765
c 68 471 682
c 69 697 924
c 70 932 1168
c 71 239 438
c 72 781 1027
c 73 398 603
c 74 703 926
c 75 1241 1431
c 76 634 875
c 77 863 1078
c 78 765 1006
c 79 682 959
c 80 1027 1216
c 81 1033 1238
c 82 954 1235
c 83 682 903
c 84 491 780
c 85 1239 1418
c 86 1201 1401
c 87 1031 1209
c 88 1220 1429
c 89 886 1106
c 90 960 1168
c 91 927 1104
c 92 1231 1387
c 93 1243 1434
c 94 451 665
c 95 678 860
c 96 781 961
c 97 961 1173
c 98 734 1002
c 99 1105 1306
c 100 1175 1421
c 101 1128 1394
c 102 513 736
c 103 1209 1437
c 104 880 1128
c 105 1063 1228
c 106 1245 1435
c 107 1003 1181
c 108 743 988
c 109 936 1129
c 110 1148 1416
c 111 1257 1411
c 112 1000 1207
c 113 1014 1206
c 114 1187 1413
c 115 1148 1416
c 116 1135 1427
c 117 1258 1430
c 118 1229 1424
c
c shift cost source target num_qualifications qualifications
k 0 1 238 239 37 8 16 20 56 59 111 6 11 12 19 24 26 30 33 44 45 47 48 54 57 68 71 73 74 75 76 79 86 87 89 92 95 103 105 116 117 118
k 1 1 238 239 46 1 4 14 28 80 92 2 5 7 9 12 13 15 17 20 23 24 32 37 39 40 46 50 51 52 53 54 57 60 62 69 70 74 75 79 82 84 89 97 99 103 106 107 109 111 114
k 2 1 238 239 41 6 19 27 38 41 63 2 4 7 8 10 14 17 23 30 33 36 37 42 44 45 50 62 66 67 68 69 71 76 78 79 87 90 91 93 99 100 103 108 116 118
k 3 1 238 239 36 2 26 42 64 105 106 6 23 27 39 44 46 47 51 54 56 57 61 62 68 71 72 79 82 87 91 93 95 96 100 107 109 111 112 113 117
k 4 1 238 239 38 29 33 53 66 70 75 5 7 13 18 24 28 30 37 39 45 49 51 52 57 59 62 64 67 68 73 83 85 86 89 93 95 97 101 108 111 114 116
k 5 1 238 239 54 3 10 11 34 44 54 2 4 8 9 12 13 19 20 23 24 25 33 37 38 39 45 46 47 48 49 51 52 53 57 58 59 63 64 65 68 75 76 77 78 82 84 85 88 89 90 96 97 100 103 105 106 110 118
k 6 1 238 239 44 22 35 47 78 81 93 3 4 9 10 13 16 23 24 28 38 40 42 44 45 52 55 56 58 62 63 68 74 80 84 85 88 95 96 97 101 102 103 107 113 115 116 117 118
k 7 1 238 239 57 23 36 73 76 89 101 2 5 6 7 8 12 14 15 18 21 22 27 28 30 32 33 38 40 42 43 46 47 48 49 50 51 54 55 60 62 64 68 70 71 75 82 84 85 87 88 91 94 100 102 104 106 110 111 112 114 116
k 8 1 238 239 34 12 39 40 98 113 117 3 9 10 16 19 20 21 23 35 37 46 48 49 50 52 62 64 68 82 91 94 95 108 110 111 114 115 118
k 9 1 238 239 39 50 52 58 83 109 115 0 1 7 8 19 23 25 26 29 32 34 40 42 43 44 46 54 59 61 63 71 76 78 81 88 89 91 97 99 101 108 111 117
k 10 1 238 239 49 15 21 57 74 91 110 0 2 4 8 9 10 11 16 17 20 22 23 26 31 34 39 41 42 43 44 45 46 48 49 52 54 55 58 60 66 71 77 79 83 84 87 88 98 100 106 108 111 114
k 11 1 238 239 40 45 60 102 108 112 118 0 1 6 7 8 17 24 27 29 32 34 36 38 39 49 50 51 54 59 61 68 75 79 81 82 84 86 92 99 106 109 110 113 117
k 12 1 238 239 50 18 24 31 79 90 100 1 2 7 8 9 10 12 13 17 19 20 21 27 30 33 34 36 43 54 55 59 60 61 63 64 65 67 68 71 72 77 83 84 85 86 89 94 97 99 102 106 110 113 114
k 13 1 238 239 44 51 65 67 72 87 88 0 3 6 9 24 25 27 30 32 34 40 42 45 46 47 50 52 53 54 59 60 62 64 71 73 74 78 79 82 86 90 91 96 98 104 107 108 115
k 14 1 238 239 37 0 5 32 46 107 114 2 3 7 8 11 15 16 17 21 24 28 43 49 50 51 57 58 60 63 68 70 72 74 80 82 84 89 93 94 108 118
k 15 1 238 239 41 17 62 68 69 82 85 4 10 16 18 19 30 36 38 39 40 43 56 60 70 71 73 74 77 79 80 84 89 91 92 93 96 98 99 100 101 107 109 110 111 113
k 16 1 238 239 42 7 43 84 96 97 103 0 5 6 15 21 25 30 34 36 38 41 42 46 47 49 53 55 62 64 69 70 71 72 82 85 86 87 88 92 102 106 107 108 115 117 118
k 17 1 238 239 41 55 71 94 95 104 116 5 17 19 20 21 24 25 29 32 34 38 39 41 46 47 50 60 66 68 69 72 76 78 83 88 92 93 96 100 106 109 110 112 115 117
k 18 1 238 239 42 9 13 25 48 49 86 1 11 17 18 20 21 27 28 32 34 36 41 57 59 61 64 66 67 72 73 75 78 79 85 88 93 94 95 104 105 106 109 110 116 117 118
k 19 1 238 239 41 30 37 61 77 99 0 1 4 5 10 12 15 16 19 20 26 32 33 34 35 39 50 53 57 58 59 64 67 69 74 75 81 82 89 97 100 107 108 112 115 116
k 20 1 238 239 57 70 115 0 77 26 3 6 98 16 25 88 15 89 104 54 12 47 93 48 20 27 8 69 116 14 90 87 24 41 75 118 101 19 60 117 76 114 78 91 1 57 52 96 102 55 68 103 36 95 97 83 51 13 109 99 38 32
k 21 1 238 239 36 69 28 108 64 106 72 57 35 115 34 9 52 50 77 36 78 53 11 56 8 0 51 4 96 49 23 76 21 62 90 81 89 59 33 93 94
k 22 1 238 239 35 29 118 94 81 50 53 109 0 97 111 47 106 43 38 115 20 78 10 87 99 63 77 71 25 107 84 62 91 80 17 45 2 61 26 112
k 23 1 238 239 53 39 18 40 17 10 83 46 116 103 6 117 72 105 62 21 57 87 50 36 44 112 108 85 75 61 93 1 63 35 27 48 66 88 37 2 34 19 8 33 82 104 86 45 25 70 89 9 60 47 77 56 96 95
c
c graph source target is_shift
a 0 238 6 0
a 0 6 8 0
a 0 8 12 0
a 0 12 45 0
a 0 45 30 0
a 0 30 127 0
a 0 8 127 1
a 0 127 149 0
a 0 30 149 1
a 0 149 125 0
a 0 6 125 1
a 0 125 71 0
a 0 71 131 0
a 0 12 131 1
a 0 131 26 0
a 0 26 33 0
a 0 33 24 0
a 0 24 19 0
a 0 19 16 0
a 0 16 164 0
a 0 45 164 1
a 0 164 73 0
a 0 73 143 0
a 0 24 143 1
a 0 143 190 0
a 0 71 190 1
a 0 190 11 0
a 0 11 152 0
a 0 33 152 1
a 0 152 68 0
a 0 68 145 0
a 0 26 145 1
a 0 145 57 0
a 0 57 138 0
a 0 19 138 1
a 0 138 135 0
a 0 16 135 1
a 0 135 20 0
a 0 20 47 0
a 0 47 192 0
a 0 73 192 1
a 0 192 76 0
a 0 76 130 0
a 0 11 130 1
a 0 130 95 0
a 0 95 79 0
a 0 79 187 0
a 0 68 187 1
a 0 187 176 0
a 0 57 176 1
a 0 176 74 0
a 0 74 48 0
a 0 48 166 0
a 0 47 166 1
a 0 166 139 0
a 0 20 139 1
a 0 139 56 0
a 0 56 214 0
a 0 95 214 1
a 0 214 195 0
a 0 76 195 1
a 0 195 89 0
a 0 89 193 0
a 0 74 193 1
a 0 193 44 0
a 0 44 198 0
a 0 79 198 1
a 0 198 167 0
a 0 48 167 1
a 0 167 87 0
a 0 87 175 0
a 0 56 175 1
a 0 175 59 0
a 0 59 105 0
a 0 105 208 0
a 0 89 208 1
a 0 208 116 0
a 0 116 163 0
a 0 44 163 1
a 0 163 54 0
a 0 54 86 0
a 0 86 103 0
a 0 103 206 0
a 0 87 206 1
a 0 206 224 0
a 0 105 224 1
a 0 224 118 0
a 0 118 92 0
a 0 92 75 0
a 0 75 178 0
a 0 59 178 1
a 0 178 111 0
a 0 111 117 0
a 0 117 173 0
a 0 54 173 1
a 0 173 211 0
a 0 92 211 1
a 0 211 205 0
a 0 86 205 1
a 0 205 230 0
a 0 111 230 1
a 0 230 237 0
a 0 118 237 1
a 0 237 235 0
a 0 116 235 1
a 0 235 236 0
a 0 117 236 1
a 0 236 194 0
a 0 75 194 1
a 0 194 222 0
a 0 103 222 1
a 0 222 239 0
a 1 238 9 0
a 1 9 15 0
a 1 15 50 0
a 1 50 17 0
a 1 17 12 0
a 1 12 7 0
a 1 7 23 0
a 1 23 1 0
a 1 1 2 0
a 1 2 51 0
a 1 51 128 0
a 1 9 128 1
a 1 128 13 0
a 1 13 142 0
a 1 23 142 1
a 1 142 126 0
a 1 7 126 1
a 1 126 37 0
a 1 37 5 0
a 1 5 121 0
a 1 2 121 1
a 1 121 134 0
a 1 15 134 1
a 1 134 169 0
a 1 50 169 1
a 1 169 131 0
a 1 12 131 1
a 1 131 136 0
a 1 17 136 1
a 1 136 120 0
a 1 1 120 1
a 1 120 24 0
a 1 24 52 0
a 1 52 62 0
a 1 62 39 0
a 1 39 4 0
a 1 4 170 0
a 1 51 170 1
a 1 170 60 0
a 1 60 171 0
a 1 52 171 1
a 1 171 143 0
a 1 24 143 1
a 1 143 132 0
a 1 13 132 1
a 1 132 156 0
a 1 37 156 1
a 1 156 181 0
a 1 62 181 1
a 1 181 123 0
a 1 4 123 1
a 1 123 124 0
a 1 5 124 1
a 1 124 53 0
a 1 53 158 0
a 1 39 158 1
a 1 158 32 0
a 1 32 84 0
a 1 84 57 0
a 1 57 14 0
a 1 14 40 0
a 1 40 179 0
a 1 60 179 1
a 1 179 20 0
a 1 20 79 0
a 1 79 176 0
a 1 57 176 1
a 1 176 69 0
a 1 69 74 0
a 1 74 159 0
a 1 40 159 1
a 1 159 133 0
a 1 14 133 1
a 1 133 172 0
a 1 53 172 1
a 1 172 28 0
a 1 28 151 0
a 1 32 151 1
a 1 151 203 0
a 1 84 203 1
a 1 203 139 0
a 1 20 139 1
a 1 139 46 0
a 1 46 89 0
a 1 89 188 0
a 1 69 188 1
a 1 188 193 0
a 1 74 193 1
a 1 193 70 0
a 1 70 109 0
a 1 109 82 0
a 1 82 198 0
a 1 79 198 1
a 1 198 97 0
a 1 97 165 0
a 1 46 165 1
a 1 165 107 0
a 1 107 147 0
a 1 28 147 1
a 1 147 80 0
a 1 80 99 0
a 1 99 208 0
a 1 89 208 1
a 1 208 228 0
a 1 109 228 1
a 1 228 189 0
a 1 70 189 1
a 1 189 216 0
a 1 97 216 1
a 1 216 226 0
a 1 107 226 1
a 1 226 54 0
a 1 54 114 0
a 1 114 103 0
a 1 103 199 0
a 1 80 199 1
a 1 199 92 0
a 1 92 201 0
a 1 82 201 1
a 1 201 75 0
a 1 75 106 0
a 1 106 111 0
a 1 111 218 0
a 1 99 218 1
a 1 218 173 0
a 1 54 173 1
a 1 173 211 0
a 1 92 211 1
a 1 211 230 0
a 1 111 230 1
a 1 230 233 0
a 1 114 233 1
a 1 233 194 0
a 1 75 194 1
a 1 194 225 0
a 1 106 225 1
a 1 225 222 0
a 1 103 222 1
a 1 222 239 0
a 2 238 50 0
a 2 50 6 0
a 2 6 17 0
a 2 17 8 0
a 2 8 7 0
a 2 7 23 0
a 2 23 45 0
a 2 45 30 0
a 2 30 2 0
a 2 2 127 0
a 2 8 127 1
a 2 127 10 0
a 2 10 149 0
a 2 30 149 1
a 2 149 142 0
a 2 23 142 1
a 2 142 126 0
a 2 7 126 1
a 2 126 125 0
a 2 6 125 1
a 2 125 37 0
a 2 37 36 0
a 2 36 121 0
a 2 2 121 1
a 2 121 71 0
a 2 71 169 0
a 2 50 169 1
a 2 169 33 0
a 2 33 136 0
a 2 17 136 1
a 2 136 62 0
a 2 62 4 0
a 2 4 19 0
a 2 19 164 0
a 2 45 164 1
a 2 164 155 0
a 2 36 155 1
a 2 155 129 0
a 2 10 129 1
a 2 129 190 0
a 2 71 190 1
a 2 190 156 0
a 2 37 156 1
a 2 156 152 0
a 2 33 152 1
a 2 152 181 0
a 2 62 181 1
a 2 181 123 0
a 2 4 123 1
a 2 123 68 0
a 2 68 67 0
a 2 67 42 0
a 2 42 138 0
a 2 19 138 1
a 2 138 14 0
a 2 14 27 0
a 2 27 76 0
a 2 76 79 0
a 2 79 187 0
a 2 68 187 1
a 2 187 69 0
a 2 69 161 0
a 2 42 161 1
a 2 161 146 0
a 2 27 146 1
a 2 146 133 0
a 2 14 133 1
a 2 133 108 0
a 2 108 66 0
a 2 66 78 0
a 2 78 186 0
a 2 67 186 1
a 2 186 38 0
a 2 38 195 0
a 2 76 195 1
a 2 195 185 0
a 2 66 185 1
a 2 185 188 0
a 2 69 188 1
a 2 188 91 0
a 2 91 44 0
a 2 44 198 0
a 2 79 198 1
a 2 198 90 0
a 2 90 227 0
a 2 108 227 1
a 2 227 197 0
a 2 78 197 1
a 2 197 157 0
a 2 38 157 1
a 2 157 41 0
a 2 41 87 0
a 2 87 210 0
a 2 91 210 1
a 2 210 99 0
a 2 99 116 0
a 2 116 163 0
a 2 44 163 1
a 2 163 209 0
a 2 90 209 1
a 2 209 100 0
a 2 100 160 0
a 2 41 160 1
a 2 160 63 0
a 2 63 103 0
a 2 103 206 0
a 2 87 206 1
a 2 206 118 0
a 2 118 93 0
a 2 93 218 0
a 2 99 218 1
a 2 218 182 0
a 2 63 182 1
a 2 182 219 0
a 2 100 219 1
a 2 219 237 0
a 2 118 237 1
a 2 237 235 0
a 2 116 235 1
a 2 235 212 0
a 2 93 212 1
a 2 212 222 0
a 2 103 222 1
a 2 222 239 0
a 3 238 6 0
a 3 6 23 0
a 3 23 2 0
a 3 2 51 0
a 3 51 142 0
a 3 23 142 1
a 3 142 125 0
a 3 6 125 1
a 3 125 121 0
a 3 2 121 1
a 3 121 71 0
a 3 71 26 0
a 3 26 62 0
a 3 62 39 0
a 3 39 170 0
a 3 51 170 1
a 3 170 190 0
a 3 71 190 1
a 3 190 181 0
a 3 62 181 1
a 3 181 68 0
a 3 68 158 0
a 3 39 158 1
a 3 158 145 0
a 3 26 145 1
a 3 145 42 0
a 3 42 61 0
a 3 61 57 0
a 3 57 27 0
a 3 27 47 0
a 3 47 95 0
a 3 95 79 0
a 3 79 187 0
a 3 68 187 1
a 3 187 176 0
a 3 57 176 1
a 3 176 161 0
a 3 42 161 1
a 3 161 146 0
a 3 27 146 1
a 3 146 180 0
a 3 61 180 1
a 3 180 166 0
a 3 47 166 1
a 3 166 64 0
a 3 64 72 0
a 3 72 96 0
a 3 96 46 0
a 3 46 56 0
a 3 56 214 0
a 3 95 214 1
a 3 214 91 0
a 3 91 109 0
a 3 109 44 0
a 3 44 82 0
a 3 82 198 0
a 3 79 198 1
a 3 198 215 0
a 3 96 215 1
a 3 215 112 0
a 3 112 165 0
a 3 46 165 1
a 3 165 107 0
a 3 107 113 0
a 3 113 191 0
a 3 72 191 1
a 3 191 87 0
a 3 87 183 0
a 3 64 183 1
a 3 183 175 0
a 3 56 175 1
a 3 175 105 0
a 3 105 210 0
a 3 91 210 1
a 3 210 228 0
a 3 109 228 1
a 3 228 163 0
a 3 44 163 1
a 3 163 100 0
a 3 100 226 0
a 3 107 226 1
a 3 226 54 0
a 3 54 232 0
a 3 113 232 1
a 3 232 231 0
a 3 112 231 1
a 3 231 206 0
a 3 87 206 1
a 3 206 224 0
a 3 105 224 1
a 3 224 201 0
a 3 82 201 1
a 3 201 93 0
a 3 93 106 0
a 3 106 111 0
a 3 111 117 0
a 3 117 173 0
a 3 54 173 1
a 3 173 230 0
a 3 111 230 1
a 3 230 219 0
a 3 100 219 1
a 3 219 236 0
a 3 117 236 1
a 3 236 212 0
a 3 93 212 1
a 3 212 225 0
a 3 106 225 1
a 3 225 239 0
a 4 238 7 0
a 4 7 29 0
a 4 29 45 0
a 4 45 30 0
a 4 30 18 0
a 4 18 51 0
a 4 51 13 0
a 4 13 149 0
a 4 30 149 1
a 4 149 126 0
a 4 7 126 1
a 4 126 37 0
a 4 37 5 0
a 4 5 148 0
a 4 29 148 1
a 4 148 33 0
a 4 33 137 0
a 4 18 137 1
a 4 137 24 0
a 4 24 52 0
a 4 52 62 0
a 4 62 39 0
a 4 39 170 0
a 4 51 170 1
a 4 170 164 0
a 4 45 164 1
a 4 164 73 0
a 4 73 171 0
a 4 52 171 1
a 4 171 143 0
a 4 24 143 1
a 4 143 132 0
a 4 13 132 1
a 4 132 156 0
a 4 37 156 1
a 4 156 152 0
a 4 33 152 1
a 4 152 181 0
a 4 62 181 1
a 4 181 68 0
a 4 68 124 0
a 4 5 124 1
a 4 124 53 0
a 4 53 158 0
a 4 39 158 1
a 4 158 67 0
a 4 67 57 0
a 4 57 192 0
a 4 73 192 1
a 4 192 95 0
a 4 95 83 0
a 4 83 187 0
a 4 68 187 1
a 4 187 176 0
a 4 57 176 1
a 4 176 172 0
a 4 53 172 1
a 4 172 108 0
a 4 108 66 0
a 4 66 28 0
a 4 28 186 0
a 4 67 186 1
a 4 186 64 0
a 4 64 214 0
a 4 95 214 1
a 4 214 89 0
a 4 89 202 0
a 4 83 202 1
a 4 202 185 0
a 4 66 185 1
a 4 185 70 0
a 4 70 97 0
a 4 97 49 0
a 4 49 227 0
a 4 108 227 1
a 4 227 147 0
a 4 28 147 1
a 4 147 183 0
a 4 64 183 1
a 4 183 59 0
a 4 59 208 0
a 4 89 208 1
a 4 208 101 0
a 4 101 116 0
a 4 116 189 0
a 4 70 189 1
a 4 189 216 0
a 4 97 216 1
a 4 216 114 0
a 4 114 168 0
a 4 49 168 1
a 4 168 86 0
a 4 86 85 0
a 4 85 75 0
a 4 75 93 0
a 4 93 178 0
a 4 59 178 1
a 4 178 111 0
a 4 111 220 0
a 4 101 220 1
a 4 220 205 0
a 4 86 205 1
a 4 205 230 0
a 4 111 230 1
a 4 230 233 0
a 4 114 233 1
a 4 233 204 0
a 4 85 204 1
a 4 204 235 0
a 4 116 235 1
a 4 235 194 0
a 4 75 194 1
a 4 194 212 0
a 4 93 212 1
a 4 212 239 0
a 5 238 9 0
a 5 9 8 0
a 5 8 12 0
a 5 12 3 0
a 5 3 23 0
a 5 23 45 0
a 5 45 2 0
a 5 2 51 0
a 5 51 122 0
a 5 3 122 1
a 5 122 128 0
a 5 9 128 1
a 5 128 13 0
a 5 13 127 0
a 5 8 127 1
a 5 127 10 0
a 5 10 142 0
a 5 23 142 1
a 5 142 37 0
a 5 37 121 0
a 5 2 121 1
a 5 121 131 0
a 5 12 131 1
a 5 131 33 0
a 5 33 24 0
a 5 24 52 0
a 5 52 39 0
a 5 39 4 0
a 5 4 19 0
a 5 19 65 0
a 5 65 170 0
a 5 51 170 1
a 5 170 164 0
a 5 45 164 1
a 5 164 129 0
a 5 10 129 1
a 5 129 171 0
a 5 52 171 1
a 5 171 143 0
a 5 24 143 1
a 5 143 132 0
a 5 13 132 1
a 5 132 25 0
a 5 25 11 0
a 5 11 156 0
a 5 37 156 1
a 5 156 152 0
a 5 33 152 1
a 5 152 123 0
a 5 4 123 1
a 5 123 184 0
a 5 65 184 1
a 5 184 68 0
a 5 68 58 0
a 5 58 53 0
a 5 53 158 0
a 5 39 158 1
a 5 158 84 0
a 5 84 57 0
a 5 57 138 0
a 5 19 138 1
a 5 138 20 0
a 5 20 47 0
a 5 47 76 0
a 5 76 130 0
a 5 11 130 1
a 5 130 34 0
a 5 34 177 0
a 5 58 177 1
a 5 177 187 0
a 5 68 187 1
a 5 187 176 0
a 5 57 176 1
a 5 176 144 0
a 5 25 144 1
a 5 144 172 0
a 5 53 172 1
a 5 172 48 0
a 5 48 166 0
a 5 47 166 1
a 5 166 78 0
a 5 78 38 0
a 5 38 64 0
a 5 64 203 0
a 5 84 203 1
a 5 203 96 0
a 5 96 139 0
a 5 20 139 1
a 5 139 46 0
a 5 46 77 0
a 5 77 195 0
a 5 76 195 1
a 5 195 89 0
a 5 89 153 0
a 5 34 153 1
a 5 153 44 0
a 5 44 82 0
a 5 82 90 0
a 5 90 97 0
a 5 97 215 0
a 5 96 215 1
a 5 215 167 0
a 5 48 167 1
a 5 167 49 0
a 5 49 165 0
a 5 46 165 1
a 5 165 197 0
a 5 78 197 1
a 5 197 157 0
a 5 38 157 1
a 5 157 183 0
a 5 64 183 1
a 5 183 59 0
a 5 59 105 0
a 5 105 196 0
a 5 77 196 1
a 5 196 208 0
a 5 89 208 1
a 5 208 110 0
a 5 110 163 0
a 5 44 163 1
a 5 163 209 0
a 5 90 209 1
a 5 209 216 0
a 5 97 216 1
a 5 216 100 0
a 5 100 54 0
a 5 54 168 0
a 5 49 168 1
a 5 168 63 0
a 5 63 103 0
a 5 103 88 0
a 5 88 224 0
a 5 105 224 1
a 5 224 118 0
a 5 118 201 0
a 5 82 201 1
a 5 201 85 0
a 5 85 75 0
a 5 75 106 0
a 5 106 178 0
a 5 59 178 1
a 5 178 173 0
a 5 54 173 1
a 5 173 182 0
a 5 63 182 1
a 5 182 229 0
a 5 110 229 1
a 5 229 204 0
a 5 85 204 1
a 5 204 219 0
a 5 100 219 1
a 5 219 237 0
a 5 118 237 1
a 5 237 207 0
a 5 88 207 1
a 5 207 194 0
a 5 75 194 1
a 5 194 225 0
a 5 106 225 1
a 5 225 222 0
a 5 103 222 1
a 5 222 239 0
a 6 238 9 0
a 6 9 55 0
a 6 55 22 0
a 6 22 3 0
a 6 3 23 0
a 6 23 45 0
a 6 45 122 0
a 6 3 122 1
a 6 122 128 0
a 6 9 128 1
a 6 128 13 0
a 6 13 10 0
a 6 10 142 0
a 6 23 142 1
a 6 142 141 0
a 6 22 141 1
a 6 141 174 0
a 6 55 174 1
a 6 174 24 0
a 6 24 52 0
a 6 52 62 0
a 6 62 4 0
a 6 4 16 0
a 6 16 35 0
a 6 35 164 0
a 6 45 164 1
a 6 164 129 0
a 6 10 129 1
a 6 129 171 0
a 6 52 171 1
a 6 171 143 0
a 6 24 143 1
a 6 143 132 0
a 6 13 132 1
a 6 132 181 0
a 6 62 181 1
a 6 181 123 0
a 6 4 123 1
a 6 123 68 0
a 6 68 58 0
a 6 58 42 0
a 6 42 84 0
a 6 84 40 0
a 6 40 102 0
a 6 102 135 0
a 6 16 135 1
a 6 135 154 0
a 6 35 154 1
a 6 154 47 0
a 6 47 95 0
a 6 95 177 0
a 6 58 177 1
a 6 177 187 0
a 6 68 187 1
a 6 187 74 0
a 6 74 161 0
a 6 42 161 1
a 6 161 159 0
a 6 40 159 1
a 6 159 221 0
a 6 102 221 1
a 6 221 28 0
a 6 28 166 0
a 6 47 166 1
a 6 166 78 0
a 6 78 38 0
a 6 38 203 0
a 6 84 203 1
a 6 203 96 0
a 6 96 56 0
a 6 56 214 0
a 6 95 214 1
a 6 214 193 0
a 6 74 193 1
a 6 193 44 0
a 6 44 97 0
a 6 97 215 0
a 6 96 215 1
a 6 215 107 0
a 6 107 197 0
a 6 78 197 1
a 6 197 147 0
a 6 28 147 1
a 6 147 113 0
a 6 113 157 0
a 6 38 157 1
a 6 157 80 0
a 6 80 81 0
a 6 81 175 0
a 6 56 175 1
a 6 175 101 0
a 6 101 116 0
a 6 116 115 0
a 6 115 163 0
a 6 44 163 1
a 6 163 216 0
a 6 97 216 1
a 6 216 226 0
a 6 107 226 1
a 6 226 63 0
a 6 63 232 0
a 6 113 232 1
a 6 232 103 0
a 6 103 199 0
a 6 80 199 1
a 6 199 88 0
a 6 88 118 0
a 6 118 200 0
a 6 81 200 1
a 6 200 85 0
a 6 85 93 0
a 6 93 117 0
a 6 117 220 0
a 6 101 220 1
a 6 220 182 0
a 6 63 182 1
a 6 182 234 0
a 6 115 234 1
a 6 234 204 0
a 6 85 204 1
a 6 204 237 0
a 6 118 237 1
a 6 237 235 0
a 6 116 235 1
a 6 235 207 0
a 6 88 207 1
a 6 207 236 0
a 6 117 236 1
a 6 236 212 0
a 6 93 212 1
a 6 212 222 0
a 6 103 222 1
a 6 222 239 0
a 7 238 15 0
a 7 15 50 0
a 7 50 55 0
a 7 55 6 0
a 7 6 8 0
a 7 8 12 0
a 7 12 22 0
a 7 22 7 0
a 7 7 23 0
a 7 23 30 0
a 7 30 2 0
a 7 2 18 0
a 7 18 51 0
a 7 51 127 0
a 7 8 127 1
a 7 127 149 0
a 7 30 149 1
a 7 149 142 0
a 7 23 142 1
a 7 142 126 0
a 7 7 126 1
a 7 126 125 0
a 7 6 125 1
a 7 125 36 0
a 7 36 5 0
a 7 5 121 0
a 7 2 121 1
a 7 121 141 0
a 7 22 141 1
a 7 141 174 0
a 7 55 174 1
a 7 174 43 0
a 7 43 71 0
a 7 71 134 0
a 7 15 134 1
a 7 134 169 0
a 7 50 169 1
a 7 169 131 0
a 7 12 131 1
a 7 131 21 0
a 7 21 33 0
a 7 33 137 0
a 7 18 137 1
a 7 137 62 0
a 7 62 170 0
a 7 51 170 1
a 7 170 60 0
a 7 60 73 0
a 7 73 155 0
a 7 36 155 1
a 7 155 190 0
a 7 71 190 1
a 7 190 94 0
a 7 94 152 0
a 7 33 152 1
a 7 152 181 0
a 7 62 181 1
a 7 181 140 0
a 7 21 140 1
a 7 140 68 0
a 7 68 124 0
a 7 5 124 1
a 7 124 32 0
a 7 32 162 0
a 7 43 162 1
a 7 162 42 0
a 7 42 84 0
a 7 84 14 0
a 7 14 40 0
a 7 40 102 0
a 7 102 179 0
a 7 60 179 1
a 7 179 27 0
a 7 27 47 0
a 7 47 192 0
a 7 73 192 1
a 7 192 76 0
a 7 76 213 0
a 7 94 213 1
a 7 213 187 0
a 7 68 187 1
a 7 187 161 0
a 7 42 161 1
a 7 161 159 0
a 7 40 159 1
a 7 159 146 0
a 7 27 146 1
a 7 146 133 0
a 7 14 133 1
a 7 133 221 0
a 7 102 221 1
a 7 221 48 0
a 7 48 28 0
a 7 28 166 0
a 7 47 166 1
a 7 166 151 0
a 7 32 151 1
a 7 151 38 0
a 7 38 64 0
a 7 64 203 0
a 7 84 203 1
a 7 203 46 0
a 7 46 195 0
a 7 76 195 1
a 7 195 104 0
a 7 104 89 0
a 7 89 91 0
a 7 91 70 0
a 7 70 82 0
a 7 82 167 0
a 7 48 167 1
a 7 167 49 0
a 7 49 112 0
a 7 112 165 0
a 7 46 165 1
a 7 165 147 0
a 7 28 147 1
a 7 147 157 0
a 7 38 157 1
a 7 157 87 0
a 7 87 183 0
a 7 64 183 1
a 7 183 210 0
a 7 91 210 1
a 7 210 208 0
a 7 89 208 1
a 7 208 101 0
a 7 101 223 0
a 7 104 223 1
a 7 223 116 0
a 7 116 110 0
a 7 110 189 0
a 7 70 189 1
a 7 189 100 0
a 7 100 54 0
a 7 54 114 0
a 7 114 168 0
a 7 49 168 1
a 7 168 231 0
a 7 112 231 1
a 7 231 206 0
a 7 87 206 1
a 7 206 88 0
a 7 88 201 0
a 7 82 201 1
a 7 201 85 0
a 7 85 75 0
a 7 75 106 0
a 7 106 111 0
a 7 111 173 0
a 7 54 173 1
a 7 173 220 0
a 7 101 220 1
a 7 220 230 0
a 7 111 230 1
a 7 230 233 0
a 7 114 233 1
a 7 233 229 0
a 7 110 229 1
a 7 229 204 0
a 7 85 204 1
a 7 204 219 0
a 7 100 219 1
a 7 219 235 0
a 7 116 235 1
a 7 235 207 0
a 7 88 207 1
a 7 207 194 0
a 7 75 194 1
a 7 194 225 0
a 7 106 225 1
a 7 225 239 0
a 8 238 9 0
a 8 9 50 0
a 8 50 12 0
a 8 12 3 0
a 8 3 23 0
a 8 23 122 0
a 8 3 122 1
a 8 122 128 0
a 8 9 128 1
a 8 128 10 0
a 8 10 142 0
a 8 23 142 1
a 8 142 37 0
a 8 37 169 0
a 8 50 169 1
a 8 169 131 0
a 8 12 131 1
a 8 131 21 0
a 8 21 52 0
a 8 52 62 0
a 8 62 39 0
a 8 39 19 0
a 8 19 16 0
a 8 16 35 0
a 8 35 129 0
a 8 10 129 1
a 8 129 171 0
a 8 52 171 1
a 8 171 94 0
a 8 94 156 0
a 8 37 156 1
a 8 156 181 0
a 8 62 181 1
a 8 181 140 0
a 8 21 140 1
a 8 140 68 0
a 8 68 158 0
a 8 39 158 1
a 8 158 138 0
a 8 19 138 1
a 8 138 40 0
a 8 40 135 0
a 8 16 135 1
a 8 135 154 0
a 8 35 154 1
a 8 154 20 0
a 8 20 213 0
a 8 94 213 1
a 8 213 95 0
a 8 95 187 0
a 8 68 187 1
a 8 187 159 0
a 8 40 159 1
a 8 159 98 0
a 8 98 48 0
a 8 48 108 0
a 8 108 64 0
a 8 64 139 0
a 8 20 139 1
a 8 139 46 0
a 8 46 214 0
a 8 95 214 1
a 8 214 91 0
a 8 91 82 0
a 8 82 167 0
a 8 48 167 1
a 8 167 49 0
a 8 49 227 0
a 8 108 227 1
a 8 227 217 0
a 8 98 217 1
a 8 217 165 0
a 8 46 165 1
a 8 165 113 0
a 8 113 183 0
a 8 64 183 1
a 8 183 210 0
a 8 91 210 1
a 8 210 110 0
a 8 110 115 0
a 8 115 114 0
a 8 114 168 0
a 8 49 168 1
a 8 168 232 0
a 8 113 232 1
a 8 232 118 0
a 8 118 201 0
a 8 82 201 1
a 8 201 111 0
a 8 111 117 0
a 8 117 230 0
a 8 111 230 1
a 8 230 233 0
a 8 114 233 1
a 8 233 229 0
a 8 110 229 1
a 8 229 234 0
a 8 115 234 1
a 8 234 237 0
a 8 118 237 1
a 8 237 236 0
a 8 117 236 1
a 8 236 239 0
a 9 238 50 0
a 9 50 8 0
a 9 8 0 0
a 9 0 7 0
a 9 7 29 0
a 9 29 23 0
a 9 23 1 0
a 9 1 127 0
a 9 8 127 1
a 9 127 119 0
a 9 0 119 1
a 9 119 142 0
a 9 23 142 1
a 9 142 126 0
a 9 7 126 1
a 9 126 148 0
a 9 29 148 1
a 9 148 43 0
a 9 43 71 0
a 9 71 169 0
a 9 50 169 1
a 9 169 26 0
a 9 26 120 0
a 9 1 120 1
a 9 120 52 0
a 9 52 19 0
a 9 19 171 0
a 9 52 171 1
a 9 171 190 0
a 9 71 190 1
a 9 190 25 0
a 9 25 58 0
a 9 58 32 0
a 9 32 162 0
a 9 43 162 1
a 9 162 145 0
a 9 26 145 1
a 9 145 42 0
a 9 42 61 0
a 9 61 138 0
a 9 19 138 1
a 9 138 40 0
a 9 40 76 0
a 9 76 34 0
a 9 34 177 0
a 9 58 177 1
a 9 177 83 0
a 9 83 161 0
a 9 42 161 1
a 9 161 159 0
a 9 40 159 1
a 9 159 144 0
a 9 25 144 1
a 9 144 108 0
a 9 108 180 0
a 9 61 180 1
a 9 180 151 0
a 9 32 151 1
a 9 151 78 0
a 9 78 46 0
a 9 46 195 0
a 9 76 195 1
a 9 195 89 0
a 9 89 202 0
a 9 83 202 1
a 9 202 153 0
a 9 34 153 1
a 9 153 91 0
a 9 91 109 0
a 9 109 44 0
a 9 44 97 0
a 9 97 227 0
a 9 108 227 1
a 9 227 165 0
a 9 46 165 1
a 9 165 197 0
a 9 78 197 1
a 9 197 81 0
a 9 81 59 0
a 9 59 210 0
a 9 91 210 1
a 9 210 99 0
a 9 99 208 0
a 9 89 208 1
a 9 208 101 0
a 9 101 228 0
a 9 109 228 1
a 9 228 115 0
a 9 115 163 0
a 9 44 163 1
a 9 163 216 0
a 9 97 216 1
a 9 216 54 0
a 9 54 63 0
a 9 63 88 0
a 9 88 200 0
a 9 81 200 1
a 9 200 178 0
a 9 59 178 1
a 9 178 111 0
a 9 111 117 0
a 9 117 218 0
a 9 99 218 1
a 9 218 173 0
a 9 54 173 1
a 9 173 220 0
a 9 101 220 1
a 9 220 182 0
a 9 63 182 1
a 9 182 230 0
a 9 111 230 1
a 9 230 234 0
a 9 115 234 1
a 9 234 207 0
a 9 88 207 1
a 9 207 236 0
a 9 117 236 1
a 9 236 239 0
a 10 238 15 0
a 10 15 9 0
a 10 9 55 0
a 10 55 17 0
a 10 17 8 0
a 10 8 0 0
a 10 0 22 0
a 10 22 23 0
a 10 23 45 0
a 10 45 2 0
a 10 2 128 0
a 10 9 128 1
a 10 128 127 0
a 10 8 127 1
a 10 127 10 0
a 10 10 119 0
a 10 0 119 1
a 10 119 142 0
a 10 23 142 1
a 10 142 121 0
a 10 2 121 1
a 10 121 141 0
a 10 22 141 1
a 10 141 174 0
a 10 55 174 1
a 10 174 43 0
a 10 43 71 0
a 10 71 134 0
a 10 15 134 1
a 10 134 21 0
a 10 21 26 0
a 10 26 136 0
a 10 17 136 1
a 10 136 52 0
a 10 52 39 0
a 10 39 4 0
a 10 4 16 0
a 10 16 164 0
a 10 45 164 1
a 10 164 60 0
a 10 60 129 0
a 10 10 129 1
a 10 129 171 0
a 10 52 171 1
a 10 171 190 0
a 10 71 190 1
a 10 190 11 0
a 10 11 31 0
a 10 31 140 0
a 10 21 140 1
a 10 140 123 0
a 10 4 123 1
a 10 123 58 0
a 10 58 158 0
a 10 39 158 1
a 10 158 162 0
a 10 43 162 1
a 10 162 145 0
a 10 26 145 1
a 10 145 42 0
a 10 42 84 0
a 10 84 57 0
a 10 57 179 0
a 10 60 179 1
a 10 179 135 0
a 10 16 135 1
a 10 135 20 0
a 10 20 150 0
a 10 31 150 1
a 10 150 130 0
a 10 11 130 1
a 10 130 34 0
a 10 34 177 0
a 10 58 177 1
a 10 177 79 0
a 10 79 83 0
a 10 83 176 0
a 10 57 176 1
a 10 176 74 0
a 10 74 161 0
a 10 42 161 1
a 10 161 98 0
a 10 98 48 0
a 10 48 108 0
a 10 108 66 0
a 10 66 203 0
a 10 84 203 1
a 10 203 139 0
a 10 20 139 1
a 10 139 46 0
a 10 46 77 0
a 10 77 202 0
a 10 83 202 1
a 10 202 185 0
a 10 66 185 1
a 10 185 153 0
a 10 34 153 1
a 10 153 193 0
a 10 74 193 1
a 10 193 91 0
a 10 91 44 0
a 10 44 198 0
a 10 79 198 1
a 10 198 167 0
a 10 48 167 1
a 10 167 49 0
a 10 49 227 0
a 10 108 227 1
a 10 227 165 0
a 10 46 165 1
a 10 165 217 0
a 10 98 217 1
a 10 217 41 0
a 10 41 87 0
a 10 87 196 0
a 10 77 196 1
a 10 196 210 0
a 10 91 210 1
a 10 210 110 0
a 10 110 163 0
a 10 44 163 1
a 10 163 100 0
a 10 100 54 0
a 10 54 114 0
a 10 114 160 0
a 10 41 160 1
a 10 160 168 0
a 10 49 168 1
a 10 168 206 0
a 10 87 206 1
a 10 206 88 0
a 10 88 106 0
a 10 106 111 0
a 10 111 173 0
a 10 54 173 1
a 10 173 230 0
a 10 111 230 1
a 10 230 233 0
a 10 114 233 1
a 10 233 229 0
a 10 110 229 1
a 10 229 219 0
a 10 100 219 1
a 10 219 207 0
a 10 88 207 1
a 10 207 225 0
a 10 106 225 1
a 10 225 239 0
a 11 238 50 0
a 11 50 6 0
a 11 6 17 0
a 11 17 8 0
a 11 8 0 0
a 11 0 7 0
a 11 7 29 0
a 11 29 45 0
a 11 45 1 0
a 11 1 51 0
a 11 51 127 0
a 11 8 127 1
a 11 127 119 0
a 11 0 119 1
a 11 119 126 0
a 11 7 126 1
a 11 126 125 0
a 11 6 125 1
a 11 125 36 0
a 11 36 148 0
a 11 29 148 1
a 11 148 169 0
a 11 50 169 1
a 11 169 136 0
a 11 17 136 1
a 11 136 120 0
a 11 1 120 1
a 11 120 24 0
a 11 24 39 0
a 11 39 170 0
a 11 51 170 1
a 11 170 164 0
a 11 45 164 1
a 11 164 60 0
a 11 60 155 0
a 11 36 155 1
a 11 155 143 0
a 11 24 143 1
a 11 143 68 0
a 11 68 158 0
a 11 39 158 1
a 11 158 32 0
a 11 32 84 0
a 11 84 61 0
a 11 61 102 0
a 11 102 179 0
a 11 60 179 1
a 11 179 27 0
a 11 27 34 0
a 11 34 79 0
a 11 79 187 0
a 11 68 187 1
a 11 187 146 0
a 11 27 146 1
a 11 146 221 0
a 11 102 221 1
a 11 221 108 0
a 11 108 180 0
a 11 61 180 1
a 11 180 151 0
a 11 32 151 1
a 11 151 38 0
a 11 38 203 0
a 11 84 203 1
a 11 203 153 0
a 11 34 153 1
a 11 153 109 0
a 11 109 82 0
a 11 82 198 0
a 11 79 198 1
a 11 198 49 0
a 11 49 227 0
a 11 108 227 1
a 11 227 112 0
a 11 112 113 0
a 11 113 157 0
a 11 38 157 1
a 11 157 81 0
a 11 81 59 0
a 11 59 99 0
a 11 99 228 0
a 11 109 228 1
a 11 228 110 0
a 11 110 54 0
a 11 54 168 0
a 11 49 168 1
a 11 168 86 0
a 11 86 232 0
a 11 113 232 1
a 11 232 231 0
a 11 112 231 1
a 11 231 118 0
a 11 118 92 0
a 11 92 201 0
a 11 82 201 1
a 11 201 200 0
a 11 81 200 1
a 11 200 75 0
a 11 75 106 0
a 11 106 178 0
a 11 59 178 1
a 11 178 117 0
a 11 117 218 0
a 11 99 218 1
a 11 218 173 0
a 11 54 173 1
a 11 173 211 0
a 11 92 211 1
a 11 211 205 0
a 11 86 205 1
a 11 205 229 0
a 11 110 229 1
a 11 229 237 0
a 11 118 237 1
a 11 237 236 0
a 11 117 236 1
a 11 236 194 0
a 11 75 194 1
a 11 194 225 0
a 11 106 225 1
a 11 225 239 0
a 12 238 9 0
a 12 9 55 0
a 12 55 17 0
a 12 17 8 0
a 12 8 12 0
a 12 12 7 0
a 12 7 1 0
a 12 1 30 0
a 12 30 2 0
a 12 2 18 0
a 12 18 128 0
a 12 9 128 1
a 12 128 13 0
a 12 13 127 0
a 12 8 127 1
a 12 127 10 0
a 12 10 149 0
a 12 30 149 1
a 12 149 126 0
a 12 7 126 1
a 12 126 36 0
a 12 36 121 0
a 12 2 121 1
a 12 121 174 0
a 12 55 174 1
a 12 174 43 0
a 12 43 71 0
a 12 71 131 0
a 12 12 131 1
a 12 131 21 0
a 12 21 33 0
a 12 33 136 0
a 12 17 136 1
a 12 136 120 0
a 12 1 120 1
a 12 120 137 0
a 12 18 137 1
a 12 137 24 0
a 12 24 19 0
a 12 19 65 0
a 12 65 60 0
a 12 60 155 0
a 12 36 155 1
a 12 155 129 0
a 12 10 129 1
a 12 129 143 0
a 12 24 143 1
a 12 143 132 0
a 12 13 132 1
a 12 132 190 0
a 12 71 190 1
a 12 190 31 0
a 12 31 94 0
a 12 94 152 0
a 12 33 152 1
a 12 152 140 0
a 12 21 140 1
a 12 140 184 0
a 12 65 184 1
a 12 184 68 0
a 12 68 162 0
a 12 43 162 1
a 12 162 67 0
a 12 67 84 0
a 12 84 61 0
a 12 61 138 0
a 12 19 138 1
a 12 138 102 0
a 12 102 179 0
a 12 60 179 1
a 12 179 27 0
a 12 27 20 0
a 12 20 150 0
a 12 31 150 1
a 12 150 34 0
a 12 34 213 0
a 12 94 213 1
a 12 213 79 0
a 12 79 83 0
a 12 83 187 0
a 12 68 187 1
a 12 187 146 0
a 12 27 146 1
a 12 146 221 0
a 12 102 221 1
a 12 221 180 0
a 12 61 180 1
a 12 180 186 0
a 12 67 186 1
a 12 186 64 0
a 12 64 203 0
a 12 84 203 1
a 12 203 72 0
a 12 72 139 0
a 12 20 139 1
a 12 139 77 0
a 12 77 89 0
a 12 89 202 0
a 12 83 202 1
a 12 202 153 0
a 12 34 153 1
a 12 153 198 0
a 12 79 198 1
a 12 198 90 0
a 12 90 97 0
a 12 97 113 0
a 12 113 191 0
a 12 72 191 1
a 12 191 183 0
a 12 64 183 1
a 12 183 59 0
a 12 59 196 0
a 12 77 196 1
a 12 196 99 0
a 12 99 208 0
a 12 89 208 1
a 12 208 110 0
a 12 110 209 0
a 12 90 209 1
a 12 209 216 0
a 12 97 216 1
a 12 216 100 0
a 12 100 54 0
a 12 54 114 0
a 12 114 86 0
a 12 86 63 0
a 12 63 232 0
a 12 113 232 1
a 12 232 85 0
a 12 85 106 0
a 12 106 178 0
a 12 59 178 1
a 12 178 218 0
a 12 99 218 1
a 12 218 173 0
a 12 54 173 1
a 12 173 182 0
a 12 63 182 1
a 12 182 205 0
a 12 86 205 1
a 12 205 233 0
a 12 114 233 1
a 12 233 229 0
a 12 110 229 1
a 12 229 204 0
a 12 85 204 1
a 12 204 219 0
a 12 100 219 1
a 12 219 225 0
a 12 106 225 1
a 12 225 239 0
a 13 238 9 0
a 13 9 50 0
a 13 50 6 0
a 13 6 0 0
a 13 0 3 0
a 13 3 45 0
a 13 45 30 0
a 13 30 51 0
a 13 51 122 0
a 13 3 122 1
a 13 122 128 0
a 13 9 128 1
a 13 128 119 0
a 13 0 119 1
a 13 119 149 0
a 13 30 149 1
a 13 149 125 0
a 13 6 125 1
a 13 125 71 0
a 13 71 169 0
a 13 50 169 1
a 13 169 24 0
a 13 24 52 0
a 13 52 62 0
a 13 62 65 0
a 13 65 170 0
a 13 51 170 1
a 13 170 164 0
a 13 45 164 1
a 13 164 60 0
a 13 60 73 0
a 13 73 171 0
a 13 52 171 1
a 13 171 143 0
a 13 24 143 1
a 13 143 190 0
a 13 71 190 1
a 13 190 25 0
a 13 25 181 0
a 13 62 181 1
a 13 181 184 0
a 13 65 184 1
a 13 184 53 0
a 13 53 32 0
a 13 32 67 0
a 13 67 42 0
a 13 42 40 0
a 13 40 179 0
a 13 60 179 1
a 13 179 27 0
a 13 27 47 0
a 13 47 192 0
a 13 73 192 1
a 13 192 34 0
a 13 34 79 0
a 13 79 74 0
a 13 74 161 0
a 13 42 161 1
a 13 161 159 0
a 13 40 159 1
a 13 159 146 0
a 13 27 146 1
a 13 146 144 0
a 13 25 144 1
a 13 144 98 0
a 13 98 172 0
a 13 53 172 1
a 13 172 108 0
a 13 108 166 0
a 13 47 166 1
a 13 166 151 0
a 13 32 151 1
a 13 151 78 0
a 13 78 186 0
a 13 67 186 1
a 13 186 64 0
a 13 64 72 0
a 13 72 96 0
a 13 96 46 0
a 13 46 104 0
a 13 104 153 0
a 13 34 153 1
a 13 153 193 0
a 13 74 193 1
a 13 193 91 0
a 13 91 82 0
a 13 82 198 0
a 13 79 198 1
a 13 198 90 0
a 13 90 215 0
a 13 96 215 1
a 13 215 227 0
a 13 108 227 1
a 13 227 165 0
a 13 46 165 1
a 13 165 217 0
a 13 98 217 1
a 13 217 107 0
a 13 107 197 0
a 13 78 197 1
a 13 197 191 0
a 13 72 191 1
a 13 191 87 0
a 13 87 183 0
a 13 64 183 1
a 13 183 59 0
a 13 59 210 0
a 13 91 210 1
a 13 210 223 0
a 13 104 223 1
a 13 223 115 0
a 13 115 209 0
a 13 90 209 1
a 13 209 226 0
a 13 107 226 1
a 13 226 54 0
a 13 54 86 0
a 13 86 206 0
a 13 87 206 1
a 13 206 88 0
a 13 88 201 0
a 13 82 201 1
a 13 201 178 0
a 13 59 178 1
a 13 178 173 0
a 13 54 173 1
a 13 173 205 0
a 13 86 205 1
a 13 205 234 0
a 13 115 234 1
a 13 234 207 0
a 13 88 207 1
a 13 207 239 0
a 14 238 15 0
a 14 15 50 0
a 14 50 17 0
a 14 17 8 0
a 14 8 0 0
a 14 0 3 0
a 14 3 7 0
a 14 7 2 0
a 14 2 51 0
a 14 51 122 0
a 14 3 122 1
a 14 122 127 0
a 14 8 127 1
a 14 127 119 0
a 14 0 119 1
a 14 119 126 0
a 14 7 126 1
a 14 126 5 0
a 14 5 121 0
a 14 2 121 1
a 14 121 43 0
a 14 43 134 0
a 14 15 134 1
a 14 134 169 0
a 14 50 169 1
a 14 169 21 0
a 14 21 136 0
a 14 17 136 1
a 14 136 24 0
a 14 24 16 0
a 14 16 170 0
a 14 51 170 1
a 14 170 60 0
a 14 60 143 0
a 14 24 143 1
a 14 143 11 0
a 14 11 94 0
a 14 94 140 0
a 14 21 140 1
a 14 140 68 0
a 14 68 58 0
a 14 58 124 0
a 14 5 124 1
a 14 124 32 0
a 14 32 162 0
a 14 43 162 1
a 14 162 84 0
a 14 84 57 0
a 14 57 179 0
a 14 60 179 1
a 14 179 135 0
a 14 16 135 1
a 14 135 130 0
a 14 11 130 1
a 14 130 213 0
a 14 94 213 1
a 14 213 177 0
a 14 58 177 1
a 14 177 187 0
a 14 68 187 1
a 14 187 176 0
a 14 57 176 1
a 14 176 74 0
a 14 74 108 0
a 14 108 28 0
a 14 28 151 0
a 14 32 151 1
a 14 151 203 0
a 14 84 203 1
a 14 203 72 0
a 14 72 46 0
a 14 46 89 0
a 14 89 193 0
a 14 74 193 1
a 14 193 70 0
a 14 70 82 0
a 14 82 49 0
a 14 49 227 0
a 14 108 227 1
a 14 227 165 0
a 14 46 165 1
a 14 165 107 0
a 14 107 147 0
a 14 28 147 1
a 14 147 80 0
a 14 80 191 0
a 14 72 191 1
a 14 191 208 0
a 14 89 208 1
a 14 208 189 0
a 14 70 189 1
a 14 189 226 0
a 14 107 226 1
a 14 226 114 0
a 14 114 168 0
a 14 49 168 1
a 14 168 63 0
a 14 63 199 0
a 14 80 199 1
a 14 199 118 0
a 14 118 201 0
a 14 82 201 1
a 14 201 93 0
a 14 93 182 0
a 14 63 182 1
a 14 182 233 0
a 14 114 233 1
a 14 233 237 0
a 14 118 237 1
a 14 237 212 0
a 14 93 212 1
a 14 212 239 0
a 15 238 17 0
a 15 17 30 0
a 15 30 18 0
a 15 18 10 0
a 15 10 149 0
a 15 30 149 1
a 15 149 36 0
a 15 36 43 0
a 15 43 71 0
a 15 71 136 0
a 15 17 136 1
a 15 136 137 0
a 15 18 137 1
a 15 137 62 0
a 15 62 39 0
a 15 39 4 0
a 15 4 19 0
a 15 19 16 0
a 15 16 60 0
a 15 60 73 0
a 15 73 155 0
a 15 36 155 1
a 15 155 129 0
a 15 10 129 1
a 15 129 190 0
a 15 71 190 1
a 15 190 181 0
a 15 62 181 1
a 15 181 123 0
a 15 4 123 1
a 15 123 68 0
a 15 68 158 0
a 15 39 158 1
a 15 158 162 0
a 15 43 162 1
a 15 162 84 0
a 15 84 138 0
a 15 19 138 1
a 15 138 40 0
a 15 40 179 0
a 15 60 179 1
a 15 179 135 0
a 15 16 135 1
a 15 135 192 0
a 15 73 192 1
a 15 192 79 0
a 15 79 187 0
a 15 68 187 1
a 15 187 69 0
a 15 69 74 0
a 15 74 159 0
a 15 40 159 1
a 15 159 98 0
a 15 98 38 0
a 15 38 203 0
a 15 84 203 1
a 15 203 96 0
a 15 96 56 0
a 15 56 77 0
a 15 77 89 0
a 15 89 188 0
a 15 69 188 1
a 15 188 193 0
a 15 74 193 1
a 15 193 91 0
a 15 91 70 0
a 15 70 109 0
a 15 109 82 0
a 15 82 198 0
a 15 79 198 1
a 15 198 215 0
a 15 96 215 1
a 15 215 217 0
a 15 98 217 1
a 15 217 107 0
a 15 107 113 0
a 15 113 157 0
a 15 38 157 1
a 15 157 80 0
a 15 80 175 0
a 15 56 175 1
a 15 175 196 0
a 15 77 196 1
a 15 196 210 0
a 15 91 210 1
a 15 210 99 0
a 15 99 208 0
a 15 89 208 1
a 15 208 101 0
a 15 101 228 0
a 15 109 228 1
a 15 228 110 0
a 15 110 189 0
a 15 70 189 1
a 15 189 100 0
a 15 100 226 0
a 15 107 226 1
a 15 226 232 0
a 15 113 232 1
a 15 232 199 0
a 15 80 199 1
a 15 199 92 0
a 15 92 201 0
a 15 82 201 1
a 15 201 85 0
a 15 85 93 0
a 15 93 111 0
a 15 111 218 0
a 15 99 218 1
a 15 218 211 0
a 15 92 211 1
a 15 211 220 0
a 15 101 220 1
a 15 220 230 0
a 15 111 230 1
a 15 230 229 0
a 15 110 229 1
a 15 229 204 0
a 15 85 204 1
a 15 204 219 0
a 15 100 219 1
a 15 219 212 0
a 15 93 212 1
a 15 212 239 0
a 16 238 15 0
a 16 15 55 0
a 16 55 6 0
a 16 6 0 0
a 16 0 7 0
a 16 7 30 0
a 16 30 119 0
a 16 0 119 1
a 16 119 149 0
a 16 30 149 1
a 16 149 126 0
a 16 7 126 1
a 16 126 125 0
a 16 6 125 1
a 16 125 5 0
a 16 5 36 0
a 16 36 174 0
a 16 55 174 1
a 16 174 43 0
a 16 43 71 0
a 16 71 134 0
a 16 15 134 1
a 16 134 21 0
a 16 21 62 0
a 16 62 155 0
a 16 36 155 1
a 16 155 190 0
a 16 71 190 1
a 16 190 25 0
a 16 25 181 0
a 16 62 181 1
a 16 181 140 0
a 16 21 140 1
a 16 140 124 0
a 16 5 124 1
a 16 124 53 0
a 16 53 162 0
a 16 43 162 1
a 16 162 42 0
a 16 42 84 0
a 16 84 102 0
a 16 102 47 0
a 16 47 34 0
a 16 34 69 0
a 16 69 161 0
a 16 42 161 1
a 16 161 144 0
a 16 25 144 1
a 16 144 221 0
a 16 102 221 1
a 16 221 172 0
a 16 53 172 1
a 16 172 108 0
a 16 108 166 0
a 16 47 166 1
a 16 166 38 0
a 16 38 64 0
a 16 64 203 0
a 16 84 203 1
a 16 203 96 0
a 16 96 72 0
a 16 72 46 0
a 16 46 153 0
a 16 34 153 1
a 16 153 188 0
a 16 69 188 1
a 16 188 70 0
a 16 70 82 0
a 16 82 97 0
a 16 97 215 0
a 16 96 215 1
a 16 215 49 0
a 16 49 227 0
a 16 108 227 1
a 16 227 165 0
a 16 46 165 1
a 16 165 107 0
a 16 107 157 0
a 16 38 157 1
a 16 157 191 0
a 16 72 191 1
a 16 191 41 0
a 16 41 87 0
a 16 87 183 0
a 16 64 183 1
a 16 183 115 0
a 16 115 189 0
a 16 70 189 1
a 16 189 216 0
a 16 97 216 1
a 16 216 226 0
a 16 107 226 1
a 16 226 160 0
a 16 41 160 1
a 16 160 168 0
a 16 49 168 1
a 16 168 86 0
a 16 86 103 0
a 16 103 206 0
a 16 87 206 1
a 16 206 88 0
a 16 88 118 0
a 16 118 92 0
a 16 92 201 0
a 16 82 201 1
a 16 201 85 0
a 16 85 106 0
a 16 106 117 0
a 16 117 211 0
a 16 92 211 1
a 16 211 205 0
a 16 86 205 1
a 16 205 234 0
a 16 115 234 1
a 16 234 204 0
a 16 85 204 1
a 16 204 237 0
a 16 118 237 1
a 16 237 207 0
a 16 88 207 1
a 16 207 236 0
a 16 117 236 1
a 16 236 225 0
a 16 106 225 1
a 16 225 222 0
a 16 103 222 1
a 16 222 239 0
a 17 238 55 0
a 17 55 50 0
a 17 50 17 0
a 17 17 29 0
a 17 29 5 0
a 17 5 174 0
a 17 55 174 1
a 17 174 148 0
a 17 29 148 1
a 17 148 71 0
a 17 71 169 0
a 17 50 169 1
a 17 169 21 0
a 17 21 136 0
a 17 17 136 1
a 17 136 24 0
a 17 24 39 0
a 17 39 19 0
a 17 19 60 0
a 17 60 143 0
a 17 24 143 1
a 17 143 190 0
a 17 71 190 1
a 17 190 25 0
a 17 25 94 0
a 17 94 140 0
a 17 21 140 1
a 17 140 68 0
a 17 68 124 0
a 17 5 124 1
a 17 124 158 0
a 17 39 158 1
a 17 158 32 0
a 17 32 138 0
a 17 19 138 1
a 17 138 179 0
a 17 60 179 1
a 17 179 20 0
a 17 20 47 0
a 17 47 76 0
a 17 76 34 0
a 17 34 213 0
a 17 94 213 1
a 17 213 95 0
a 17 95 83 0
a 17 83 187 0
a 17 68 187 1
a 17 187 69 0
a 17 69 144 0
a 17 25 144 1
a 17 144 66 0
a 17 66 166 0
a 17 47 166 1
a 17 166 151 0
a 17 32 151 1
a 17 151 78 0
a 17 78 38 0
a 17 38 72 0
a 17 72 96 0
a 17 96 139 0
a 17 20 139 1
a 17 139 46 0
a 17 46 214 0
a 17 95 214 1
a 17 214 195 0
a 17 76 195 1
a 17 195 104 0
a 17 104 202 0
a 17 83 202 1
a 17 202 185 0
a 17 66 185 1
a 17 185 153 0
a 17 34 153 1
a 17 153 188 0
a 17 69 188 1
a 17 188 109 0
a 17 109 215 0
a 17 96 215 1
a 17 215 112 0
a 17 112 165 0
a 17 46 165 1
a 17 165 197 0
a 17 78 197 1
a 17 197 157 0
a 17 38 157 1
a 17 157 191 0
a 17 72 191 1
a 17 191 41 0
a 17 41 223 0
a 17 104 223 1
a 17 223 228 0
a 17 109 228 1
a 17 228 116 0
a 17 116 110 0
a 17 110 115 0
a 17 115 100 0
a 17 100 160 0
a 17 41 160 1
a 17 160 231 0
a 17 112 231 1
a 17 231 88 0
a 17 88 92 0
a 17 92 93 0
a 17 93 106 0
a 17 106 117 0
a 17 117 211 0
a 17 92 211 1
a 17 211 229 0
a 17 110 229 1
a 17 229 234 0
a 17 115 234 1
a 17 234 219 0
a 17 100 219 1
a 17 219 235 0
a 17 116 235 1
a 17 235 207 0
a 17 88 207 1
a 17 207 236 0
a 17 117 236 1
a 17 236 212 0
a 17 93 212 1
a 17 212 225 0
a 17 106 225 1
a 17 225 239 0
a 18 238 9 0
a 18 9 17 0
a 18 17 1 0
a 18 1 18 0
a 18 18 128 0
a 18 9 128 1
a 18 128 13 0
a 18 13 36 0
a 18 36 21 0
a 18 21 136 0
a 18 17 136 1
a 18 136 120 0
a 18 1 120 1
a 18 120 137 0
a 18 18 137 1
a 18 137 73 0
a 18 73 155 0
a 18 36 155 1
a 18 155 132 0
a 18 13 132 1
a 18 132 25 0
a 18 25 11 0
a 18 11 94 0
a 18 94 140 0
a 18 21 140 1
a 18 140 32 0
a 18 32 67 0
a 18 67 61 0
a 18 61 57 0
a 18 57 27 0
a 18 27 20 0
a 18 20 192 0
a 18 73 192 1
a 18 192 130 0
a 18 11 130 1
a 18 130 34 0
a 18 34 213 0
a 18 94 213 1
a 18 213 95 0
a 18 95 79 0
a 18 79 176 0
a 18 57 176 1
a 18 176 146 0
a 18 27 146 1
a 18 146 144 0
a 18 25 144 1
a 18 144 48 0
a 18 48 66 0
a 18 66 180 0
a 18 61 180 1
a 18 180 28 0
a 18 28 151 0
a 18 32 151 1
a 18 151 78 0
a 18 78 186 0
a 18 67 186 1
a 18 186 64 0
a 18 64 72 0
a 18 72 139 0
a 18 20 139 1
a 18 139 214 0
a 18 95 214 1
a 18 214 104 0
a 18 104 185 0
a 18 66 185 1
a 18 185 153 0
a 18 34 153 1
a 18 153 109 0
a 18 109 198 0
a 18 79 198 1
a 18 198 167 0
a 18 48 167 1
a 18 167 49 0
a 18 49 147 0
a 18 28 147 1
a 18 147 197 0
a 18 78 197 1
a 18 197 191 0
a 18 72 191 1
a 18 191 41 0
a 18 41 183 0
a 18 64 183 1
a 18 183 59 0
a 18 59 105 0
a 18 105 223 0
a 18 104 223 1
a 18 223 228 0
a 18 109 228 1
a 18 228 116 0
a 18 116 110 0
a 18 110 160 0
a 18 41 160 1
a 18 160 168 0
a 18 49 168 1
a 18 168 86 0
a 18 86 88 0
a 18 88 224 0
a 18 105 224 1
a 18 224 118 0
a 18 118 85 0
a 18 85 75 0
a 18 75 93 0
a 18 93 106 0
a 18 106 178 0
a 18 59 178 1
a 18 178 117 0
a 18 117 205 0
a 18 86 205 1
a 18 205 229 0
a 18 110 229 1
a 18 229 204 0
a 18 85 204 1
a 18 204 237 0
a 18 118 237 1
a 18 237 235 0
a 18 116 235 1
a 18 235 207 0
a 18 88 207 1
a 18 207 236 0
a 18 117 236 1
a 18 236 194 0
a 18 75 194 1
a 18 194 212 0
a 18 93 212 1
a 18 212 225 0
a 18 106 225 1
a 18 225 239 0
a 19 238 15 0
a 19 15 50 0
a 19 50 12 0
a 19 12 0 0
a 19 0 1 0
a 19 1 30 0
a 19 30 10 0
a 19 10 119 0
a 19 0 119 1
a 19 119 149 0
a 19 30 149 1
a 19 149 37 0
a 19 37 5 0
a 19 5 134 0
a 19 15 134 1
a 19 134 169 0
a 19 50 169 1
a 19 169 131 0
a 19 12 131 1
a 19 131 26 0
a 19 26 33 0
a 19 33 120 0
a 19 1 120 1
a 19 120 39 0
a 19 39 4 0
a 19 4 19 0
a 19 19 16 0
a 19 16 35 0
a 19 35 129 0
a 19 10 129 1
a 19 129 156 0
a 19 37 156 1
a 19 156 152 0
a 19 33 152 1
a 19 152 123 0
a 19 4 123 1
a 19 123 58 0
a 19 58 124 0
a 19 5 124 1
a 19 124 53 0
a 19 53 158 0
a 19 39 158 1
a 19 158 32 0
a 19 32 145 0
a 19 26 145 1
a 19 145 67 0
a 19 67 61 0
a 19 61 57 0
a 19 57 138 0
a 19 19 138 1
a 19 138 135 0
a 19 16 135 1
a 19 135 154 0
a 19 35 154 1
a 19 154 20 0
a 19 20 34 0
a 19 34 177 0
a 19 58 177 1
a 19 177 176 0
a 19 57 176 1
a 19 176 69 0
a 19 69 74 0
a 19 74 172 0
a 19 53 172 1
a 19 172 108 0
a 19 108 180 0
a 19 61 180 1
a 19 180 151 0
a 19 32 151 1
a 19 151 186 0
a 19 67 186 1
a 19 186 64 0
a 19 64 139 0
a 19 20 139 1
a 19 139 77 0
a 19 77 89 0
a 19 89 153 0
a 19 34 153 1
a 19 153 188 0
a 19 69 188 1
a 19 188 193 0
a 19 74 193 1
a 19 193 82 0
a 19 82 97 0
a 19 97 227 0
a 19 108 227 1
a 19 227 112 0
a 19 112 107 0
a 19 107 183 0
a 19 64 183 1
a 19 183 81 0
a 19 81 59 0
a 19 59 196 0
a 19 77 196 1
a 19 196 99 0
a 19 99 208 0
a 19 89 208 1
a 19 208 116 0
a 19 116 115 0
a 19 115 216 0
a 19 97 216 1
a 19 216 100 0
a 19 100 226 0
a 19 107 226 1
a 19 226 231 0
a 19 112 231 1
a 19 231 201 0
a 19 82 201 1
a 19 201 200 0
a 19 81 200 1
a 19 200 75 0
a 19 75 178 0
a 19 59 178 1
a 19 178 218 0
a 19 99 218 1
a 19 218 234 0
a 19 115 234 1
a 19 234 219 0
a 19 100 219 1
a 19 219 235 0
a 19 116 235 1
a 19 235 194 0
a 19 75 194 1
a 19 194 239 0
a 20 238 15 0
a 20 15 55 0
a 20 55 6 0
a 20 6 12 0
a 20 12 8 0
a 20 8 0 0
a 20 0 3 0
a 20 3 1 0
a 20 1 51 0
a 20 51 122 0
a 20 3 122 1
a 20 122 13 0
a 20 13 127 0
a 20 8 127 1
a 20 127 119 0
a 20 0 119 1
a 20 119 125 0
a 20 6 125 1
a 20 125 36 0
a 20 36 174 0
a 20 55 174 1
a 20 174 134 0
a 20 15 134 1
a 20 134 131 0
a 20 12 131 1
a 20 131 26 0
a 20 26 120 0
a 20 1 120 1
a 20 120 24 0
a 20 24 52 0
a 20 52 19 0
a 20 19 16 0
a 20 16 170 0
a 20 51 170 1
a 20 170 60 0
a 20 60 155 0
a 20 36 155 1
a 20 155 171 0
a 20 52 171 1
a 20 171 143 0
a 20 24 143 1
a 20 143 132 0
a 20 13 132 1
a 20 132 25 0
a 20 25 68 0
a 20 68 32 0
a 20 32 145 0
a 20 26 145 1
a 20 145 57 0
a 20 57 138 0
a 20 19 138 1
a 20 138 14 0
a 20 14 102 0
a 20 102 179 0
a 20 60 179 1
a 20 179 27 0
a 20 27 135 0
a 20 16 135 1
a 20 135 20 0
a 20 20 47 0
a 20 47 76 0
a 20 76 95 0
a 20 95 83 0
a 20 83 187 0
a 20 68 187 1
a 20 187 176 0
a 20 57 176 1
a 20 176 69 0
a 20 69 146 0
a 20 27 146 1
a 20 146 133 0
a 20 14 133 1
a 20 133 144 0
a 20 25 144 1
a 20 144 98 0
a 20 98 221 0
a 20 102 221 1
a 20 221 48 0
a 20 48 166 0
a 20 47 166 1
a 20 166 151 0
a 20 32 151 1
a 20 151 78 0
a 20 78 38 0
a 20 38 96 0
a 20 96 139 0
a 20 20 139 1
a 20 139 214 0
a 20 95 214 1
a 20 214 77 0
a 20 77 195 0
a 20 76 195 1
a 20 195 104 0
a 20 104 89 0
a 20 89 202 0
a 20 83 202 1
a 20 202 188 0
a 20 69 188 1
a 20 188 91 0
a 20 91 70 0
a 20 70 109 0
a 20 109 90 0
a 20 90 97 0
a 20 97 215 0
a 20 96 215 1
a 20 215 167 0
a 20 48 167 1
a 20 167 217 0
a 20 98 217 1
a 20 217 197 0
a 20 78 197 1
a 20 197 157 0
a 20 38 157 1
a 20 157 41 0
a 20 41 87 0
a 20 87 196 0
a 20 77 196 1
a 20 196 210 0
a 20 91 210 1
a 20 210 99 0
a 20 99 208 0
a 20 89 208 1
a 20 208 101 0
a 20 101 223 0
a 20 104 223 1
a 20 223 228 0
a 20 109 228 1
a 20 228 116 0
a 20 116 115 0
a 20 115 189 0
a 20 70 189 1
a 20 189 209 0
a 20 90 209 1
a 20 209 216 0
a 20 97 216 1
a 20 216 54 0
a 20 54 114 0
a 20 114 160 0
a 20 41 160 1
a 20 160 103 0
a 20 103 206 0
a 20 87 206 1
a 20 206 88 0
a 20 88 118 0
a 20 118 75 0
a 20 75 93 0
a 20 93 117 0
a 20 117 218 0
a 20 99 218 1
a 20 218 173 0
a 20 54 173 1
a 20 173 220 0
a 20 101 220 1
a 20 220 233 0
a 20 114 233 1
a 20 233 234 0
a 20 115 234 1
a 20 234 237 0
a 20 118 237 1
a 20 237 235 0
a 20 116 235 1
a 20 235 207 0
a 20 88 207 1
a 20 207 236 0
a 20 117 236 1
a 20 236 194 0
a 20 75 194 1
a 20 194 212 0
a 20 93 212 1
a 20 212 222 0
a 20 103 222 1
a 20 222 239 0
a 21 238 9 0
a 21 9 50 0
a 21 50 8 0
a 21 8 0 0
a 21 0 23 0
a 21 23 51 0
a 21 51 128 0
a 21 9 128 1
a 21 128 127 0
a 21 8 127 1
a 21 127 119 0
a 21 0 119 1
a 21 119 142 0
a 21 23 142 1
a 21 142 36 0
a 21 36 169 0
a 21 50 169 1
a 21 169 21 0
a 21 21 33 0
a 21 33 52 0
a 21 52 62 0
a 21 62 4 0
a 21 4 170 0
a 21 51 170 1
a 21 170 35 0
a 21 35 155 0
a 21 36 155 1
a 21 155 171 0
a 21 52 171 1
a 21 171 11 0
a 21 11 94 0
a 21 94 181 0
a 21 62 181 1
a 21 181 152 0
a 21 33 152 1
a 21 152 140 0
a 21 21 140 1
a 21 140 123 0
a 21 4 123 1
a 21 123 53 0
a 21 53 57 0
a 21 57 154 0
a 21 35 154 1
a 21 154 76 0
a 21 76 130 0
a 21 11 130 1
a 21 130 34 0
a 21 34 213 0
a 21 94 213 1
a 21 213 176 0
a 21 57 176 1
a 21 176 69 0
a 21 69 172 0
a 21 53 172 1
a 21 172 108 0
a 21 108 28 0
a 21 28 78 0
a 21 78 64 0
a 21 64 72 0
a 21 72 96 0
a 21 96 56 0
a 21 56 77 0
a 21 77 195 0
a 21 76 195 1
a 21 195 89 0
a 21 89 188 0
a 21 69 188 1
a 21 188 153 0
a 21 34 153 1
a 21 153 90 0
a 21 90 215 0
a 21 96 215 1
a 21 215 49 0
a 21 49 227 0
a 21 108 227 1
a 21 227 147 0
a 21 28 147 1
a 21 147 197 0
a 21 78 197 1
a 21 197 191 0
a 21 72 191 1
a 21 191 183 0
a 21 64 183 1
a 21 183 81 0
a 21 81 175 0
a 21 56 175 1
a 21 175 59 0
a 21 59 196 0
a 21 77 196 1
a 21 196 208 0
a 21 89 208 1
a 21 208 115 0
a 21 115 209 0
a 21 90 209 1
a 21 209 168 0
a 21 49 168 1
a 21 168 200 0
a 21 81 200 1
a 21 200 93 0
a 21 93 106 0
a 21 106 178 0
a 21 59 178 1
a 21 178 234 0
a 21 115 234 1
a 21 234 212 0
a 21 93 212 1
a 21 212 225 0
a 21 106 225 1
a 21 225 239 0
a 22 238 50 0
a 22 50 17 0
a 22 17 0 0
a 22 0 29 0
a 22 29 45 0
a 22 45 2 0
a 22 2 10 0
a 22 10 119 0
a 22 0 119 1
a 22 119 121 0
a 22 2 121 1
a 22 121 148 0
a 22 29 148 1
a 22 148 43 0
a 22 43 71 0
a 22 71 169 0
a 22 50 169 1
a 22 169 26 0
a 22 26 136 0
a 22 17 136 1
a 22 136 62 0
a 22 62 164 0
a 22 45 164 1
a 22 164 129 0
a 22 10 129 1
a 22 129 190 0
a 22 71 190 1
a 22 190 25 0
a 22 25 94 0
a 22 94 181 0
a 22 62 181 1
a 22 181 53 0
a 22 53 162 0
a 22 43 162 1
a 22 162 145 0
a 22 26 145 1
a 22 145 84 0
a 22 84 61 0
a 22 61 20 0
a 22 20 47 0
a 22 47 213 0
a 22 94 213 1
a 22 213 144 0
a 22 25 144 1
a 22 144 172 0
a 22 53 172 1
a 22 172 180 0
a 22 61 180 1
a 22 180 166 0
a 22 47 166 1
a 22 166 78 0
a 22 78 38 0
a 22 38 203 0
a 22 84 203 1
a 22 203 139 0
a 22 20 139 1
a 22 139 77 0
a 22 77 91 0
a 22 91 109 0
a 22 109 97 0
a 22 97 112 0
a 22 112 107 0
a 22 107 197 0
a 22 78 197 1
a 22 197 157 0
a 22 38 157 1
a 22 157 80 0
a 22 80 87 0
a 22 87 81 0
a 22 81 196 0
a 22 77 196 1
a 22 196 210 0
a 22 91 210 1
a 22 210 99 0
a 22 99 228 0
a 22 109 228 1
a 22 228 115 0
a 22 115 216 0
a 22 97 216 1
a 22 216 226 0
a 22 107 226 1
a 22 226 63 0
a 22 63 231 0
a 22 112 231 1
a 22 231 206 0
a 22 87 206 1
a 22 206 199 0
a 22 80 199 1
a 22 199 118 0
a 22 118 200 0
a 22 81 200 1
a 22 200 106 0
a 22 106 111 0
a 22 111 218 0
a 22 99 218 1
a 22 218 182 0
a 22 63 182 1
a 22 182 230 0
a 22 111 230 1
a 22 230 234 0
a 22 115 234 1
a 22 234 237 0
a 22 118 237 1
a 22 237 225 0
a 22 106 225 1
a 22 225 239 0
a 23 238 9 0
a 23 9 50 0
a 23 50 6 0
a 23 6 17 0
a 23 17 8 0
a 23 8 45 0
a 23 45 1 0
a 23 1 2 0
a 23 2 18 0
a 23 18 128 0
a 23 9 128 1
a 23 128 127 0
a 23 8 127 1
a 23 127 10 0
a 23 10 125 0
a 23 6 125 1
a 23 125 37 0
a 23 37 36 0
a 23 36 121 0
a 23 2 121 1
a 23 121 169 0
a 23 50 169 1
a 23 169 21 0
a 23 21 33 0
a 23 33 136 0
a 23 17 136 1
a 23 136 120 0
a 23 1 120 1
a 23 120 137 0
a 23 18 137 1
a 23 137 62 0
a 23 62 39 0
a 23 39 19 0
a 23 19 35 0
a 23 35 164 0
a 23 45 164 1
a 23 164 60 0
a 23 60 155 0
a 23 36 155 1
a 23 155 129 0
a 23 10 129 1
a 23 129 25 0
a 23 25 156 0
a 23 37 156 1
a 23 156 181 0
a 23 62 181 1
a 23 181 152 0
a 23 33 152 1
a 23 152 140 0
a 23 21 140 1
a 23 140 158 0
a 23 39 158 1
a 23 158 61 0
a 23 61 57 0
a 23 57 138 0
a 23 19 138 1
a 23 138 40 0
a 23 40 179 0
a 23 60 179 1
a 23 179 27 0
a 23 27 154 0
a 23 35 154 1
a 23 154 47 0
a 23 47 34 0
a 23 34 95 0
a 23 95 83 0
a 23 83 176 0
a 23 57 176 1
a 23 176 159 0
a 23 40 159 1
a 23 159 146 0
a 23 27 146 1
a 23 146 144 0
a 23 25 144 1
a 23 144 48 0
a 23 48 108 0
a 23 108 66 0
a 23 66 180 0
a 23 61 180 1
a 23 180 166 0
a 23 47 166 1
a 23 166 72 0
a 23 72 96 0
a 23 96 46 0
a 23 46 56 0
a 23 56 214 0
a 23 95 214 1
a 23 214 77 0
a 23 77 104 0
a 23 104 89 0
a 23 89 202 0
a 23 83 202 1
a 23 202 185 0
a 23 66 185 1
a 23 185 153 0
a 23 34 153 1
a 23 153 70 0
a 23 70 44 0
a 23 44 82 0
a 23 82 215 0
a 23 96 215 1
a 23 215 167 0
a 23 48 167 1
a 23 167 227 0
a 23 108 227 1
a 23 227 112 0
a 23 112 165 0
a 23 46 165 1
a 23 165 191 0
a 23 72 191 1
a 23 191 87 0
a 23 87 175 0
a 23 56 175 1
a 23 175 105 0
a 23 105 196 0
a 23 77 196 1
a 23 196 208 0
a 23 89 208 1
a 23 208 223 0
a 23 104 223 1
a 23 223 116 0
a 23 116 163 0
a 23 44 163 1
a 23 163 189 0
a 23 70 189 1
a 23 189 86 0
a 23 86 63 0
a 23 63 231 0
a 23 112 231 1
a 23 231 103 0
a 23 103 206 0
a 23 87 206 1
a 23 206 88 0
a 23 88 224 0
a 23 105 224 1
a 23 224 201 0
a 23 82 201 1
a 23 201 85 0
a 23 85 75 0
a 23 75 93 0
a 23 93 117 0
a 23 117 182 0
a 23 63 182 1
a 23 182 205 0
a 23 86 205 1
a 23 205 204 0
a 23 85 204 1
a 23 204 235 0
a 23 116 235 1
a 23 235 207 0
a 23 88 207 1
a 23 207 236 0
a 23 117 236 1
a 23 236 194 0
a 23 75 194 1
a 23 194 212 0
a 23 93 212 1
a 23 212 222 0
a 23 103 222 1
a 23 222 239 0
