c Shift Minimisation Personnel Task Scheduling Problem (SMPTSP)
c data_4_23_59_33
c
c problem jobs shifts
p smptsp 59 23
c
c job start finish 
c 0 6 387
c 1 472 898
c 2 47 463
c 3 37 446
c 4 72 544
c 5 41 428
c 6 2 486
c 7 2 560
c 8 125 453
c 9 571 977
c 10 67 429
c 11 431 950
c 12 4 520
c 13 12 477
c 14 966 1403
c 15 16 436
c 16 42 461
c 17 1044 1391
c 18 492 961
c 19 18 386
c 20 478 832
c 21 538 951
c 22 496 899
c 23 542 973
c 24 1006 1411
c 25 10 399
c 26 974 1358
c 27 560 950
c 28 406 845
c 29 913 1423
c 30 12 440
c 31 175 756
c 32 47 522
c 33 525 906
c 34 954 1400
c 35 480 982
c 36 910 1425
c 37 602 1012
c 38 27 450
c 39 1054 1381
c 40 0 393
c 41 444 861
c 42 1067 1422
c 43 498 997
c 44 853 1399
c 45 1010 1379
c 46 496 856
c 47 1051 1421
c 48 484 857
c 49 429 889
c 50 869 1361
c 51 902 1377
c 52 890 1397
c 53 1002 1400
c 54 463 881
c 55 928 1419
c 56 916 1409
c 57 993 1349
c 58 827 1282
c
c shift cost source target num_qualifications qualifications
k 0 1 118 119 22 40 49 53 2 7 12 15 17 22 23 24 25 26 30 31 33 34 37 38 41 42 47
k 1 1 118 119 17 13 22 39 6 9 18 19 21 28 30 34 36 42 46 48 56 57
k 2 1 118 119 19 8 18 24 5 9 19 22 26 30 31 33 34 36 40 45 49 52 55 56
k 3 1 118 119 26 4 9 17 1 2 6 11 12 14 15 16 23 26 27 29 30 31 34 38 39 40 41 42 46 50 52
k 4 1 118 119 20 3 20 51 4 7 10 14 18 22 25 29 31 36 39 41 43 47 49 55 57
k 5 1 118 119 14 32 37 42 1 7 15 25 34 35 36 39 49 50 55
k 6 1 118 119 21 6 21 57 4 11 13 16 17 18 24 25 26 31 32 36 42 46 50 51 54 55
k 7 1 118 119 24 2 46 55 5 9 11 15 17 18 28 32 33 34 36 37 38 39 40 41 49 50 52 56 57
k 8 1 118 119 23 10 41 50 0 2 3 5 9 13 15 26 27 31 34 36 38 40 43 44 47 49 52 54
k 9 1 118 119 23 19 54 56 3 4 5 9 10 13 16 18 20 25 28 29 34 35 38 40 42 43 46 52
k 10 1 118 119 18 16 43 45 2 6 11 13 21 22 23 28 31 39 40 44 46 47 52
k 11 1 118 119 22 15 35 47 2 10 12 19 21 25 27 32 38 41 46 48 49 50 51 53 54 56 57
k 12 1 118 119 23 38 48 52 4 5 12 14 18 21 22 24 25 26 30 33 34 42 44 45 50 51 54 55
k 13 1 118 119 22 0 1 29 4 5 6 15 17 23 24 33 37 39 42 43 48 49 50 51 53 55 56
k 14 1 118 119 21 30 33 36 3 6 9 10 11 19 21 25 38 39 42 45 47 49 50 52 56 58
k 15 1 118 119 20 12 23 26 5 6 10 14 22 24 28 31 34 37 38 39 42 44 47 48 56
k 16 1 118 119 22 5 11 14 2 3 8 22 24 26 28 29 30 31 36 38 40 42 43 47 52 54 55
k 17 1 118 119 18 25 28 44 2 9 10 15 16 19 24 27 36 37 42 43 49 51 58
k 18 1 118 119 16 7 27 34 4 6 8 10 20 23 24 29 36 41 42 53 55
k 19 1 118 119 18 31 58 1 2 3 20 21 22 34 37 39 40 43 44 45 47 52 57
k 20 1 118 119 15 40 54 13 28 25 39 7 45 6 27 56 51 15 18 48
k 21 1 118 119 26 29 55 36 32 43 5 14 46 20 28 1 27 18 33 52 2 45 37 15 23 26 9 12 7 47 31
k 22 1 118 119 17 29 36 5 25 13 38 9 23 56 0 43 49 2 27 54 30 20
c
c graph source target is_shift
a 0 118 40 0
a 0 40 7 0
a 0 7 12 0
a 0 12 25 0
a 0 25 30 0
a 0 30 15 0
a 0 15 38 0
a 0 38 2 0
a 0 2 31 0
a 0 31 99 0
a 0 40 99 1
a 0 99 84 0
a 0 25 84 1
a 0 84 49 0
a 0 49 74 0
a 0 15 74 1
a 0 74 89 0
a 0 30 89 1
a 0 89 41 0
a 0 41 97 0
a 0 38 97 1
a 0 97 61 0
a 0 2 61 1
a 0 61 22 0
a 0 22 71 0
a 0 12 71 1
a 0 71 33 0
a 0 33 23 0
a 0 23 66 0
a 0 7 66 1
a 0 66 37 0
a 0 37 90 0
a 0 31 90 1
a 0 90 100 0
a 0 41 100 1
a 0 100 108 0
a 0 49 108 1
a 0 108 81 0
a 0 22 81 1
a 0 81 92 0
a 0 33 92 1
a 0 92 34 0
a 0 34 82 0
a 0 23 82 1
a 0 82 26 0
a 0 26 53 0
a 0 53 24 0
a 0 24 96 0
a 0 37 96 1
a 0 96 17 0
a 0 17 47 0
a 0 47 42 0
a 0 42 85 0
a 0 26 85 1
a 0 85 76 0
a 0 17 76 1
a 0 76 112 0
a 0 53 112 1
a 0 112 93 0
a 0 34 93 1
a 0 93 83 0
a 0 24 83 1
a 0 83 106 0
a 0 47 106 1
a 0 106 101 0
a 0 42 101 1
a 0 101 119 0
a 1 118 6 0
a 1 6 13 0
a 1 13 30 0
a 1 30 19 0
a 1 19 78 0
a 1 19 120 1
a 1 120 78 0
a 1 78 28 0
a 1 28 89 0
a 1 30 89 1
a 1 89 72 0
a 1 13 72 1
a 1 72 48 0
a 1 48 65 0
a 1 6 65 1
a 1 65 18 0
a 1 18 22 0
a 1 22 46 0
a 1 46 21 0
a 1 21 9 0
a 1 9 87 0
a 1 28 87 1
a 1 87 105 0
a 1 46 105 1
a 1 105 107 0
a 1 48 107 1
a 1 107 81 0
a 1 22 81 1
a 1 81 36 0
a 1 36 56 0
a 1 56 80 0
a 1 21 80 1
a 1 80 34 0
a 1 34 77 0
a 1 18 77 1
a 1 77 68 0
a 1 9 68 1
a 1 68 57 0
a 1 57 39 0
a 1 39 42 0
a 1 42 116 0
a 1 57 116 1
a 1 116 98 0
a 1 39 98 1
a 1 98 93 0
a 1 34 93 1
a 1 93 115 0
a 1 56 115 1
a 1 115 101 0
a 1 42 101 1
a 1 101 95 0
a 1 36 95 1
a 1 95 119 0
a 2 118 40 0
a 2 40 30 0
a 2 30 19 0
a 2 19 5 0
a 2 5 8 0
a 2 8 31 0
a 2 31 78 0
a 2 19 78 1
a 2 78 99 0
a 2 40 99 1
a 2 99 64 0
a 2 5 64 1
a 2 64 49 0
a 2 49 89 0
a 2 30 89 1
a 2 89 67 0
a 2 8 67 1
a 2 67 18 0
a 2 18 22 0
a 2 22 33 0
a 2 33 9 0
a 2 9 90 0
a 2 31 90 1
a 2 90 108 0
a 2 49 108 1
a 2 108 52 0
a 2 52 81 0
a 2 22 81 1
a 2 81 92 0
a 2 33 92 1
a 2 92 36 0
a 2 36 56 0
a 2 56 55 0
a 2 55 34 0
a 2 34 77 0
a 2 18 77 1
a 2 77 26 0
a 2 26 68 0
a 2 9 68 1
a 2 68 24 0
a 2 24 45 0
a 2 45 85 0
a 2 26 85 1
a 2 85 104 0
a 2 45 104 1
a 2 104 111 0
a 2 52 111 1
a 2 111 93 0
a 2 34 93 1
a 2 93 115 0
a 2 56 115 1
a 2 115 83 0
a 2 24 83 1
a 2 83 114 0
a 2 55 114 1
a 2 114 95 0
a 2 36 95 1
a 2 95 119 0
a 3 118 40 0
a 3 40 6 0
a 3 6 12 0
a 3 12 30 0
a 3 30 15 0
a 3 15 38 0
a 3 38 16 0
a 3 16 2 0
a 3 2 4 0
a 3 4 31 0
a 3 31 99 0
a 3 40 99 1
a 3 99 11 0
a 3 11 74 0
a 3 15 74 1
a 3 74 89 0
a 3 30 89 1
a 3 89 41 0
a 3 41 97 0
a 3 38 97 1
a 3 97 75 0
a 3 16 75 1
a 3 75 61 0
a 3 2 61 1
a 3 61 1 0
a 3 1 65 0
a 3 6 65 1
a 3 65 46 0
a 3 46 71 0
a 3 12 71 1
a 3 71 23 0
a 3 23 63 0
a 3 4 63 1
a 3 63 27 0
a 3 27 9 0
a 3 9 90 0
a 3 31 90 1
a 3 90 105 0
a 3 46 105 1
a 3 105 100 0
a 3 41 100 1
a 3 100 50 0
a 3 50 52 0
a 3 52 60 0
a 3 1 60 1
a 3 60 29 0
a 3 29 70 0
a 3 11 70 1
a 3 70 86 0
a 3 27 86 1
a 3 86 34 0
a 3 34 14 0
a 3 14 82 0
a 3 23 82 1
a 3 82 26 0
a 3 26 68 0
a 3 9 68 1
a 3 68 17 0
a 3 17 39 0
a 3 39 42 0
a 3 42 85 0
a 3 26 85 1
a 3 85 109 0
a 3 50 109 1
a 3 109 98 0
a 3 39 98 1
a 3 98 76 0
a 3 17 76 1
a 3 76 111 0
a 3 52 111 1
a 3 111 93 0
a 3 34 93 1
a 3 93 73 0
a 3 14 73 1
a 3 73 101 0
a 3 42 101 1
a 3 101 88 0
a 3 29 88 1
a 3 88 119 0
a 4 118 7 0
a 4 7 25 0
a 4 25 3 0
a 4 3 10 0
a 4 10 4 0
a 4 4 31 0
a 4 31 84 0
a 4 25 84 1
a 4 84 69 0
a 4 10 69 1
a 4 69 49 0
a 4 49 41 0
a 4 41 62 0
a 4 3 62 1
a 4 62 20 0
a 4 20 18 0
a 4 18 22 0
a 4 22 43 0
a 4 43 63 0
a 4 4 63 1
a 4 63 66 0
a 4 7 66 1
a 4 66 90 0
a 4 31 90 1
a 4 90 79 0
a 4 20 79 1
a 4 79 100 0
a 4 41 100 1
a 4 100 108 0
a 4 49 108 1
a 4 108 81 0
a 4 22 81 1
a 4 81 51 0
a 4 51 36 0
a 4 36 29 0
a 4 29 55 0
a 4 55 77 0
a 4 18 77 1
a 4 77 14 0
a 4 14 57 0
a 4 57 102 0
a 4 43 102 1
a 4 102 47 0
a 4 47 39 0
a 4 39 116 0
a 4 57 116 1
a 4 116 110 0
a 4 51 110 1
a 4 110 98 0
a 4 39 98 1
a 4 98 73 0
a 4 14 73 1
a 4 73 114 0
a 4 55 114 1
a 4 114 106 0
a 4 47 106 1
a 4 106 88 0
a 4 29 88 1
a 4 88 95 0
a 4 36 95 1
a 4 95 119 0
a 5 118 7 0
a 5 7 25 0
a 5 25 15 0
a 5 15 32 0
a 5 32 84 0
a 5 25 84 1
a 5 84 49 0
a 5 49 74 0
a 5 15 74 1
a 5 74 1 0
a 5 1 35 0
a 5 35 91 0
a 5 32 91 1
a 5 91 66 0
a 5 7 66 1
a 5 66 37 0
a 5 37 50 0
a 5 50 108 0
a 5 49 108 1
a 5 108 60 0
a 5 1 60 1
a 5 60 36 0
a 5 36 55 0
a 5 55 34 0
a 5 34 94 0
a 5 35 94 1
a 5 94 96 0
a 5 37 96 1
a 5 96 39 0
a 5 39 42 0
a 5 42 109 0
a 5 50 109 1
a 5 109 98 0
a 5 39 98 1
a 5 98 93 0
a 5 34 93 1
a 5 93 114 0
a 5 55 114 1
a 5 114 101 0
a 5 42 101 1
a 5 101 95 0
a 5 36 95 1
a 5 95 119 0
a 6 118 6 0
a 6 6 25 0
a 6 25 13 0
a 6 13 16 0
a 6 16 32 0
a 6 32 4 0
a 6 4 31 0
a 6 31 84 0
a 6 25 84 1
a 6 84 11 0
a 6 11 75 0
a 6 16 75 1
a 6 75 54 0
a 6 54 72 0
a 6 13 72 1
a 6 72 65 0
a 6 6 65 1
a 6 65 18 0
a 6 18 46 0
a 6 46 91 0
a 6 32 91 1
a 6 91 21 0
a 6 21 63 0
a 6 4 63 1
a 6 63 90 0
a 6 31 90 1
a 6 90 105 0
a 6 46 105 1
a 6 105 50 0
a 6 50 113 0
a 6 54 113 1
a 6 113 51 0
a 6 51 36 0
a 6 36 55 0
a 6 55 70 0
a 6 11 70 1
a 6 70 80 0
a 6 21 80 1
a 6 80 77 0
a 6 18 77 1
a 6 77 26 0
a 6 26 57 0
a 6 57 24 0
a 6 24 17 0
a 6 17 42 0
a 6 42 116 0
a 6 57 116 1
a 6 116 85 0
a 6 26 85 1
a 6 85 109 0
a 6 50 109 1
a 6 109 110 0
a 6 51 110 1
a 6 110 76 0
a 6 17 76 1
a 6 76 83 0
a 6 24 83 1
a 6 83 114 0
a 6 55 114 1
a 6 114 101 0
a 6 42 101 1
a 6 101 95 0
a 6 36 95 1
a 6 95 119 0
a 7 118 40 0
a 7 40 15 0
a 7 15 38 0
a 7 38 5 0
a 7 5 2 0
a 7 2 32 0
a 7 32 99 0
a 7 40 99 1
a 7 99 28 0
a 7 28 64 0
a 7 5 64 1
a 7 64 49 0
a 7 49 11 0
a 7 11 74 0
a 7 15 74 1
a 7 74 41 0
a 7 41 97 0
a 7 38 97 1
a 7 97 61 0
a 7 2 61 1
a 7 61 18 0
a 7 18 46 0
a 7 46 91 0
a 7 32 91 1
a 7 91 33 0
a 7 33 9 0
a 7 9 37 0
a 7 37 87 0
a 7 28 87 1
a 7 87 105 0
a 7 46 105 1
a 7 105 100 0
a 7 41 100 1
a 7 100 50 0
a 7 50 108 0
a 7 49 108 1
a 7 108 52 0
a 7 52 92 0
a 7 33 92 1
a 7 92 36 0
a 7 36 56 0
a 7 56 55 0
a 7 55 70 0
a 7 11 70 1
a 7 70 34 0
a 7 34 77 0
a 7 18 77 1
a 7 77 68 0
a 7 9 68 1
a 7 68 57 0
a 7 57 96 0
a 7 37 96 1
a 7 96 17 0
a 7 17 39 0
a 7 39 116 0
a 7 57 116 1
a 7 116 109 0
a 7 50 109 1
a 7 109 98 0
a 7 39 98 1
a 7 98 76 0
a 7 17 76 1
a 7 76 111 0
a 7 52 111 1
a 7 111 93 0
a 7 34 93 1
a 7 93 115 0
a 7 56 115 1
a 7 115 114 0
a 7 55 114 1
a 7 114 95 0
a 7 36 95 1
a 7 95 119 0
a 8 118 40 0
a 8 40 0 0
a 8 0 13 0
a 8 13 15 0
a 8 15 38 0
a 8 38 3 0
a 8 3 5 0
a 8 5 2 0
a 8 2 10 0
a 8 10 31 0
a 8 31 59 0
a 8 0 59 1
a 8 59 99 0
a 8 40 99 1
a 8 99 64 0
a 8 5 64 1
a 8 64 69 0
a 8 10 69 1
a 8 69 49 0
a 8 49 74 0
a 8 15 74 1
a 8 74 41 0
a 8 41 62 0
a 8 3 62 1
a 8 62 97 0
a 8 38 97 1
a 8 97 61 0
a 8 2 61 1
a 8 61 54 0
a 8 54 72 0
a 8 13 72 1
a 8 72 43 0
a 8 43 27 0
a 8 27 9 0
a 8 9 90 0
a 8 31 90 1
a 8 90 44 0
a 8 44 100 0
a 8 41 100 1
a 8 100 50 0
a 8 50 113 0
a 8 54 113 1
a 8 113 108 0
a 8 49 108 1
a 8 108 52 0
a 8 52 36 0
a 8 36 86 0
a 8 27 86 1
a 8 86 34 0
a 8 34 26 0
a 8 26 68 0
a 8 9 68 1
a 8 68 102 0
a 8 43 102 1
a 8 102 47 0
a 8 47 85 0
a 8 26 85 1
a 8 85 109 0
a 8 50 109 1
a 8 109 111 0
a 8 52 111 1
a 8 111 103 0
a 8 44 103 1
a 8 103 93 0
a 8 34 93 1
a 8 93 106 0
a 8 47 106 1
a 8 106 95 0
a 8 36 95 1
a 8 95 119 0
a 9 118 40 0
a 9 40 25 0
a 9 25 13 0
a 9 13 19 0
a 9 19 38 0
a 9 38 3 0
a 9 3 5 0
a 9 5 16 0
a 9 16 10 0
a 9 10 4 0
a 9 4 78 0
a 9 19 78 1
a 9 78 99 0
a 9 40 99 1
a 9 99 84 0
a 9 25 84 1
a 9 84 28 0
a 9 28 64 0
a 9 5 64 1
a 9 64 69 0
a 9 10 69 1
a 9 69 62 0
a 9 3 62 1
a 9 62 97 0
a 9 38 97 1
a 9 97 75 0
a 9 16 75 1
a 9 75 54 0
a 9 54 72 0
a 9 13 72 1
a 9 72 20 0
a 9 20 35 0
a 9 35 18 0
a 9 18 46 0
a 9 46 43 0
a 9 43 63 0
a 9 4 63 1
a 9 63 9 0
a 9 9 79 0
a 9 20 79 1
a 9 79 87 0
a 9 28 87 1
a 9 87 105 0
a 9 46 105 1
a 9 105 113 0
a 9 54 113 1
a 9 113 52 0
a 9 52 29 0
a 9 29 56 0
a 9 56 34 0
a 9 34 77 0
a 9 18 77 1
a 9 77 68 0
a 9 9 68 1
a 9 68 94 0
a 9 35 94 1
a 9 94 102 0
a 9 43 102 1
a 9 102 42 0
a 9 42 111 0
a 9 52 111 1
a 9 111 93 0
a 9 34 93 1
a 9 93 115 0
a 9 56 115 1
a 9 115 101 0
a 9 42 101 1
a 9 101 88 0
a 9 29 88 1
a 9 88 119 0
a 10 118 40 0
a 10 40 6 0
a 10 6 13 0
a 10 13 16 0
a 10 16 2 0
a 10 2 31 0
a 10 31 99 0
a 10 40 99 1
a 10 99 28 0
a 10 28 11 0
a 10 11 75 0
a 10 16 75 1
a 10 75 61 0
a 10 2 61 1
a 10 61 72 0
a 10 13 72 1
a 10 72 65 0
a 10 6 65 1
a 10 65 22 0
a 10 22 46 0
a 10 46 43 0
a 10 43 21 0
a 10 21 23 0
a 10 23 90 0
a 10 31 90 1
a 10 90 87 0
a 10 28 87 1
a 10 87 44 0
a 10 44 105 0
a 10 46 105 1
a 10 105 52 0
a 10 52 81 0
a 10 22 81 1
a 10 81 70 0
a 10 11 70 1
a 10 70 80 0
a 10 21 80 1
a 10 80 82 0
a 10 23 82 1
a 10 82 102 0
a 10 43 102 1
a 10 102 45 0
a 10 45 47 0
a 10 47 39 0
a 10 39 104 0
a 10 45 104 1
a 10 104 98 0
a 10 39 98 1
a 10 98 111 0
a 10 52 111 1
a 10 111 103 0
a 10 44 103 1
a 10 103 106 0
a 10 47 106 1
a 10 106 119 0
a 11 118 12 0
a 11 12 25 0
a 11 25 15 0
a 11 15 19 0
a 11 19 38 0
a 11 38 2 0
a 11 2 32 0
a 11 32 10 0
a 11 10 78 0
a 11 19 78 1
a 11 78 84 0
a 11 25 84 1
a 11 84 69 0
a 11 10 69 1
a 11 69 49 0
a 11 49 74 0
a 11 15 74 1
a 11 74 41 0
a 11 41 97 0
a 11 38 97 1
a 11 97 61 0
a 11 2 61 1
a 11 61 54 0
a 11 54 35 0
a 11 35 48 0
a 11 48 46 0
a 11 46 71 0
a 11 12 71 1
a 11 71 91 0
a 11 32 91 1
a 11 91 21 0
a 11 21 27 0
a 11 27 105 0
a 11 46 105 1
a 11 105 107 0
a 11 48 107 1
a 11 107 100 0
a 11 41 100 1
a 11 100 50 0
a 11 50 113 0
a 11 54 113 1
a 11 113 108 0
a 11 49 108 1
a 11 108 51 0
a 11 51 56 0
a 11 56 86 0
a 11 27 86 1
a 11 86 80 0
a 11 21 80 1
a 11 80 94 0
a 11 35 94 1
a 11 94 57 0
a 11 57 53 0
a 11 53 47 0
a 11 47 116 0
a 11 57 116 1
a 11 116 109 0
a 11 50 109 1
a 11 109 110 0
a 11 51 110 1
a 11 110 112 0
a 11 53 112 1
a 11 112 115 0
a 11 56 115 1
a 11 115 106 0
a 11 47 106 1
a 11 106 119 0
a 12 118 12 0
a 12 12 25 0
a 12 25 30 0
a 12 30 38 0
a 12 38 5 0
a 12 5 4 0
a 12 4 84 0
a 12 25 84 1
a 12 84 64 0
a 12 5 64 1
a 12 64 89 0
a 12 30 89 1
a 12 89 97 0
a 12 38 97 1
a 12 97 54 0
a 12 54 48 0
a 12 48 18 0
a 12 18 22 0
a 12 22 71 0
a 12 12 71 1
a 12 71 33 0
a 12 33 21 0
a 12 21 63 0
a 12 4 63 1
a 12 63 44 0
a 12 44 107 0
a 12 48 107 1
a 12 107 50 0
a 12 50 113 0
a 12 54 113 1
a 12 113 52 0
a 12 52 81 0
a 12 22 81 1
a 12 81 51 0
a 12 51 92 0
a 12 33 92 1
a 12 92 55 0
a 12 55 80 0
a 12 21 80 1
a 12 80 34 0
a 12 34 77 0
a 12 18 77 1
a 12 77 14 0
a 12 14 26 0
a 12 26 24 0
a 12 24 45 0
a 12 45 42 0
a 12 42 85 0
a 12 26 85 1
a 12 85 109 0
a 12 50 109 1
a 12 109 110 0
a 12 51 110 1
a 12 110 104 0
a 12 45 104 1
a 12 104 111 0
a 12 52 111 1
a 12 111 103 0
a 12 44 103 1
a 12 103 93 0
a 12 34 93 1
a 12 93 73 0
a 12 14 73 1
a 12 73 83 0
a 12 24 83 1
a 12 83 114 0
a 12 55 114 1
a 12 114 101 0
a 12 42 101 1
a 12 101 119 0
a 13 118 6 0
a 13 6 0 0
a 13 0 15 0
a 13 15 5 0
a 13 5 4 0
a 13 4 59 0
a 13 0 59 1
a 13 59 64 0
a 13 5 64 1
a 13 64 49 0
a 13 49 74 0
a 13 15 74 1
a 13 74 1 0
a 13 1 48 0
a 13 48 65 0
a 13 6 65 1
a 13 65 43 0
a 13 43 33 0
a 13 33 23 0
a 13 23 63 0
a 13 4 63 1
a 13 63 37 0
a 13 37 107 0
a 13 48 107 1
a 13 107 50 0
a 13 50 108 0
a 13 49 108 1
a 13 108 60 0
a 13 1 60 1
a 13 60 51 0
a 13 51 92 0
a 13 33 92 1
a 13 92 29 0
a 13 29 56 0
a 13 56 55 0
a 13 55 82 0
a 13 23 82 1
a 13 82 102 0
a 13 43 102 1
a 13 102 53 0
a 13 53 24 0
a 13 24 96 0
a 13 37 96 1
a 13 96 17 0
a 13 17 39 0
a 13 39 42 0
a 13 42 109 0
a 13 50 109 1
a 13 109 110 0
a 13 51 110 1
a 13 110 98 0
a 13 39 98 1
a 13 98 76 0
a 13 17 76 1
a 13 76 112 0
a 13 53 112 1
a 13 112 115 0
a 13 56 115 1
a 13 115 83 0
a 13 24 83 1
a 13 83 114 0
a 13 55 114 1
a 13 114 101 0
a 13 42 101 1
a 13 101 88 0
a 13 29 88 1
a 13 88 119 0
a 14 118 6 0
a 14 6 25 0
a 14 25 30 0
a 14 30 19 0
a 14 19 38 0
a 14 38 3 0
a 14 3 10 0
a 14 10 78 0
a 14 19 78 1
a 14 78 84 0
a 14 25 84 1
a 14 84 69 0
a 14 10 69 1
a 14 69 49 0
a 14 49 11 0
a 14 11 89 0
a 14 30 89 1
a 14 89 62 0
a 14 3 62 1
a 14 62 97 0
a 14 38 97 1
a 14 97 65 0
a 14 6 65 1
a 14 65 33 0
a 14 33 21 0
a 14 21 9 0
a 14 9 58 0
a 14 58 50 0
a 14 50 108 0
a 14 49 108 1
a 14 108 52 0
a 14 52 92 0
a 14 33 92 1
a 14 92 36 0
a 14 36 56 0
a 14 56 70 0
a 14 11 70 1
a 14 70 80 0
a 14 21 80 1
a 14 80 68 0
a 14 9 68 1
a 14 68 45 0
a 14 45 47 0
a 14 47 39 0
a 14 39 42 0
a 14 42 117 0
a 14 58 117 1
a 14 117 109 0
a 14 50 109 1
a 14 109 104 0
a 14 45 104 1
a 14 104 98 0
a 14 39 98 1
a 14 98 111 0
a 14 52 111 1
a 14 111 115 0
a 14 56 115 1
a 14 115 106 0
a 14 47 106 1
a 14 106 101 0
a 14 42 101 1
a 14 101 95 0
a 14 36 95 1
a 14 95 119 0
a 15 118 6 0
a 15 6 12 0
a 15 12 38 0
a 15 38 5 0
a 15 5 10 0
a 15 10 31 0
a 15 31 28 0
a 15 28 64 0
a 15 5 64 1
a 15 64 69 0
a 15 10 69 1
a 15 69 97 0
a 15 38 97 1
a 15 97 48 0
a 15 48 65 0
a 15 6 65 1
a 15 65 22 0
a 15 22 71 0
a 15 12 71 1
a 15 71 23 0
a 15 23 37 0
a 15 37 90 0
a 15 31 90 1
a 15 90 87 0
a 15 28 87 1
a 15 87 44 0
a 15 44 107 0
a 15 48 107 1
a 15 107 81 0
a 15 22 81 1
a 15 81 56 0
a 15 56 34 0
a 15 34 14 0
a 15 14 82 0
a 15 23 82 1
a 15 82 26 0
a 15 26 24 0
a 15 24 96 0
a 15 37 96 1
a 15 96 47 0
a 15 47 39 0
a 15 39 42 0
a 15 42 85 0
a 15 26 85 1
a 15 85 98 0
a 15 39 98 1
a 15 98 103 0
a 15 44 103 1
a 15 103 93 0
a 15 34 93 1
a 15 93 73 0
a 15 14 73 1
a 15 73 115 0
a 15 56 115 1
a 15 115 83 0
a 15 24 83 1
a 15 83 106 0
a 15 47 106 1
a 15 106 101 0
a 15 42 101 1
a 15 101 119 0
a 16 118 40 0
a 16 40 30 0
a 16 30 38 0
a 16 38 3 0
a 16 3 5 0
a 16 5 2 0
a 16 2 8 0
a 16 8 31 0
a 16 31 99 0
a 16 40 99 1
a 16 99 28 0
a 16 28 64 0
a 16 5 64 1
a 16 64 11 0
a 16 11 89 0
a 16 30 89 1
a 16 89 62 0
a 16 3 62 1
a 16 62 97 0
a 16 38 97 1
a 16 97 67 0
a 16 8 67 1
a 16 67 61 0
a 16 2 61 1
a 16 61 54 0
a 16 54 22 0
a 16 22 43 0
a 16 43 90 0
a 16 31 90 1
a 16 90 87 0
a 16 28 87 1
a 16 87 113 0
a 16 54 113 1
a 16 113 52 0
a 16 52 81 0
a 16 22 81 1
a 16 81 36 0
a 16 36 29 0
a 16 29 55 0
a 16 55 70 0
a 16 11 70 1
a 16 70 14 0
a 16 14 26 0
a 16 26 102 0
a 16 43 102 1
a 16 102 24 0
a 16 24 47 0
a 16 47 42 0
a 16 42 85 0
a 16 26 85 1
a 16 85 111 0
a 16 52 111 1
a 16 111 73 0
a 16 14 73 1
a 16 73 83 0
a 16 24 83 1
a 16 83 114 0
a 16 55 114 1
a 16 114 106 0
a 16 47 106 1
a 16 106 101 0
a 16 42 101 1
a 16 101 88 0
a 16 29 88 1
a 16 88 95 0
a 16 36 95 1
a 16 95 119 0
a 17 118 25 0
a 17 25 15 0
a 17 15 19 0
a 17 19 16 0
a 17 16 2 0
a 17 2 10 0
a 17 10 78 0
a 17 19 78 1
a 17 78 84 0
a 17 25 84 1
a 17 84 28 0
a 17 28 69 0
a 17 10 69 1
a 17 69 49 0
a 17 49 74 0
a 17 15 74 1
a 17 74 75 0
a 17 16 75 1
a 17 75 61 0
a 17 2 61 1
a 17 61 43 0
a 17 43 27 0
a 17 27 9 0
a 17 9 37 0
a 17 37 58 0
a 17 58 87 0
a 17 28 87 1
a 17 87 44 0
a 17 44 108 0
a 17 49 108 1
a 17 108 51 0
a 17 51 36 0
a 17 36 86 0
a 17 27 86 1
a 17 86 68 0
a 17 9 68 1
a 17 68 102 0
a 17 43 102 1
a 17 102 24 0
a 17 24 96 0
a 17 37 96 1
a 17 96 42 0
a 17 42 117 0
a 17 58 117 1
a 17 117 110 0
a 17 51 110 1
a 17 110 103 0
a 17 44 103 1
a 17 103 83 0
a 17 24 83 1
a 17 83 101 0
a 17 42 101 1
a 17 101 95 0
a 17 36 95 1
a 17 95 119 0
a 18 118 7 0
a 18 7 6 0
a 18 6 10 0
a 18 10 4 0
a 18 4 8 0
a 18 8 69 0
a 18 10 69 1
a 18 69 41 0
a 18 41 67 0
a 18 8 67 1
a 18 67 20 0
a 18 20 65 0
a 18 6 65 1
a 18 65 23 0
a 18 23 63 0
a 18 4 63 1
a 18 63 66 0
a 18 7 66 1
a 18 66 27 0
a 18 27 79 0
a 18 20 79 1
a 18 79 100 0
a 18 41 100 1
a 18 100 36 0
a 18 36 29 0
a 18 29 55 0
a 18 55 86 0
a 18 27 86 1
a 18 86 34 0
a 18 34 82 0
a 18 23 82 1
a 18 82 53 0
a 18 53 24 0
a 18 24 42 0
a 18 42 93 0
a 18 34 93 1
a 18 93 112 0
a 18 53 112 1
a 18 112 83 0
a 18 24 83 1
a 18 83 114 0
a 18 55 114 1
a 18 114 101 0
a 18 42 101 1
a 18 101 88 0
a 18 29 88 1
a 18 88 95 0
a 18 36 95 1
a 18 95 119 0
a 19 118 40 0
a 19 40 3 0
a 19 3 2 0
a 19 2 31 0
a 19 31 99 0
a 19 40 99 1
a 19 99 62 0
a 19 3 62 1
a 19 62 61 0
a 19 2 61 1
a 19 61 1 0
a 19 1 20 0
a 19 20 22 0
a 19 22 43 0
a 19 43 21 0
a 19 21 37 0
a 19 37 90 0
a 19 31 90 1
a 19 90 58 0
a 19 58 79 0
a 19 20 79 1
a 19 79 44 0
a 19 44 52 0
a 19 52 60 0
a 19 1 60 1
a 19 60 81 0
a 19 22 81 1
a 19 81 80 0
a 19 21 80 1
a 19 80 34 0
a 19 34 57 0
a 19 57 102 0
a 19 43 102 1
a 19 102 45 0
a 19 45 96 0
a 19 37 96 1
a 19 96 47 0
a 19 47 39 0
a 19 39 117 0
a 19 58 117 1
a 19 117 116 0
a 19 57 116 1
a 19 116 104 0
a 19 45 104 1
a 19 104 98 0
a 19 39 98 1
a 19 98 111 0
a 19 52 111 1
a 19 111 103 0
a 19 44 103 1
a 19 103 93 0
a 19 34 93 1
a 19 93 106 0
a 19 47 106 1
a 19 106 119 0
a 20 118 40 0
a 20 40 7 0
a 20 7 6 0
a 20 6 25 0
a 20 25 13 0
a 20 13 15 0
a 20 15 99 0
a 20 40 99 1
a 20 99 84 0
a 20 25 84 1
a 20 84 28 0
a 20 28 74 0
a 20 15 74 1
a 20 74 54 0
a 20 54 72 0
a 20 13 72 1
a 20 72 48 0
a 20 48 65 0
a 20 6 65 1
a 20 65 18 0
a 20 18 66 0
a 20 7 66 1
a 20 66 27 0
a 20 27 87 0
a 20 28 87 1
a 20 87 107 0
a 20 48 107 1
a 20 107 113 0
a 20 54 113 1
a 20 113 51 0
a 20 51 56 0
a 20 56 86 0
a 20 27 86 1
a 20 86 77 0
a 20 18 77 1
a 20 77 45 0
a 20 45 39 0
a 20 39 110 0
a 20 51 110 1
a 20 110 104 0
a 20 45 104 1
a 20 104 98 0
a 20 39 98 1
a 20 98 115 0
a 20 56 115 1
a 20 115 119 0
a 21 118 7 0
a 21 7 12 0
a 21 12 15 0
a 21 15 5 0
a 21 5 32 0
a 21 32 2 0
a 21 2 31 0
a 21 31 28 0
a 21 28 64 0
a 21 5 64 1
a 21 64 74 0
a 21 15 74 1
a 21 74 61 0
a 21 2 61 1
a 21 61 1 0
a 21 1 20 0
a 21 20 18 0
a 21 18 46 0
a 21 46 43 0
a 21 43 71 0
a 21 12 71 1
a 21 71 91 0
a 21 32 91 1
a 21 91 33 0
a 21 33 23 0
a 21 23 66 0
a 21 7 66 1
a 21 66 27 0
a 21 27 9 0
a 21 9 37 0
a 21 37 90 0
a 21 31 90 1
a 21 90 79 0
a 21 20 79 1
a 21 79 87 0
a 21 28 87 1
a 21 87 105 0
a 21 46 105 1
a 21 105 52 0
a 21 52 60 0
a 21 1 60 1
a 21 60 92 0
a 21 33 92 1
a 21 92 36 0
a 21 36 29 0
a 21 29 55 0
a 21 55 86 0
a 21 27 86 1
a 21 86 77 0
a 21 18 77 1
a 21 77 14 0
a 21 14 82 0
a 21 23 82 1
a 21 82 26 0
a 21 26 68 0
a 21 9 68 1
a 21 68 102 0
a 21 43 102 1
a 21 102 45 0
a 21 45 96 0
a 21 37 96 1
a 21 96 47 0
a 21 47 85 0
a 21 26 85 1
a 21 85 104 0
a 21 45 104 1
a 21 104 111 0
a 21 52 111 1
a 21 111 73 0
a 21 14 73 1
a 21 73 114 0
a 21 55 114 1
a 21 114 106 0
a 21 47 106 1
a 21 106 88 0
a 21 29 88 1
a 21 88 95 0
a 21 36 95 1
a 21 95 119 0
a 22 118 0 0
a 22 0 25 0
a 22 25 13 0
a 22 13 30 0
a 22 30 38 0
a 22 38 5 0
a 22 5 2 0
a 22 2 59 0
a 22 0 59 1
a 22 59 84 0
a 22 25 84 1
a 22 84 64 0
a 22 5 64 1
a 22 64 49 0
a 22 49 89 0
a 22 30 89 1
a 22 89 97 0
a 22 38 97 1
a 22 97 61 0
a 22 2 61 1
a 22 61 54 0
a 22 54 72 0
a 22 13 72 1
a 22 72 20 0
a 22 20 43 0
a 22 43 23 0
a 22 23 27 0
a 22 27 9 0
a 22 9 79 0
a 22 20 79 1
a 22 79 113 0
a 22 54 113 1
a 22 113 108 0
a 22 49 108 1
a 22 108 36 0
a 22 36 29 0
a 22 29 56 0
a 22 56 86 0
a 22 27 86 1
a 22 86 82 0
a 22 23 82 1
a 22 82 68 0
a 22 9 68 1
a 22 68 102 0
a 22 43 102 1
a 22 102 115 0
a 22 56 115 1
a 22 115 88 0
a 22 29 88 1
a 22 88 95 0
a 22 36 95 1
a 22 95 119 0
