c Shift Minimisation Personnel Task Scheduling Problem (SMPTSP)
c data_17_23_139_66
c
c problem jobs shifts
p smptsp 139 23
c
c job start finish 
c 0 6 151
c 1 0 181
c 2 2 132
c 3 183 378
c 4 10 405
c 5 4 125
c 6 152 273
c 7 278 550
c 8 41 211
c 9 236 534
c 10 5 147
c 11 12 106
c 12 131 302
c 13 24 155
c 14 309 445
c 15 54 229
c 16 11 312
c 17 550 900
c 18 43 340
c 19 189 511
c 20 909 1128
c 21 21 255
c 22 274 357
c 23 13 216
c 24 413 603
c 25 354 468
c 26 516 614
c 27 14 171
c 28 5 279
c 29 539 744
c 30 155 478
c 31 282 651
c 32 8 137
c 33 608 735
c 34 128 273
c 35 452 658
c 36 344 478
c 37 248 569
c 38 268 563
c 39 497 679
c 40 141 429
c 41 16 229
c 42 681 894
c 43 736 1022
c 44 173 304
c 45 399 531
c 46 3 140
c 47 466 660
c 48 615 828
c 49 483 688
c 50 306 415
c 51 652 774
c 52 901 999
c 53 7 229
c 54 152 327
c 55 597 716
c 56 427 653
c 57 1045 1194
c 58 667 770
c 59 592 677
c 60 1139 1323
c 61 720 931
c 62 508 798
c 63 750 885
c 64 530 771
c 65 890 978
c 66 231 610
c 67 383 589
c 68 685 990
c 69 615 804
c 70 813 900
c 71 775 878
c 72 1202 1426
c 73 550 660
c 74 711 800
c 75 821 969
c 76 981 1108
c 77 858 1121
c 78 182 472
c 79 846 1017
c 80 597 716
c 81 788 940
c 82 723 963
c 83 235 334
c 84 755 1006
c 85 282 632
c 86 912 1116
c 87 936 1030
c 88 880 1068
c 89 653 941
c 90 534 615
c 91 974 1107
c 92 623 782
c 93 344 488
c 94 1328 1428
c 95 990 1103
c 96 977 1086
c 97 1119 1231
c 98 1167 1286
c 99 511 842
c 100 1027 1163
c 101 806 1005
c 102 1191 1435
c 103 957 1063
c 104 1002 1271
c 105 642 742
c 106 1078 1303
c 107 798 907
c 108 1288 1430
c 109 1022 1342
c 110 1070 1301
c 111 1016 1265
c 112 1342 1436
c 113 1035 1177
c 114 1142 1306
c 115 913 1145
c 116 714 917
c 117 744 1014
c 118 1181 1438
c 119 1127 1404
c 120 1271 1437
c 121 1265 1383
c 122 863 1045
c 123 1331 1436
c 124 1134 1377
c 125 1137 1290
c 126 948 1241
c 127 1245 1409
c 128 1018 1234
c 129 1069 1215
c 130 1356 1420
c 131 1302 1422
c 132 1248 1431
c 133 1048 1317
c 134 1343 1419
c 135 1318 1438
c 136 1318 1429
c 137 1170 1370
c 138 1218 1439
c
c shift cost source target num_qualifications qualifications
k 0 1 278 279 92 2 3 56 89 96 125 130 1 4 8 10 11 12 13 14 16 17 18 19 20 22 24 25 26 27 28 32 33 35 37 40 41 42 43 44 45 47 48 50 51 54 55 59 60 61 62 63 66 67 68 69 74 75 77 78 79 81 82 83 84 86 87 88 91 92 93 95 98 99 100 101 102 103 105 106 107 108 111 112 113 114 117 119 120 121 122 123 126 131 133 134 135
k 1 1 278 279 89 27 44 50 62 101 110 134 0 3 6 7 8 9 10 11 14 19 20 21 23 25 28 29 31 32 33 38 39 40 43 45 47 48 54 55 56 57 58 60 63 65 66 67 68 69 71 73 76 79 80 81 82 85 86 88 90 91 92 94 96 98 99 100 103 104 105 106 108 109 111 112 114 115 116 117 118 119 122 123 124 125 126 127 128 130 131 132 136 138
k 2 1 278 279 89 13 78 90 92 107 115 137 0 1 5 6 7 8 10 11 14 16 18 19 20 22 23 25 26 27 29 31 32 34 35 37 39 43 45 46 47 50 51 52 53 54 56 57 58 60 61 65 66 67 69 70 71 72 73 74 75 76 77 81 84 86 88 89 94 96 97 98 100 101 102 104 105 108 110 113 114 122 123 124 126 127 128 129 130 131 132 134 135 138
k 3 1 278 279 94 21 22 45 73 116 126 127 0 4 5 6 7 10 11 12 13 17 19 23 24 26 28 32 33 34 36 38 39 40 41 43 44 46 47 49 50 51 52 53 54 57 58 59 60 62 63 64 65 68 70 71 72 74 75 79 80 82 84 85 86 87 88 89 90 92 93 94 95 98 99 102 103 104 105 106 108 109 110 111 112 113 117 121 122 124 128 129 130 131 132 133 136 137 138
k 4 1 278 279 91 23 38 59 82 91 114 136 0 2 4 5 6 7 8 15 16 17 19 22 24 26 27 28 29 32 33 34 37 40 42 44 45 46 53 54 55 56 57 61 62 63 64 65 66 67 69 70 73 75 76 78 80 81 83 84 85 87 89 90 92 93 94 95 97 98 99 100 101 102 107 109 110 112 113 115 116 117 118 119 120 124 125 126 127 128 129 130 133 134 135 138
k 5 1 278 279 95 18 36 64 70 86 97 120 0 4 6 7 8 9 10 11 12 13 14 15 16 17 22 24 25 26 27 28 29 31 34 35 40 41 42 44 45 46 47 48 49 50 51 52 57 59 60 61 63 65 68 69 71 73 74 79 80 82 83 84 85 88 89 91 92 93 95 96 99 101 102 104 105 107 108 110 112 113 114 115 116 117 118 119 122 124 126 127 129 131 132 134 135 136 137 138
k 6 1 278 279 100 8 9 29 63 65 95 124 0 2 4 5 7 10 11 12 13 14 15 17 19 20 23 25 27 28 30 31 32 33 34 35 36 37 40 41 42 45 46 48 49 50 51 52 53 56 57 58 60 61 67 68 70 71 72 73 74 75 76 77 79 81 82 84 86 88 89 90 91 93 94 97 98 99 100 101 102 103 104 105 107 108 109 111 112 113 115 117 118 119 120 122 123 125 126 130 131 134 135 136 137
k 7 1 278 279 101 16 25 49 74 79 100 102 0 1 2 3 4 5 6 8 9 11 12 13 14 15 19 21 23 26 27 28 29 30 31 32 33 34 36 37 39 41 44 45 46 52 53 54 55 56 58 59 60 63 64 65 66 67 68 69 70 71 72 73 75 76 77 78 81 82 83 84 86 87 88 91 92 94 95 98 103 104 105 108 110 111 112 113 115 116 117 118 120 122 123 124 126 127 128 130 131 132 133 134 135 137
k 8 1 278 279 82 11 12 14 35 68 111 121 3 4 5 7 8 13 15 16 18 19 20 21 22 25 27 28 29 30 33 36 37 39 40 41 42 43 44 46 47 50 53 54 55 56 58 59 60 64 65 66 69 70 71 74 77 79 84 86 88 89 90 92 94 95 102 104 105 106 107 108 109 115 116 117 118 122 124 128 130 131 132 133 134 136 137
k 9 1 278 279 97 46 54 67 80 84 109 112 0 1 3 4 6 7 8 10 11 12 13 15 16 17 18 19 20 21 22 24 25 26 28 29 30 31 35 36 37 38 40 41 42 43 44 45 47 49 50 53 55 56 59 60 61 62 64 66 69 70 71 73 74 76 77 78 82 83 87 88 90 92 93 94 95 97 98 99 100 101 103 105 106 107 108 110 113 114 117 119 120 123 125 128 129 130 133 134 135 136
k 10 1 278 279 98 15 37 55 61 87 113 118 1 2 3 4 5 6 8 9 10 11 12 13 14 16 17 18 22 23 24 25 26 27 28 31 32 33 35 38 39 40 43 44 45 46 47 48 49 52 54 56 57 58 62 63 64 65 66 67 68 70 73 74 75 76 78 79 80 81 82 83 85 86 89 92 94 97 99 100 101 102 103 104 110 111 112 114 115 117 119 120 121 122 124 125 128 130 131 132 133 137 138
k 11 1 278 279 100 1 19 26 48 77 98 108 0 2 3 6 10 11 12 14 15 17 18 20 21 22 24 28 29 33 34 35 36 37 39 40 41 42 43 44 46 49 50 51 52 53 54 56 57 58 61 62 63 64 65 66 67 69 70 71 72 73 74 75 76 78 79 80 82 83 84 85 86 87 89 90 92 95 96 99 100 102 103 105 106 109 111 112 114 115 117 118 119 121 122 125 128 129 130 132 133 134 135 137 138
k 12 1 278 279 95 10 30 39 42 52 104 131 0 2 5 7 11 12 14 16 17 18 19 22 24 25 26 27 28 32 33 36 40 43 44 45 46 47 49 50 53 54 56 57 58 59 60 62 63 64 68 69 70 72 73 76 77 78 79 80 82 83 84 87 89 90 92 94 95 97 98 99 100 102 103 105 106 109 110 114 115 116 117 118 120 121 122 123 125 126 127 128 129 132 133 134 135 136 137 138
k 13 1 278 279 98 41 83 93 99 122 133 135 0 1 2 3 4 5 7 8 9 10 12 13 15 16 17 18 19 20 23 26 27 28 30 31 32 33 34 35 36 39 40 43 44 46 49 50 51 52 54 55 57 58 60 62 63 64 66 67 69 70 72 73 75 76 78 79 82 84 86 87 88 89 92 94 96 97 98 101 103 105 106 110 113 115 118 119 120 121 123 124 125 126 128 129 130 131 132 134 136 137 138
k 14 1 278 279 82 5 34 85 105 117 128 132 0 1 2 3 4 7 8 9 11 12 13 14 15 16 17 18 19 20 21 22 26 27 31 35 36 38 39 43 45 46 49 51 52 53 54 56 57 58 59 61 63 65 66 67 68 70 71 76 80 81 82 84 86 88 89 91 93 94 96 97 101 104 108 109 110 111 113 115 124 125 130 133 134 135 136
k 15 1 278 279 95 0 6 7 17 20 60 94 1 2 3 4 5 8 10 14 15 19 21 23 25 28 29 30 31 33 34 35 37 38 40 41 43 44 45 48 50 51 52 55 56 61 62 64 65 66 67 70 71 73 75 76 77 78 79 80 81 82 84 85 86 88 89 91 92 93 98 99 100 103 104 105 106 108 109 110 113 114 116 117 118 120 122 123 125 126 127 128 129 130 131 133 134 136 137 138
k 16 1 278 279 95 28 31 51 71 88 129 138 0 2 4 6 7 9 11 13 14 16 18 20 21 22 25 27 29 30 32 33 36 37 38 39 40 41 42 43 45 46 47 49 50 52 53 54 55 56 58 59 61 64 68 69 70 72 73 75 76 77 78 79 82 83 85 86 90 91 92 93 94 97 100 101 102 105 106 107 108 109 110 113 114 115 116 119 120 121 122 123 124 125 127 128 130 132 135 136
k 17 1 278 279 102 53 66 69 75 76 119 1 2 3 4 7 8 10 12 13 14 15 16 17 20 21 22 27 29 30 32 34 35 36 38 39 40 41 42 43 48 50 51 52 54 55 56 57 58 59 61 62 65 68 70 72 73 74 77 78 79 80 81 82 83 84 87 88 89 90 91 92 93 94 95 96 97 99 100 101 102 103 104 105 107 109 110 111 112 113 114 115 116 117 118 120 121 123 124 125 128 129 130 135 136 137 138
k 18 1 278 279 94 4 24 33 43 57 72 1 3 5 6 8 10 11 12 13 15 16 18 23 25 26 29 30 31 32 35 36 38 40 41 44 45 47 48 49 50 51 52 54 55 58 59 62 63 64 65 66 67 69 70 71 73 75 78 81 82 83 84 85 86 87 88 89 90 91 93 94 95 97 98 101 103 106 108 110 111 112 113 114 116 117 119 121 123 126 128 129 131 132 133 134 135 136 137
k 19 1 278 279 92 32 40 47 58 81 103 106 123 0 1 3 4 7 8 10 11 12 13 14 16 19 20 22 25 26 29 31 33 34 35 37 38 39 41 46 48 49 50 51 55 56 57 61 62 64 65 69 70 72 76 77 79 80 82 83 85 86 87 88 89 90 91 94 95 97 98 99 102 104 105 107 108 109 110 111 115 116 118 119 120 121 125 126 127 128 129 131 132 134 135 136 137
k 20 1 278 279 99 68 12 31 76 36 25 99 4 19 11 24 3 35 89 65 15 126 20 58 114 62 113 38 94 80 30 57 9 118 69 134 8 129 81 48 132 117 138 107 42 125 128 51 93 13 67 131 96 1 64 27 135 59 115 98 73 91 17 121 108 21 110 88 23 97 60 103 34 40 111 120 136 92 102 7 28 50 82 6 79 18 54 53 74 47 72 124 87 77 10 109 14 127 41 78 116 0 39 45
k 21 1 278 279 96 126 32 93 14 100 80 91 110 92 78 46 111 72 109 99 134 88 51 20 129 47 61 8 97 74 11 113 43 105 10 124 59 24 50 26 16 52 104 62 86 123 82 30 84 12 130 131 66 127 77 22 13 95 33 112 121 49 25 136 83 53 75 133 28 137 57 87 5 34 21 135 107 114 67 128 6 38 35 3 23 76 17 70 2 27 138 81 120 117 19 15 58 96 60 41 54
k 22 1 278 279 89 38 89 131 21 106 6 1 18 33 88 24 70 51 74 32 133 52 40 14 68 22 72 93 60 78 64 102 54 118 50 4 20 120 27 122 39 109 71 134 3 114 77 100 19 129 107 23 15 62 126 96 58 56 85 83 112 2 138 36 5 66 61 80 28 0 101 95 41 98 99 105 16 48 123 135 121 128 43 9 84 76 92 87 29 7 79 125 63 37
c
c graph source target
a 0 278 1
a 0 1 2
a 0 2 10
a 0 10 28
a 0 28 32
a 0 32 4
a 0 4 16
a 0 16 11
a 0 11 27
a 0 27 41
a 0 41 13
a 0 13 8
a 0 8 18
a 0 18 150
a 0 11 150
a 0 150 12
a 0 12 141
a 0 2 141
a 0 141 171
a 0 32 171
a 0 171 40
a 0 40 149
a 0 10 149
a 0 149 54
a 0 54 152
a 0 13 152
a 0 152 166
a 0 27 166
a 0 166 44
a 0 44 140
a 0 1 140
a 0 140 78
a 0 78 3
a 0 3 19
a 0 19 147
a 0 8 147
a 0 147 180
a 0 41 180
a 0 180 66
a 0 66 83
a 0 83 37
a 0 37 22
a 0 22 167
a 0 28 167
a 0 167 151
a 0 12 151
a 0 151 183
a 0 44 183
a 0 183 50
a 0 50 14
a 0 14 155
a 0 16 155
a 0 155 193
a 0 54 193
a 0 193 222
a 0 83 222
a 0 222 157
a 0 18 157
a 0 157 93
a 0 93 25
a 0 25 161
a 0 22 161
a 0 161 142
a 0 3 142
a 0 142 67
a 0 67 45
a 0 45 143
a 0 4 143
a 0 143 24
a 0 24 189
a 0 50 189
a 0 189 56
a 0 56 179
a 0 40 179
a 0 179 153
a 0 14 153
a 0 153 35
a 0 35 47
a 0 47 164
a 0 25 164
a 0 164 217
a 0 78 217
a 0 217 232
a 0 93 232
a 0 232 62
a 0 62 99
a 0 99 158
a 0 19 158
a 0 158 26
a 0 26 184
a 0 45 184
a 0 184 17
a 0 17 176
a 0 37 176
a 0 176 206
a 0 67 206
a 0 206 59
a 0 59 55
a 0 55 163
a 0 24 163
a 0 163 33
a 0 33 205
a 0 66 205
a 0 205 165
a 0 26 165
a 0 165 48
a 0 48 69
a 0 69 92
a 0 92 105
a 0 105 51
a 0 51 89
a 0 89 195
a 0 56 195
a 0 195 174
a 0 35 174
a 0 174 186
a 0 47 186
a 0 186 198
a 0 59 198
a 0 198 42
a 0 42 68
a 0 68 74
a 0 74 194
a 0 55 194
a 0 194 61
a 0 61 82
a 0 82 172
a 0 33 172
a 0 172 43
a 0 43 244
a 0 105 244
a 0 244 117
a 0 117 63
a 0 63 84
a 0 84 190
a 0 51 190
a 0 190 231
a 0 92 231
a 0 231 81
a 0 81 107
a 0 107 201
a 0 62 201
a 0 201 213
a 0 74 213
a 0 213 208
a 0 69 208
a 0 208 101
a 0 101 75
a 0 75 187
a 0 48 187
a 0 187 238
a 0 99 238
a 0 238 79
a 0 79 77
a 0 77 122
a 0 122 88
a 0 88 202
a 0 63 202
a 0 202 181
a 0 42 181
a 0 181 156
a 0 17 156
a 0 156 246
a 0 107 246
a 0 246 20
a 0 20 86
a 0 86 200
a 0 61 200
a 0 200 87
a 0 87 220
a 0 81 220
a 0 220 228
a 0 89 228
a 0 228 126
a 0 126 103
a 0 103 221
a 0 82 221
a 0 221 214
a 0 75 214
a 0 214 91
a 0 91 96
a 0 96 95
a 0 95 207
a 0 68 207
a 0 207 240
a 0 101 240
a 0 240 223
a 0 84 223
a 0 223 256
a 0 117 256
a 0 256 111
a 0 111 218
a 0 79 218
a 0 218 182
a 0 43 182
a 0 182 100
a 0 100 226
a 0 87 226
a 0 226 113
a 0 113 261
a 0 122 261
a 0 261 133
a 0 133 242
a 0 103 242
a 0 242 227
a 0 88 227
a 0 227 106
a 0 106 235
a 0 96 235
a 0 235 234
a 0 95 234
a 0 234 230
a 0 91 230
a 0 230 225
a 0 86 225
a 0 225 216
a 0 77 216
a 0 216 119
a 0 119 159
a 0 20 159
a 0 159 125
a 0 125 60
a 0 60 114
a 0 114 239
a 0 100 239
a 0 239 98
a 0 98 252
a 0 113 252
a 0 252 102
a 0 102 265
a 0 126 265
a 0 265 121
a 0 121 250
a 0 111 250
a 0 250 120
a 0 120 237
a 0 98 237
a 0 237 108
a 0 108 264
a 0 125 264
a 0 264 131
a 0 131 245
a 0 106 245
a 0 245 253
a 0 114 253
a 0 253 272
a 0 133 272
a 0 272 135
a 0 135 199
a 0 60 199
a 0 199 123
a 0 123 112
a 0 112 134
a 0 134 130
a 0 130 260
a 0 121 260
a 0 260 258
a 0 119 258
a 0 258 273
a 0 134 273
a 0 273 269
a 0 130 269
a 0 269 270
a 0 131 270
a 0 270 247
a 0 108 247
a 0 247 241
a 0 102 241
a 0 241 251
a 0 112 251
a 0 251 262
a 0 123 262
a 0 262 259
a 0 120 259
a 0 259 274
a 0 135 274
a 0 274 279
a 1 278 10
a 1 10 28
a 1 28 0
a 1 0 32
a 1 32 11
a 1 11 23
a 1 23 27
a 1 27 21
a 1 21 8
a 1 8 150
a 1 11 150
a 1 150 171
a 1 32 171
a 1 171 40
a 1 40 149
a 1 10 149
a 1 149 139
a 1 0 139
a 1 139 6
a 1 6 54
a 1 54 166
a 1 27 166
a 1 166 44
a 1 44 3
a 1 3 19
a 1 19 147
a 1 8 147
a 1 147 162
a 1 23 162
a 1 162 66
a 1 66 9
a 1 9 160
a 1 21 160
a 1 160 38
a 1 38 145
a 1 6 145
a 1 145 7
a 1 7 167
a 1 28 167
a 1 167 31
a 1 31 85
a 1 85 183
a 1 44 183
a 1 183 50
a 1 50 14
a 1 14 193
a 1 54 193
a 1 193 25
a 1 25 142
a 1 3 142
a 1 142 67
a 1 67 45
a 1 45 189
a 1 50 189
a 1 189 56
a 1 56 179
a 1 40 179
a 1 179 153
a 1 14 153
a 1 153 47
a 1 47 164
a 1 25 164
a 1 164 39
a 1 39 62
a 1 62 99
a 1 99 158
a 1 19 158
a 1 158 184
a 1 45 184
a 1 184 90
a 1 90 148
a 1 9 148
a 1 148 29
a 1 29 73
a 1 73 146
a 1 7 146
a 1 146 177
a 1 38 177
a 1 177 206
a 1 67 206
a 1 206 55
a 1 55 80
a 1 80 33
a 1 33 205
a 1 66 205
a 1 205 48
a 1 48 69
a 1 69 229
a 1 90 229
a 1 229 92
a 1 92 224
a 1 85 224
a 1 224 105
a 1 105 170
a 1 31 170
a 1 170 195
a 1 56 195
a 1 195 186
a 1 47 186
a 1 186 212
a 1 73 212
a 1 212 58
a 1 58 178
a 1 39 178
a 1 178 68
a 1 68 116
a 1 116 194
a 1 55 194
a 1 194 219
a 1 80 219
a 1 219 82
a 1 82 172
a 1 33 172
a 1 172 43
a 1 43 244
a 1 105 244
a 1 244 117
a 1 117 168
a 1 29 168
a 1 168 63
a 1 63 197
a 1 58 197
a 1 197 71
a 1 71 231
a 1 92 231
a 1 231 81
a 1 81 201
a 1 62 201
a 1 201 208
a 1 69 208
a 1 208 101
a 1 101 187
a 1 48 187
a 1 187 238
a 1 99 238
a 1 238 79
a 1 79 122
a 1 122 210
a 1 71 210
a 1 210 88
a 1 88 202
a 1 63 202
a 1 202 65
a 1 65 20
a 1 20 86
a 1 86 115
a 1 115 255
a 1 116 255
a 1 255 220
a 1 81 220
a 1 220 126
a 1 126 103
a 1 103 221
a 1 82 221
a 1 221 91
a 1 91 96
a 1 96 204
a 1 65 204
a 1 204 76
a 1 76 207
a 1 68 207
a 1 207 104
a 1 104 240
a 1 101 240
a 1 240 256
a 1 117 256
a 1 256 111
a 1 111 218
a 1 79 218
a 1 218 128
a 1 128 109
a 1 109 182
a 1 43 182
a 1 182 100
a 1 100 57
a 1 57 261
a 1 122 261
a 1 261 242
a 1 103 242
a 1 242 227
a 1 88 227
a 1 227 110
a 1 110 106
a 1 106 235
a 1 96 235
a 1 235 230
a 1 91 230
a 1 230 215
a 1 76 215
a 1 215 225
a 1 86 225
a 1 225 119
a 1 119 159
a 1 20 159
a 1 159 124
a 1 124 125
a 1 125 60
a 1 60 114
a 1 114 254
a 1 115 254
a 1 254 239
a 1 100 239
a 1 239 98
a 1 98 118
a 1 118 196
a 1 57 196
a 1 196 138
a 1 138 267
a 1 128 267
a 1 267 265
a 1 126 265
a 1 265 127
a 1 127 132
a 1 132 250
a 1 111 250
a 1 250 243
a 1 104 243
a 1 243 237
a 1 98 237
a 1 237 108
a 1 108 264
a 1 125 264
a 1 264 249
a 1 110 249
a 1 249 131
a 1 131 245
a 1 106 245
a 1 245 253
a 1 114 253
a 1 253 136
a 1 136 199
a 1 60 199
a 1 199 94
a 1 94 123
a 1 123 112
a 1 112 248
a 1 109 248
a 1 248 134
a 1 134 130
a 1 130 263
a 1 124 263
a 1 263 258
a 1 119 258
a 1 258 266
a 1 127 266
a 1 266 273
a 1 134 273
a 1 273 269
a 1 130 269
a 1 269 270
a 1 131 270
a 1 270 233
a 1 94 233
a 1 233 275
a 1 136 275
a 1 275 247
a 1 108 247
a 1 247 271
a 1 132 271
a 1 271 251
a 1 112 251
a 1 251 262
a 1 123 262
a 1 262 257
a 1 118 257
a 1 257 277
a 1 138 277
a 1 277 279
a 2 278 1
a 2 1 46
a 2 46 5
a 2 5 10
a 2 10 0
a 2 0 53
a 2 53 32
a 2 32 16
a 2 16 11
a 2 11 23
a 2 23 27
a 2 27 13
a 2 13 8
a 2 8 18
a 2 18 150
a 2 11 150
a 2 150 144
a 2 5 144
a 2 144 34
a 2 34 171
a 2 32 171
a 2 171 185
a 2 46 185
a 2 185 149
a 2 10 149
a 2 149 139
a 2 0 139
a 2 139 6
a 2 6 54
a 2 54 152
a 2 13 152
a 2 152 166
a 2 27 166
a 2 166 140
a 2 1 140
a 2 140 78
a 2 78 19
a 2 19 147
a 2 8 147
a 2 147 162
a 2 23 162
a 2 162 192
a 2 53 192
a 2 192 66
a 2 66 37
a 2 37 145
a 2 6 145
a 2 145 173
a 2 34 173
a 2 173 22
a 2 22 7
a 2 7 31
a 2 31 50
a 2 50 14
a 2 14 155
a 2 16 155
a 2 155 193
a 2 54 193
a 2 193 157
a 2 18 157
a 2 157 25
a 2 25 161
a 2 22 161
a 2 161 67
a 2 67 45
a 2 45 189
a 2 50 189
a 2 189 56
a 2 56 153
a 2 14 153
a 2 153 35
a 2 35 47
a 2 47 164
a 2 25 164
a 2 164 217
a 2 78 217
a 2 217 39
a 2 39 158
a 2 19 158
a 2 158 26
a 2 26 184
a 2 45 184
a 2 184 90
a 2 90 29
a 2 29 73
a 2 73 146
a 2 7 146
a 2 146 176
a 2 37 176
a 2 176 206
a 2 67 206
a 2 206 205
a 2 66 205
a 2 205 165
a 2 26 165
a 2 165 69
a 2 69 229
a 2 90 229
a 2 229 92
a 2 92 105
a 2 105 170
a 2 31 170
a 2 170 51
a 2 51 89
a 2 89 195
a 2 56 195
a 2 195 174
a 2 35 174
a 2 174 186
a 2 47 186
a 2 186 212
a 2 73 212
a 2 212 58
a 2 58 178
a 2 39 178
a 2 178 74
a 2 74 61
a 2 61 43
a 2 43 244
a 2 105 244
a 2 244 168
a 2 29 168
a 2 168 84
a 2 84 197
a 2 58 197
a 2 197 190
a 2 51 190
a 2 190 71
a 2 71 231
a 2 92 231
a 2 231 81
a 2 81 107
a 2 107 213
a 2 74 213
a 2 213 208
a 2 69 208
a 2 208 101
a 2 101 70
a 2 70 75
a 2 75 77
a 2 77 122
a 2 122 210
a 2 71 210
a 2 210 88
a 2 88 65
a 2 65 209
a 2 70 209
a 2 209 52
a 2 52 246
a 2 107 246
a 2 246 20
a 2 20 86
a 2 86 115
a 2 115 200
a 2 61 200
a 2 200 220
a 2 81 220
a 2 220 228
a 2 89 228
a 2 228 126
a 2 126 214
a 2 75 214
a 2 214 96
a 2 96 204
a 2 65 204
a 2 204 76
a 2 76 191
a 2 52 191
a 2 191 104
a 2 104 240
a 2 101 240
a 2 240 223
a 2 84 223
a 2 223 128
a 2 128 182
a 2 43 182
a 2 182 100
a 2 100 113
a 2 113 57
a 2 57 261
a 2 122 261
a 2 261 227
a 2 88 227
a 2 227 129
a 2 129 110
a 2 110 235
a 2 96 235
a 2 235 215
a 2 76 215
a 2 215 225
a 2 86 225
a 2 225 97
a 2 97 216
a 2 77 216
a 2 216 159
a 2 20 159
a 2 159 124
a 2 124 60
a 2 60 114
a 2 114 254
a 2 115 254
a 2 254 239
a 2 100 239
a 2 239 98
a 2 98 137
a 2 137 252
a 2 113 252
a 2 252 102
a 2 102 196
a 2 57 196
a 2 196 72
a 2 72 268
a 2 129 268
a 2 268 138
a 2 138 236
a 2 97 236
a 2 236 267
a 2 128 267
a 2 267 265
a 2 126 265
a 2 265 127
a 2 127 132
a 2 132 243
a 2 104 243
a 2 243 237
a 2 98 237
a 2 237 108
a 2 108 249
a 2 110 249
a 2 249 131
a 2 131 253
a 2 114 253
a 2 253 135
a 2 135 199
a 2 60 199
a 2 199 94
a 2 94 123
a 2 123 134
a 2 134 130
a 2 130 276
a 2 137 276
a 2 276 263
a 2 124 263
a 2 263 266
a 2 127 266
a 2 266 273
a 2 134 273
a 2 273 269
a 2 130 269
a 2 269 270
a 2 131 270
a 2 270 211
a 2 72 211
a 2 211 233
a 2 94 233
a 2 233 247
a 2 108 247
a 2 247 271
a 2 132 271
a 2 271 241
a 2 102 241
a 2 241 262
a 2 123 262
a 2 262 274
a 2 135 274
a 2 274 277
a 2 138 277
a 2 277 279
a 3 278 46
a 3 46 5
a 3 5 10
a 3 10 28
a 3 28 0
a 3 0 53
a 3 53 32
a 3 32 4
a 3 4 11
a 3 11 23
a 3 23 41
a 3 41 21
a 3 21 13
a 3 13 150
a 3 11 150
a 3 150 144
a 3 5 144
a 3 144 34
a 3 34 12
a 3 12 171
a 3 32 171
a 3 171 185
a 3 46 185
a 3 185 40
a 3 40 149
a 3 10 149
a 3 149 139
a 3 0 139
a 3 139 6
a 3 6 54
a 3 54 152
a 3 13 152
a 3 152 44
a 3 44 19
a 3 19 162
a 3 23 162
a 3 162 180
a 3 41 180
a 3 180 192
a 3 53 192
a 3 192 160
a 3 21 160
a 3 160 38
a 3 38 145
a 3 6 145
a 3 145 173
a 3 34 173
a 3 173 22
a 3 22 7
a 3 7 167
a 3 28 167
a 3 167 85
a 3 85 151
a 3 12 151
a 3 151 183
a 3 44 183
a 3 183 50
a 3 50 193
a 3 54 193
a 3 193 36
a 3 36 93
a 3 93 161
a 3 22 161
a 3 161 45
a 3 45 143
a 3 4 143
a 3 143 24
a 3 24 189
a 3 50 189
a 3 189 179
a 3 40 179
a 3 179 47
a 3 47 175
a 3 36 175
a 3 175 49
a 3 49 232
a 3 93 232
a 3 232 39
a 3 39 62
a 3 62 99
a 3 99 158
a 3 19 158
a 3 158 26
a 3 26 64
a 3 64 184
a 3 45 184
a 3 184 90
a 3 90 73
a 3 73 17
a 3 17 146
a 3 7 146
a 3 146 177
a 3 38 177
a 3 177 59
a 3 59 80
a 3 80 163
a 3 24 163
a 3 163 33
a 3 33 165
a 3 26 165
a 3 165 229
a 3 90 229
a 3 229 92
a 3 92 224
a 3 85 224
a 3 224 105
a 3 105 51
a 3 51 89
a 3 89 212
a 3 73 212
a 3 212 186
a 3 47 186
a 3 186 58
a 3 58 198
a 3 59 198
a 3 198 178
a 3 39 178
a 3 178 68
a 3 68 188
a 3 49 188
a 3 188 74
a 3 74 116
a 3 116 219
a 3 80 219
a 3 219 82
a 3 82 172
a 3 33 172
a 3 172 43
a 3 43 244
a 3 105 244
a 3 244 117
a 3 117 63
a 3 63 84
a 3 84 197
a 3 58 197
a 3 197 203
a 3 64 203
a 3 203 190
a 3 51 190
a 3 190 71
a 3 71 231
a 3 92 231
a 3 231 201
a 3 62 201
a 3 201 213
a 3 74 213
a 3 213 70
a 3 70 75
a 3 75 238
a 3 99 238
a 3 238 79
a 3 79 122
a 3 122 210
a 3 71 210
a 3 210 88
a 3 88 202
a 3 63 202
a 3 202 65
a 3 65 156
a 3 17 156
a 3 156 209
a 3 70 209
a 3 209 52
a 3 52 86
a 3 86 255
a 3 116 255
a 3 255 87
a 3 87 228
a 3 89 228
a 3 228 126
a 3 126 103
a 3 103 221
a 3 82 221
a 3 221 214
a 3 75 214
a 3 214 204
a 3 65 204
a 3 204 95
a 3 95 207
a 3 68 207
a 3 207 191
a 3 52 191
a 3 191 104
a 3 104 223
a 3 84 223
a 3 223 256
a 3 117 256
a 3 256 111
a 3 111 218
a 3 79 218
a 3 218 128
a 3 128 109
a 3 109 182
a 3 43 182
a 3 182 226
a 3 87 226
a 3 226 113
a 3 113 57
a 3 57 261
a 3 122 261
a 3 261 133
a 3 133 242
a 3 103 242
a 3 242 227
a 3 88 227
a 3 227 129
a 3 129 110
a 3 110 106
a 3 106 234
a 3 95 234
a 3 234 225
a 3 86 225
a 3 225 124
a 3 124 60
a 3 60 98
a 3 98 137
a 3 137 252
a 3 113 252
a 3 252 102
a 3 102 196
a 3 57 196
a 3 196 72
a 3 72 268
a 3 129 268
a 3 268 138
a 3 138 267
a 3 128 267
a 3 267 265
a 3 126 265
a 3 265 127
a 3 127 132
a 3 132 121
a 3 121 250
a 3 111 250
a 3 250 243
a 3 104 243
a 3 243 237
a 3 98 237
a 3 237 108
a 3 108 249
a 3 110 249
a 3 249 131
a 3 131 245
a 3 106 245
a 3 245 272
a 3 133 272
a 3 272 136
a 3 136 199
a 3 60 199
a 3 199 94
a 3 94 112
a 3 112 248
a 3 109 248
a 3 248 130
a 3 130 276
a 3 137 276
a 3 276 263
a 3 124 263
a 3 263 260
a 3 121 260
a 3 260 266
a 3 127 266
a 3 266 269
a 3 130 269
a 3 269 270
a 3 131 270
a 3 270 211
a 3 72 211
a 3 211 233
a 3 94 233
a 3 233 275
a 3 136 275
a 3 275 247
a 3 108 247
a 3 247 271
a 3 132 271
a 3 271 241
a 3 102 241
a 3 241 251
a 3 112 251
a 3 251 277
a 3 138 277
a 3 277 279
a 4 278 2
a 4 2 46
a 4 46 5
a 4 5 28
a 4 28 0
a 4 0 53
a 4 53 32
a 4 32 4
a 4 4 16
a 4 16 23
a 4 23 27
a 4 27 8
a 4 8 15
a 4 15 144
a 4 5 144
a 4 144 34
a 4 34 141
a 4 2 141
a 4 141 171
a 4 32 171
a 4 171 185
a 4 46 185
a 4 185 40
a 4 40 139
a 4 0 139
a 4 139 6
a 4 6 54
a 4 54 166
a 4 27 166
a 4 166 44
a 4 44 78
a 4 78 19
a 4 19 147
a 4 8 147
a 4 147 162
a 4 23 162
a 4 162 154
a 4 15 154
a 4 154 192
a 4 53 192
a 4 192 66
a 4 66 83
a 4 83 37
a 4 37 38
a 4 38 145
a 4 6 145
a 4 145 173
a 4 34 173
a 4 173 22
a 4 22 7
a 4 7 167
a 4 28 167
a 4 167 85
a 4 85 183
a 4 44 183
a 4 183 155
a 4 16 155
a 4 155 193
a 4 54 193
a 4 193 222
a 4 83 222
a 4 222 93
a 4 93 161
a 4 22 161
a 4 161 67
a 4 67 45
a 4 45 143
a 4 4 143
a 4 143 24
a 4 24 56
a 4 56 179
a 4 40 179
a 4 179 217
a 4 78 217
a 4 217 232
a 4 93 232
a 4 232 62
a 4 62 99
a 4 99 158
a 4 19 158
a 4 158 26
a 4 26 64
a 4 64 184
a 4 45 184
a 4 184 90
a 4 90 29
a 4 29 17
a 4 17 73
a 4 73 146
a 4 7 146
a 4 146 177
a 4 38 177
a 4 177 176
a 4 37 176
a 4 176 206
a 4 67 206
a 4 206 59
a 4 59 55
a 4 55 80
a 4 80 163
a 4 24 163
a 4 163 33
a 4 33 205
a 4 66 205
a 4 205 165
a 4 26 165
a 4 165 69
a 4 69 229
a 4 90 229
a 4 229 92
a 4 92 224
a 4 85 224
a 4 224 89
a 4 89 195
a 4 56 195
a 4 195 212
a 4 73 212
a 4 212 198
a 4 59 198
a 4 198 42
a 4 42 116
a 4 116 194
a 4 55 194
a 4 194 219
a 4 80 219
a 4 219 61
a 4 61 82
a 4 82 172
a 4 33 172
a 4 172 117
a 4 117 168
a 4 29 168
a 4 168 63
a 4 63 84
a 4 84 203
a 4 64 203
a 4 203 231
a 4 92 231
a 4 231 81
a 4 81 107
a 4 107 201
a 4 62 201
a 4 201 208
a 4 69 208
a 4 208 101
a 4 101 70
a 4 70 75
a 4 75 238
a 4 99 238
a 4 238 202
a 4 63 202
a 4 202 65
a 4 65 181
a 4 42 181
a 4 181 156
a 4 17 156
a 4 156 209
a 4 70 209
a 4 209 246
a 4 107 246
a 4 246 115
a 4 115 255
a 4 116 255
a 4 255 200
a 4 61 200
a 4 200 87
a 4 87 220
a 4 81 220
a 4 220 228
a 4 89 228
a 4 228 126
a 4 126 221
a 4 82 221
a 4 221 214
a 4 75 214
a 4 214 91
a 4 91 204
a 4 65 204
a 4 204 76
a 4 76 95
a 4 95 240
a 4 101 240
a 4 240 223
a 4 84 223
a 4 223 256
a 4 117 256
a 4 256 128
a 4 128 109
a 4 109 100
a 4 100 226
a 4 87 226
a 4 226 113
a 4 113 57
a 4 57 133
a 4 133 129
a 4 129 110
a 4 110 234
a 4 95 234
a 4 234 230
a 4 91 230
a 4 230 215
a 4 76 215
a 4 215 97
a 4 97 119
a 4 119 124
a 4 124 125
a 4 125 114
a 4 114 254
a 4 115 254
a 4 254 239
a 4 100 239
a 4 239 98
a 4 98 252
a 4 113 252
a 4 252 118
a 4 118 102
a 4 102 196
a 4 57 196
a 4 196 268
a 4 129 268
a 4 268 138
a 4 138 236
a 4 97 236
a 4 236 267
a 4 128 267
a 4 267 265
a 4 126 265
a 4 265 127
a 4 127 120
a 4 120 237
a 4 98 237
a 4 237 264
a 4 125 264
a 4 264 249
a 4 110 249
a 4 249 253
a 4 114 253
a 4 253 272
a 4 133 272
a 4 272 136
a 4 136 135
a 4 135 94
a 4 94 112
a 4 112 248
a 4 109 248
a 4 248 134
a 4 134 130
a 4 130 263
a 4 124 263
a 4 263 258
a 4 119 258
a 4 258 266
a 4 127 266
a 4 266 273
a 4 134 273
a 4 273 269
a 4 130 269
a 4 269 233
a 4 94 233
a 4 233 275
a 4 136 275
a 4 275 241
a 4 102 241
a 4 241 251
a 4 112 251
a 4 251 259
a 4 120 259
a 4 259 257
a 4 118 257
a 4 257 274
a 4 135 274
a 4 274 277
a 4 138 277
a 4 277 279
a 5 278 46
a 5 46 10
a 5 10 28
a 5 28 0
a 5 0 4
a 5 4 16
a 5 16 11
a 5 11 27
a 5 27 41
a 5 41 13
a 5 13 8
a 5 8 18
a 5 18 15
a 5 15 150
a 5 11 150
a 5 150 34
a 5 34 12
a 5 12 185
a 5 46 185
a 5 185 40
a 5 40 149
a 5 10 149
a 5 149 139
a 5 0 139
a 5 139 6
a 5 6 152
a 5 13 152
a 5 152 166
a 5 27 166
a 5 166 44
a 5 44 147
a 5 8 147
a 5 147 154
a 5 15 154
a 5 154 180
a 5 41 180
a 5 180 83
a 5 83 9
a 5 9 145
a 5 6 145
a 5 145 173
a 5 34 173
a 5 173 22
a 5 22 7
a 5 7 167
a 5 28 167
a 5 167 31
a 5 31 85
a 5 85 151
a 5 12 151
a 5 151 183
a 5 44 183
a 5 183 50
a 5 50 14
a 5 14 155
a 5 16 155
a 5 155 222
a 5 83 222
a 5 222 157
a 5 18 157
a 5 157 36
a 5 36 93
a 5 93 25
a 5 25 161
a 5 22 161
a 5 161 45
a 5 45 143
a 5 4 143
a 5 143 24
a 5 24 189
a 5 50 189
a 5 189 179
a 5 40 179
a 5 179 153
a 5 14 153
a 5 153 35
a 5 35 47
a 5 47 164
a 5 25 164
a 5 164 175
a 5 36 175
a 5 175 49
a 5 49 232
a 5 93 232
a 5 232 99
a 5 99 26
a 5 26 64
a 5 64 184
a 5 45 184
a 5 184 148
a 5 9 148
a 5 148 29
a 5 29 17
a 5 17 73
a 5 73 146
a 5 7 146
a 5 146 59
a 5 59 80
a 5 80 163
a 5 24 163
a 5 163 165
a 5 26 165
a 5 165 48
a 5 48 69
a 5 69 92
a 5 92 224
a 5 85 224
a 5 224 105
a 5 105 170
a 5 31 170
a 5 170 51
a 5 51 89
a 5 89 174
a 5 35 174
a 5 174 186
a 5 47 186
a 5 186 212
a 5 73 212
a 5 212 198
a 5 59 198
a 5 198 42
a 5 42 68
a 5 68 188
a 5 49 188
a 5 188 74
a 5 74 116
a 5 116 219
a 5 80 219
a 5 219 61
a 5 61 82
a 5 82 244
a 5 105 244
a 5 244 117
a 5 117 168
a 5 29 168
a 5 168 63
a 5 63 84
a 5 84 203
a 5 64 203
a 5 203 190
a 5 51 190
a 5 190 71
a 5 71 231
a 5 92 231
a 5 231 107
a 5 107 213
a 5 74 213
a 5 213 208
a 5 69 208
a 5 208 101
a 5 101 70
a 5 70 187
a 5 48 187
a 5 187 238
a 5 99 238
a 5 238 79
a 5 79 122
a 5 122 210
a 5 71 210
a 5 210 88
a 5 88 202
a 5 63 202
a 5 202 65
a 5 65 181
a 5 42 181
a 5 181 209
a 5 70 209
a 5 209 156
a 5 17 156
a 5 156 52
a 5 52 246
a 5 107 246
a 5 246 86
a 5 86 115
a 5 115 255
a 5 116 255
a 5 255 200
a 5 61 200
a 5 200 228
a 5 89 228
a 5 228 126
a 5 126 221
a 5 82 221
a 5 221 91
a 5 91 96
a 5 96 204
a 5 65 204
a 5 204 95
a 5 95 207
a 5 68 207
a 5 207 191
a 5 52 191
a 5 191 104
a 5 104 240
a 5 101 240
a 5 240 223
a 5 84 223
a 5 223 256
a 5 117 256
a 5 256 218
a 5 79 218
a 5 218 113
a 5 113 57
a 5 57 261
a 5 122 261
a 5 261 227
a 5 88 227
a 5 227 129
a 5 129 110
a 5 110 235
a 5 96 235
a 5 235 234
a 5 95 234
a 5 234 230
a 5 91 230
a 5 230 225
a 5 86 225
a 5 225 97
a 5 97 119
a 5 119 124
a 5 124 60
a 5 60 114
a 5 114 254
a 5 115 254
a 5 254 137
a 5 137 252
a 5 113 252
a 5 252 118
a 5 118 102
a 5 102 196
a 5 57 196
a 5 196 268
a 5 129 268
a 5 268 138
a 5 138 236
a 5 97 236
a 5 236 265
a 5 126 265
a 5 265 127
a 5 127 132
a 5 132 120
a 5 120 243
a 5 104 243
a 5 243 108
a 5 108 249
a 5 110 249
a 5 249 131
a 5 131 253
a 5 114 253
a 5 253 135
a 5 135 136
a 5 136 199
a 5 60 199
a 5 199 112
a 5 112 134
a 5 134 276
a 5 137 276
a 5 276 263
a 5 124 263
a 5 263 258
a 5 119 258
a 5 258 266
a 5 127 266
a 5 266 273
a 5 134 273
a 5 273 270
a 5 131 270
a 5 270 275
a 5 136 275
a 5 275 247
a 5 108 247
a 5 247 271
a 5 132 271
a 5 271 241
a 5 102 241
a 5 241 251
a 5 112 251
a 5 251 259
a 5 120 259
a 5 259 257
a 5 118 257
a 5 257 274
a 5 135 274
a 5 274 277
a 5 138 277
a 5 277 279
a 6 278 2
a 6 2 46
a 6 46 5
a 6 5 10
a 6 10 28
a 6 28 0
a 6 0 53
a 6 53 32
a 6 32 4
a 6 4 11
a 6 11 23
a 6 23 27
a 6 27 41
a 6 41 13
a 6 13 8
a 6 8 15
a 6 15 150
a 6 11 150
a 6 150 144
a 6 5 144
a 6 144 34
a 6 34 12
a 6 12 141
a 6 2 141
a 6 141 171
a 6 32 171
a 6 171 185
a 6 46 185
a 6 185 40
a 6 40 149
a 6 10 149
a 6 149 139
a 6 0 139
a 6 139 30
a 6 30 152
a 6 13 152
a 6 152 166
a 6 27 166
a 6 166 19
a 6 19 147
a 6 8 147
a 6 147 162
a 6 23 162
a 6 162 154
a 6 15 154
a 6 154 180
a 6 41 180
a 6 180 192
a 6 53 192
a 6 192 9
a 6 9 37
a 6 37 173
a 6 34 173
a 6 173 7
a 6 7 167
a 6 28 167
a 6 167 31
a 6 31 151
a 6 12 151
a 6 151 50
a 6 50 14
a 6 14 36
a 6 36 93
a 6 93 25
a 6 25 67
a 6 67 45
a 6 45 143
a 6 4 143
a 6 143 189
a 6 50 189
a 6 189 56
a 6 56 179
a 6 40 179
a 6 179 153
a 6 14 153
a 6 153 35
a 6 35 164
a 6 25 164
a 6 164 169
a 6 30 169
a 6 169 175
a 6 36 175
a 6 175 49
a 6 49 232
a 6 93 232
a 6 232 99
a 6 99 158
a 6 19 158
a 6 158 184
a 6 45 184
a 6 184 90
a 6 90 148
a 6 9 148
a 6 148 29
a 6 29 17
a 6 17 73
a 6 73 146
a 6 7 146
a 6 146 176
a 6 37 176
a 6 176 206
a 6 67 206
a 6 206 33
a 6 33 48
a 6 48 229
a 6 90 229
a 6 229 105
a 6 105 170
a 6 31 170
a 6 170 51
a 6 51 89
a 6 89 195
a 6 56 195
a 6 195 174
a 6 35 174
a 6 174 212
a 6 73 212
a 6 212 58
a 6 58 42
a 6 42 68
a 6 68 188
a 6 49 188
a 6 188 74
a 6 74 61
a 6 61 82
a 6 82 172
a 6 33 172
a 6 172 244
a 6 105 244
a 6 244 117
a 6 117 168
a 6 29 168
a 6 168 63
a 6 63 84
a 6 84 197
a 6 58 197
a 6 197 190
a 6 51 190
a 6 190 71
a 6 71 81
a 6 81 107
a 6 107 213
a 6 74 213
a 6 213 101
a 6 101 70
a 6 70 75
a 6 75 187
a 6 48 187
a 6 187 238
a 6 99 238
a 6 238 79
a 6 79 77
a 6 77 122
a 6 122 210
a 6 71 210
a 6 210 88
a 6 88 202
a 6 63 202
a 6 202 65
a 6 65 181
a 6 42 181
a 6 181 156
a 6 17 156
a 6 156 209
a 6 70 209
a 6 209 52
a 6 52 246
a 6 107 246
a 6 246 20
a 6 20 86
a 6 86 115
a 6 115 200
a 6 61 200
a 6 200 220
a 6 81 220
a 6 220 228
a 6 89 228
a 6 228 126
a 6 126 103
a 6 103 221
a 6 82 221
a 6 221 214
a 6 75 214
a 6 214 91
a 6 91 204
a 6 65 204
a 6 204 76
a 6 76 95
a 6 95 207
a 6 68 207
a 6 207 191
a 6 52 191
a 6 191 104
a 6 104 240
a 6 101 240
a 6 240 223
a 6 84 223
a 6 223 256
a 6 117 256
a 6 256 111
a 6 111 218
a 6 79 218
a 6 218 109
a 6 109 100
a 6 100 113
a 6 113 57
a 6 57 261
a 6 122 261
a 6 261 242
a 6 103 242
a 6 242 227
a 6 88 227
a 6 227 234
a 6 95 234
a 6 234 230
a 6 91 230
a 6 230 215
a 6 76 215
a 6 215 225
a 6 86 225
a 6 225 97
a 6 97 216
a 6 77 216
a 6 216 119
a 6 119 159
a 6 20 159
a 6 159 124
a 6 124 125
a 6 125 60
a 6 60 254
a 6 115 254
a 6 254 239
a 6 100 239
a 6 239 98
a 6 98 137
a 6 137 252
a 6 113 252
a 6 252 118
a 6 118 102
a 6 102 196
a 6 57 196
a 6 196 72
a 6 72 236
a 6 97 236
a 6 236 265
a 6 126 265
a 6 265 250
a 6 111 250
a 6 250 120
a 6 120 243
a 6 104 243
a 6 243 237
a 6 98 237
a 6 237 108
a 6 108 264
a 6 125 264
a 6 264 131
a 6 131 135
a 6 135 136
a 6 136 199
a 6 60 199
a 6 199 94
a 6 94 123
a 6 123 112
a 6 112 248
a 6 109 248
a 6 248 134
a 6 134 130
a 6 130 276
a 6 137 276
a 6 276 263
a 6 124 263
a 6 263 258
a 6 119 258
a 6 258 273
a 6 134 273
a 6 273 269
a 6 130 269
a 6 269 270
a 6 131 270
a 6 270 211
a 6 72 211
a 6 211 233
a 6 94 233
a 6 233 275
a 6 136 275
a 6 275 247
a 6 108 247
a 6 247 241
a 6 102 241
a 6 241 251
a 6 112 251
a 6 251 262
a 6 123 262
a 6 262 259
a 6 120 259
a 6 259 257
a 6 118 257
a 6 257 274
a 6 135 274
a 6 274 279
a 7 278 1
a 7 1 2
a 7 2 46
a 7 46 5
a 7 5 28
a 7 28 0
a 7 0 53
a 7 53 32
a 7 32 4
a 7 4 16
a 7 16 11
a 7 11 23
a 7 23 27
a 7 27 41
a 7 41 21
a 7 21 13
a 7 13 8
a 7 8 15
a 7 15 150
a 7 11 150
a 7 150 144
a 7 5 144
a 7 144 34
a 7 34 12
a 7 12 141
a 7 2 141
a 7 141 171
a 7 32 171
a 7 171 185
a 7 46 185
a 7 185 139
a 7 0 139
a 7 139 6
a 7 6 54
a 7 54 30
a 7 30 152
a 7 13 152
a 7 152 166
a 7 27 166
a 7 166 44
a 7 44 140
a 7 1 140
a 7 140 78
a 7 78 3
a 7 3 19
a 7 19 147
a 7 8 147
a 7 147 162
a 7 23 162
a 7 162 154
a 7 15 154
a 7 154 180
a 7 41 180
a 7 180 192
a 7 53 192
a 7 192 66
a 7 66 83
a 7 83 9
a 7 9 37
a 7 37 160
a 7 21 160
a 7 160 145
a 7 6 145
a 7 145 173
a 7 34 173
a 7 173 167
a 7 28 167
a 7 167 31
a 7 31 151
a 7 12 151
a 7 151 183
a 7 44 183
a 7 183 14
a 7 14 155
a 7 16 155
a 7 155 193
a 7 54 193
a 7 193 222
a 7 83 222
a 7 222 36
a 7 36 25
a 7 25 142
a 7 3 142
a 7 142 67
a 7 67 45
a 7 45 143
a 7 4 143
a 7 143 56
a 7 56 153
a 7 14 153
a 7 153 164
a 7 25 164
a 7 164 217
a 7 78 217
a 7 217 169
a 7 30 169
a 7 169 175
a 7 36 175
a 7 175 49
a 7 49 39
a 7 39 158
a 7 19 158
a 7 158 26
a 7 26 64
a 7 64 184
a 7 45 184
a 7 184 148
a 7 9 148
a 7 148 29
a 7 29 73
a 7 73 176
a 7 37 176
a 7 176 206
a 7 67 206
a 7 206 59
a 7 59 55
a 7 55 33
a 7 33 205
a 7 66 205
a 7 205 165
a 7 26 165
a 7 165 69
a 7 69 92
a 7 92 105
a 7 105 170
a 7 31 170
a 7 170 195
a 7 56 195
a 7 195 212
a 7 73 212
a 7 212 58
a 7 58 198
a 7 59 198
a 7 198 178
a 7 39 178
a 7 178 68
a 7 68 188
a 7 49 188
a 7 188 74
a 7 74 116
a 7 116 194
a 7 55 194
a 7 194 82
a 7 82 172
a 7 33 172
a 7 172 244
a 7 105 244
a 7 244 117
a 7 117 168
a 7 29 168
a 7 168 63
a 7 63 84
a 7 84 197
a 7 58 197
a 7 197 203
a 7 64 203
a 7 203 71
a 7 71 231
a 7 92 231
a 7 231 81
a 7 81 213
a 7 74 213
a 7 213 208
a 7 69 208
a 7 208 70
a 7 70 75
a 7 75 79
a 7 79 77
a 7 77 122
a 7 122 210
a 7 71 210
a 7 210 88
a 7 88 202
a 7 63 202
a 7 202 65
a 7 65 209
a 7 70 209
a 7 209 52
a 7 52 86
a 7 86 115
a 7 115 255
a 7 116 255
a 7 255 87
a 7 87 220
a 7 81 220
a 7 220 126
a 7 126 103
a 7 103 221
a 7 82 221
a 7 221 214
a 7 75 214
a 7 214 91
a 7 91 204
a 7 65 204
a 7 204 76
a 7 76 95
a 7 95 207
a 7 68 207
a 7 207 191
a 7 52 191
a 7 191 104
a 7 104 223
a 7 84 223
a 7 223 256
a 7 117 256
a 7 256 111
a 7 111 218
a 7 79 218
a 7 218 128
a 7 128 100
a 7 100 226
a 7 87 226
a 7 226 113
a 7 113 261
a 7 122 261
a 7 261 133
a 7 133 242
a 7 103 242
a 7 242 227
a 7 88 227
a 7 227 110
a 7 110 234
a 7 95 234
a 7 234 230
a 7 91 230
a 7 230 215
a 7 76 215
a 7 215 225
a 7 86 225
a 7 225 216
a 7 77 216
a 7 216 124
a 7 124 60
a 7 60 254
a 7 115 254
a 7 254 239
a 7 100 239
a 7 239 98
a 7 98 137
a 7 137 252
a 7 113 252
a 7 252 118
a 7 118 102
a 7 102 72
a 7 72 267
a 7 128 267
a 7 267 265
a 7 126 265
a 7 265 127
a 7 127 132
a 7 132 250
a 7 111 250
a 7 250 120
a 7 120 243
a 7 104 243
a 7 243 237
a 7 98 237
a 7 237 108
a 7 108 249
a 7 110 249
a 7 249 131
a 7 131 272
a 7 133 272
a 7 272 135
a 7 135 199
a 7 60 199
a 7 199 94
a 7 94 123
a 7 123 112
a 7 112 134
a 7 134 130
a 7 130 276
a 7 137 276
a 7 276 263
a 7 124 263
a 7 263 266
a 7 127 266
a 7 266 273
a 7 134 273
a 7 273 269
a 7 130 269
a 7 269 270
a 7 131 270
a 7 270 211
a 7 72 211
a 7 211 233
a 7 94 233
a 7 233 247
a 7 108 247
a 7 247 271
a 7 132 271
a 7 271 241
a 7 102 241
a 7 241 251
a 7 112 251
a 7 251 262
a 7 123 262
a 7 262 259
a 7 120 259
a 7 259 257
a 7 118 257
a 7 257 274
a 7 135 274
a 7 274 279
a 8 278 46
a 8 46 5
a 8 5 28
a 8 28 53
a 8 53 4
a 8 4 16
a 8 16 11
a 8 11 27
a 8 27 41
a 8 41 21
a 8 21 13
a 8 13 8
a 8 8 18
a 8 18 15
a 8 15 150
a 8 11 150
a 8 150 144
a 8 5 144
a 8 144 12
a 8 12 185
a 8 46 185
a 8 185 40
a 8 40 54
a 8 54 30
a 8 30 152
a 8 13 152
a 8 152 166
a 8 27 166
a 8 166 44
a 8 44 3
a 8 3 19
a 8 19 147
a 8 8 147
a 8 147 154
a 8 15 154
a 8 154 180
a 8 41 180
a 8 180 192
a 8 53 192
a 8 192 66
a 8 66 37
a 8 37 160
a 8 21 160
a 8 160 22
a 8 22 7
a 8 7 167
a 8 28 167
a 8 167 151
a 8 12 151
a 8 151 183
a 8 44 183
a 8 183 50
a 8 50 14
a 8 14 155
a 8 16 155
a 8 155 193
a 8 54 193
a 8 193 157
a 8 18 157
a 8 157 36
a 8 36 25
a 8 25 161
a 8 22 161
a 8 161 142
a 8 3 142
a 8 142 143
a 8 4 143
a 8 143 189
a 8 50 189
a 8 189 56
a 8 56 179
a 8 40 179
a 8 179 153
a 8 14 153
a 8 153 35
a 8 35 47
a 8 47 164
a 8 25 164
a 8 164 169
a 8 30 169
a 8 169 175
a 8 36 175
a 8 175 39
a 8 39 158
a 8 19 158
a 8 158 64
a 8 64 90
a 8 90 29
a 8 29 146
a 8 7 146
a 8 146 176
a 8 37 176
a 8 176 59
a 8 59 55
a 8 55 33
a 8 33 205
a 8 66 205
a 8 205 69
a 8 69 229
a 8 90 229
a 8 229 92
a 8 92 105
a 8 105 89
a 8 89 195
a 8 56 195
a 8 195 174
a 8 35 174
a 8 174 186
a 8 47 186
a 8 186 58
a 8 58 198
a 8 59 198
a 8 198 178
a 8 39 178
a 8 178 42
a 8 42 68
a 8 68 74
a 8 74 116
a 8 116 194
a 8 55 194
a 8 194 172
a 8 33 172
a 8 172 43
a 8 43 244
a 8 105 244
a 8 244 117
a 8 117 168
a 8 29 168
a 8 168 84
a 8 84 197
a 8 58 197
a 8 197 203
a 8 64 203
a 8 203 71
a 8 71 231
a 8 92 231
a 8 231 107
a 8 107 213
a 8 74 213
a 8 213 208
a 8 69 208
a 8 208 70
a 8 70 79
a 8 79 77
a 8 77 122
a 8 122 210
a 8 71 210
a 8 210 88
a 8 88 65
a 8 65 181
a 8 42 181
a 8 181 209
a 8 70 209
a 8 209 246
a 8 107 246
a 8 246 20
a 8 20 86
a 8 86 115
a 8 115 255
a 8 116 255
a 8 255 228
a 8 89 228
a 8 228 204
a 8 65 204
a 8 204 95
a 8 95 207
a 8 68 207
a 8 207 104
a 8 104 223
a 8 84 223
a 8 223 256
a 8 117 256
a 8 256 111
a 8 111 218
a 8 79 218
a 8 218 128
a 8 128 109
a 8 109 182
a 8 43 182
a 8 182 261
a 8 122 261
a 8 261 133
a 8 133 227
a 8 88 227
a 8 227 106
a 8 106 234
a 8 95 234
a 8 234 225
a 8 86 225
a 8 225 216
a 8 77 216
a 8 216 159
a 8 20 159
a 8 159 124
a 8 124 60
a 8 60 254
a 8 115 254
a 8 254 137
a 8 137 118
a 8 118 102
a 8 102 267
a 8 128 267
a 8 267 132
a 8 132 121
a 8 121 250
a 8 111 250
a 8 250 243
a 8 104 243
a 8 243 108
a 8 108 131
a 8 131 245
a 8 106 245
a 8 245 272
a 8 133 272
a 8 272 136
a 8 136 199
a 8 60 199
a 8 199 94
a 8 94 248
a 8 109 248
a 8 248 134
a 8 134 130
a 8 130 276
a 8 137 276
a 8 276 263
a 8 124 263
a 8 263 260
a 8 121 260
a 8 260 273
a 8 134 273
a 8 273 269
a 8 130 269
a 8 269 270
a 8 131 270
a 8 270 233
a 8 94 233
a 8 233 275
a 8 136 275
a 8 275 247
a 8 108 247
a 8 247 271
a 8 132 271
a 8 271 241
a 8 102 241
a 8 241 257
a 8 118 257
a 8 257 279
a 9 278 1
a 9 1 46
a 9 46 10
a 9 10 28
a 9 28 0
a 9 0 53
a 9 53 4
a 9 4 16
a 9 16 11
a 9 11 41
a 9 41 21
a 9 21 13
a 9 13 8
a 9 8 18
a 9 18 15
a 9 15 150
a 9 11 150
a 9 150 12
a 9 12 185
a 9 46 185
a 9 185 40
a 9 40 149
a 9 10 149
a 9 149 139
a 9 0 139
a 9 139 54
a 9 54 6
a 9 6 30
a 9 30 152
a 9 13 152
a 9 152 44
a 9 44 140
a 9 1 140
a 9 140 78
a 9 78 3
a 9 3 19
a 9 19 147
a 9 8 147
a 9 147 154
a 9 15 154
a 9 154 180
a 9 41 180
a 9 180 192
a 9 53 192
a 9 192 66
a 9 66 83
a 9 83 37
a 9 37 160
a 9 21 160
a 9 160 38
a 9 38 145
a 9 6 145
a 9 145 22
a 9 22 7
a 9 7 167
a 9 28 167
a 9 167 31
a 9 31 151
a 9 12 151
a 9 151 183
a 9 44 183
a 9 183 50
a 9 50 155
a 9 16 155
a 9 155 193
a 9 54 193
a 9 193 222
a 9 83 222
a 9 222 157
a 9 18 157
a 9 157 36
a 9 36 93
a 9 93 25
a 9 25 161
a 9 22 161
a 9 161 142
a 9 3 142
a 9 142 67
a 9 67 45
a 9 45 143
a 9 4 143
a 9 143 24
a 9 24 189
a 9 50 189
a 9 189 56
a 9 56 179
a 9 40 179
a 9 179 35
a 9 35 47
a 9 47 164
a 9 25 164
a 9 164 217
a 9 78 217
a 9 217 169
a 9 30 169
a 9 169 175
a 9 36 175
a 9 175 49
a 9 49 232
a 9 93 232
a 9 232 62
a 9 62 99
a 9 99 158
a 9 19 158
a 9 158 26
a 9 26 64
a 9 64 184
a 9 45 184
a 9 184 90
a 9 90 29
a 9 29 17
a 9 17 73
a 9 73 146
a 9 7 146
a 9 146 177
a 9 38 177
a 9 177 176
a 9 37 176
a 9 176 206
a 9 67 206
a 9 206 59
a 9 59 80
a 9 80 55
a 9 55 163
a 9 24 163
a 9 163 205
a 9 66 205
a 9 205 165
a 9 26 165
a 9 165 69
a 9 69 229
a 9 90 229
a 9 229 92
a 9 92 105
a 9 105 170
a 9 31 170
a 9 170 195
a 9 56 195
a 9 195 174
a 9 35 174
a 9 174 186
a 9 47 186
a 9 186 212
a 9 73 212
a 9 212 198
a 9 59 198
a 9 198 42
a 9 42 188
a 9 49 188
a 9 188 74
a 9 74 219
a 9 80 219
a 9 219 194
a 9 55 194
a 9 194 61
a 9 61 82
a 9 82 43
a 9 43 244
a 9 105 244
a 9 244 117
a 9 117 168
a 9 29 168
a 9 168 84
a 9 84 203
a 9 64 203
a 9 203 71
a 9 71 231
a 9 92 231
a 9 231 107
a 9 107 201
a 9 62 201
a 9 201 213
a 9 74 213
a 9 213 208
a 9 69 208
a 9 208 101
a 9 101 70
a 9 70 238
a 9 99 238
a 9 238 77
a 9 77 210
a 9 71 210
a 9 210 88
a 9 88 181
a 9 42 181
a 9 181 156
a 9 17 156
a 9 156 209
a 9 70 209
a 9 209 246
a 9 107 246
a 9 246 20
a 9 20 200
a 9 61 200
a 9 200 87
a 9 87 103
a 9 103 221
a 9 82 221
a 9 221 76
a 9 76 95
a 9 95 240
a 9 101 240
a 9 240 223
a 9 84 223
a 9 223 256
a 9 117 256
a 9 256 128
a 9 128 109
a 9 109 182
a 9 43 182
a 9 182 100
a 9 100 226
a 9 87 226
a 9 226 113
a 9 113 133
a 9 133 242
a 9 103 242
a 9 242 227
a 9 88 227
a 9 227 129
a 9 129 110
a 9 110 106
a 9 106 234
a 9 95 234
a 9 234 215
a 9 76 215
a 9 215 97
a 9 97 216
a 9 77 216
a 9 216 119
a 9 119 159
a 9 20 159
a 9 159 125
a 9 125 60
a 9 60 114
a 9 114 239
a 9 100 239
a 9 239 98
a 9 98 252
a 9 113 252
a 9 252 268
a 9 129 268
a 9 268 236
a 9 97 236
a 9 236 267
a 9 128 267
a 9 267 120
a 9 120 237
a 9 98 237
a 9 237 108
a 9 108 264
a 9 125 264
a 9 264 249
a 9 110 249
a 9 249 245
a 9 106 245
a 9 245 253
a 9 114 253
a 9 253 272
a 9 133 272
a 9 272 135
a 9 135 136
a 9 136 199
a 9 60 199
a 9 199 94
a 9 94 123
a 9 123 112
a 9 112 248
a 9 109 248
a 9 248 134
a 9 134 130
a 9 130 258
a 9 119 258
a 9 258 273
a 9 134 273
a 9 273 269
a 9 130 269
a 9 269 233
a 9 94 233
a 9 233 275
a 9 136 275
a 9 275 247
a 9 108 247
a 9 247 251
a 9 112 251
a 9 251 262
a 9 123 262
a 9 262 259
a 9 120 259
a 9 259 274
a 9 135 274
a 9 274 279
a 10 278 1
a 10 1 2
a 10 2 46
a 10 46 5
a 10 5 10
a 10 10 28
a 10 28 32
a 10 32 4
a 10 4 16
a 10 16 11
a 10 11 23
a 10 23 27
a 10 27 13
a 10 13 8
a 10 8 18
a 10 18 15
a 10 15 150
a 10 11 150
a 10 150 144
a 10 5 144
a 10 144 12
a 10 12 141
a 10 2 141
a 10 141 171
a 10 32 171
a 10 171 185
a 10 46 185
a 10 185 40
a 10 40 149
a 10 10 149
a 10 149 6
a 10 6 54
a 10 54 152
a 10 13 152
a 10 152 166
a 10 27 166
a 10 166 44
a 10 44 140
a 10 1 140
a 10 140 78
a 10 78 3
a 10 3 147
a 10 8 147
a 10 147 162
a 10 23 162
a 10 162 154
a 10 15 154
a 10 154 66
a 10 66 83
a 10 83 9
a 10 9 37
a 10 37 38
a 10 38 145
a 10 6 145
a 10 145 22
a 10 22 167
a 10 28 167
a 10 167 31
a 10 31 85
a 10 85 151
a 10 12 151
a 10 151 183
a 10 44 183
a 10 183 14
a 10 14 155
a 10 16 155
a 10 155 193
a 10 54 193
a 10 193 222
a 10 83 222
a 10 222 157
a 10 18 157
a 10 157 25
a 10 25 161
a 10 22 161
a 10 161 142
a 10 3 142
a 10 142 67
a 10 67 45
a 10 45 143
a 10 4 143
a 10 143 24
a 10 24 56
a 10 56 179
a 10 40 179
a 10 179 153
a 10 14 153
a 10 153 35
a 10 35 47
a 10 47 164
a 10 25 164
a 10 164 217
a 10 78 217
a 10 217 49
a 10 49 39
a 10 39 62
a 10 62 99
a 10 99 26
a 10 26 64
a 10 64 184
a 10 45 184
a 10 184 148
a 10 9 148
a 10 148 17
a 10 17 73
a 10 73 177
a 10 38 177
a 10 177 176
a 10 37 176
a 10 176 206
a 10 67 206
a 10 206 55
a 10 55 80
a 10 80 163
a 10 24 163
a 10 163 33
a 10 33 205
a 10 66 205
a 10 205 165
a 10 26 165
a 10 165 48
a 10 48 92
a 10 92 224
a 10 85 224
a 10 224 170
a 10 31 170
a 10 170 89
a 10 89 195
a 10 56 195
a 10 195 174
a 10 35 174
a 10 174 186
a 10 47 186
a 10 186 212
a 10 73 212
a 10 212 58
a 10 58 178
a 10 39 178
a 10 178 68
a 10 68 188
a 10 49 188
a 10 188 74
a 10 74 194
a 10 55 194
a 10 194 219
a 10 80 219
a 10 219 61
a 10 61 82
a 10 82 172
a 10 33 172
a 10 172 43
a 10 43 117
a 10 117 63
a 10 63 197
a 10 58 197
a 10 197 203
a 10 64 203
a 10 203 231
a 10 92 231
a 10 231 81
a 10 81 201
a 10 62 201
a 10 201 213
a 10 74 213
a 10 213 101
a 10 101 70
a 10 70 75
a 10 75 187
a 10 48 187
a 10 187 238
a 10 99 238
a 10 238 79
a 10 79 122
a 10 122 202
a 10 63 202
a 10 202 65
a 10 65 156
a 10 17 156
a 10 156 209
a 10 70 209
a 10 209 52
a 10 52 86
a 10 86 115
a 10 115 200
a 10 61 200
a 10 200 87
a 10 87 220
a 10 81 220
a 10 220 228
a 10 89 228
a 10 228 103
a 10 103 221
a 10 82 221
a 10 221 214
a 10 75 214
a 10 214 204
a 10 65 204
a 10 204 76
a 10 76 207
a 10 68 207
a 10 207 191
a 10 52 191
a 10 191 104
a 10 104 240
a 10 101 240
a 10 240 256
a 10 117 256
a 10 256 111
a 10 111 218
a 10 79 218
a 10 218 128
a 10 128 182
a 10 43 182
a 10 182 100
a 10 100 226
a 10 87 226
a 10 226 113
a 10 113 57
a 10 57 261
a 10 122 261
a 10 261 133
a 10 133 242
a 10 103 242
a 10 242 110
a 10 110 215
a 10 76 215
a 10 215 225
a 10 86 225
a 10 225 97
a 10 97 119
a 10 119 124
a 10 124 125
a 10 125 114
a 10 114 254
a 10 115 254
a 10 254 239
a 10 100 239
a 10 239 137
a 10 137 252
a 10 113 252
a 10 252 118
a 10 118 102
a 10 102 196
a 10 57 196
a 10 196 138
a 10 138 236
a 10 97 236
a 10 236 267
a 10 128 267
a 10 267 132
a 10 132 121
a 10 121 250
a 10 111 250
a 10 250 120
a 10 120 243
a 10 104 243
a 10 243 264
a 10 125 264
a 10 264 249
a 10 110 249
a 10 249 131
a 10 131 253
a 10 114 253
a 10 253 272
a 10 133 272
a 10 272 94
a 10 94 112
a 10 112 130
a 10 130 276
a 10 137 276
a 10 276 263
a 10 124 263
a 10 263 260
a 10 121 260
a 10 260 258
a 10 119 258
a 10 258 269
a 10 130 269
a 10 269 270
a 10 131 270
a 10 270 233
a 10 94 233
a 10 233 271
a 10 132 271
a 10 271 241
a 10 102 241
a 10 241 251
a 10 112 251
a 10 251 259
a 10 120 259
a 10 259 257
a 10 118 257
a 10 257 277
a 10 138 277
a 10 277 279
a 11 278 1
a 11 1 2
a 11 2 46
a 11 46 10
a 11 10 28
a 11 28 0
a 11 0 53
a 11 53 11
a 11 11 41
a 11 41 21
a 11 21 18
a 11 18 15
a 11 15 150
a 11 11 150
a 11 150 34
a 11 34 12
a 11 12 141
a 11 2 141
a 11 141 185
a 11 46 185
a 11 185 40
a 11 40 149
a 11 10 149
a 11 149 139
a 11 0 139
a 11 139 6
a 11 6 54
a 11 54 44
a 11 44 140
a 11 1 140
a 11 140 78
a 11 78 3
a 11 3 19
a 11 19 154
a 11 15 154
a 11 154 180
a 11 41 180
a 11 180 192
a 11 53 192
a 11 192 66
a 11 66 83
a 11 83 37
a 11 37 160
a 11 21 160
a 11 160 145
a 11 6 145
a 11 145 173
a 11 34 173
a 11 173 22
a 11 22 167
a 11 28 167
a 11 167 85
a 11 85 151
a 11 12 151
a 11 151 183
a 11 44 183
a 11 183 50
a 11 50 14
a 11 14 193
a 11 54 193
a 11 193 222
a 11 83 222
a 11 222 157
a 11 18 157
a 11 157 36
a 11 36 161
a 11 22 161
a 11 161 142
a 11 3 142
a 11 142 67
a 11 67 24
a 11 24 189
a 11 50 189
a 11 189 56
a 11 56 179
a 11 40 179
a 11 179 153
a 11 14 153
a 11 153 35
a 11 35 217
a 11 78 217
a 11 217 175
a 11 36 175
a 11 175 49
a 11 49 39
a 11 39 62
a 11 62 99
a 11 99 158
a 11 19 158
a 11 158 26
a 11 26 64
a 11 64 90
a 11 90 29
a 11 29 17
a 11 17 73
a 11 73 176
a 11 37 176
a 11 176 206
a 11 67 206
a 11 206 80
a 11 80 163
a 11 24 163
a 11 163 33
a 11 33 205
a 11 66 205
a 11 205 165
a 11 26 165
a 11 165 48
a 11 48 69
a 11 69 229
a 11 90 229
a 11 229 92
a 11 92 224
a 11 85 224
a 11 224 105
a 11 105 51
a 11 51 89
a 11 89 195
a 11 56 195
a 11 195 174
a 11 35 174
a 11 174 212
a 11 73 212
a 11 212 58
a 11 58 178
a 11 39 178
a 11 178 42
a 11 42 188
a 11 49 188
a 11 188 74
a 11 74 219
a 11 80 219
a 11 219 61
a 11 61 82
a 11 82 172
a 11 33 172
a 11 172 43
a 11 43 244
a 11 105 244
a 11 244 117
a 11 117 168
a 11 29 168
a 11 168 63
a 11 63 84
a 11 84 197
a 11 58 197
a 11 197 203
a 11 64 203
a 11 203 190
a 11 51 190
a 11 190 71
a 11 71 231
a 11 92 231
a 11 231 201
a 11 62 201
a 11 201 213
a 11 74 213
a 11 213 208
a 11 69 208
a 11 208 70
a 11 70 75
a 11 75 187
a 11 48 187
a 11 187 238
a 11 99 238
a 11 238 79
a 11 79 77
a 11 77 122
a 11 122 210
a 11 71 210
a 11 210 202
a 11 63 202
a 11 202 65
a 11 65 181
a 11 42 181
a 11 181 156
a 11 17 156
a 11 156 209
a 11 70 209
a 11 209 52
a 11 52 20
a 11 20 86
a 11 86 115
a 11 115 200
a 11 61 200
a 11 200 87
a 11 87 228
a 11 89 228
a 11 228 103
a 11 103 221
a 11 82 221
a 11 221 214
a 11 75 214
a 11 214 96
a 11 96 204
a 11 65 204
a 11 204 76
a 11 76 95
a 11 95 191
a 11 52 191
a 11 191 223
a 11 84 223
a 11 223 256
a 11 117 256
a 11 256 111
a 11 111 218
a 11 79 218
a 11 218 128
a 11 128 109
a 11 109 182
a 11 43 182
a 11 182 100
a 11 100 226
a 11 87 226
a 11 226 57
a 11 57 261
a 11 122 261
a 11 261 133
a 11 133 242
a 11 103 242
a 11 242 129
a 11 129 106
a 11 106 235
a 11 96 235
a 11 235 234
a 11 95 234
a 11 234 215
a 11 76 215
a 11 215 225
a 11 86 225
a 11 225 216
a 11 77 216
a 11 216 119
a 11 119 159
a 11 20 159
a 11 159 125
a 11 125 114
a 11 114 254
a 11 115 254
a 11 254 239
a 11 100 239
a 11 239 98
a 11 98 137
a 11 137 118
a 11 118 102
a 11 102 196
a 11 57 196
a 11 196 72
a 11 72 268
a 11 129 268
a 11 268 138
a 11 138 267
a 11 128 267
a 11 267 132
a 11 132 121
a 11 121 250
a 11 111 250
a 11 250 237
a 11 98 237
a 11 237 108
a 11 108 264
a 11 125 264
a 11 264 245
a 11 106 245
a 11 245 253
a 11 114 253
a 11 253 272
a 11 133 272
a 11 272 135
a 11 135 112
a 11 112 248
a 11 109 248
a 11 248 134
a 11 134 130
a 11 130 276
a 11 137 276
a 11 276 260
a 11 121 260
a 11 260 258
a 11 119 258
a 11 258 273
a 11 134 273
a 11 273 269
a 11 130 269
a 11 269 211
a 11 72 211
a 11 211 247
a 11 108 247
a 11 247 271
a 11 132 271
a 11 271 241
a 11 102 241
a 11 241 251
a 11 112 251
a 11 251 257
a 11 118 257
a 11 257 274
a 11 135 274
a 11 274 277
a 11 138 277
a 11 277 279
a 12 278 2
a 12 2 46
a 12 46 5
a 12 5 10
a 12 10 28
a 12 28 0
a 12 0 53
a 12 53 32
a 12 32 16
a 12 16 11
a 12 11 27
a 12 27 18
a 12 18 150
a 12 11 150
a 12 150 144
a 12 5 144
a 12 144 12
a 12 12 141
a 12 2 141
a 12 141 171
a 12 32 171
a 12 171 185
a 12 46 185
a 12 185 40
a 12 40 149
a 12 10 149
a 12 149 139
a 12 0 139
a 12 139 54
a 12 54 30
a 12 30 166
a 12 27 166
a 12 166 44
a 12 44 78
a 12 78 19
a 12 19 192
a 12 53 192
a 12 192 83
a 12 83 22
a 12 22 7
a 12 7 167
a 12 28 167
a 12 167 151
a 12 12 151
a 12 151 183
a 12 44 183
a 12 183 50
a 12 50 14
a 12 14 155
a 12 16 155
a 12 155 193
a 12 54 193
a 12 193 222
a 12 83 222
a 12 222 157
a 12 18 157
a 12 157 36
a 12 36 25
a 12 25 161
a 12 22 161
a 12 161 45
a 12 45 24
a 12 24 189
a 12 50 189
a 12 189 56
a 12 56 179
a 12 40 179
a 12 179 153
a 12 14 153
a 12 153 47
a 12 47 164
a 12 25 164
a 12 164 217
a 12 78 217
a 12 217 169
a 12 30 169
a 12 169 175
a 12 36 175
a 12 175 49
a 12 49 39
a 12 39 62
a 12 62 99
a 12 99 158
a 12 19 158
a 12 158 26
a 12 26 64
a 12 64 184
a 12 45 184
a 12 184 90
a 12 90 17
a 12 17 73
a 12 73 146
a 12 7 146
a 12 146 59
a 12 59 80
a 12 80 163
a 12 24 163
a 12 163 33
a 12 33 165
a 12 26 165
a 12 165 69
a 12 69 229
a 12 90 229
a 12 229 92
a 12 92 105
a 12 105 89
a 12 89 195
a 12 56 195
a 12 195 186
a 12 47 186
a 12 186 212
a 12 73 212
a 12 212 58
a 12 58 198
a 12 59 198
a 12 198 178
a 12 39 178
a 12 178 42
a 12 42 68
a 12 68 188
a 12 49 188
a 12 188 116
a 12 116 219
a 12 80 219
a 12 219 82
a 12 82 172
a 12 33 172
a 12 172 43
a 12 43 244
a 12 105 244
a 12 244 117
a 12 117 63
a 12 63 84
a 12 84 197
a 12 58 197
a 12 197 203
a 12 64 203
a 12 203 231
a 12 92 231
a 12 231 201
a 12 62 201
a 12 201 208
a 12 69 208
a 12 208 70
a 12 70 238
a 12 99 238
a 12 238 79
a 12 79 77
a 12 77 122
a 12 122 202
a 12 63 202
a 12 202 181
a 12 42 181
a 12 181 156
a 12 17 156
a 12 156 209
a 12 70 209
a 12 209 52
a 12 52 115
a 12 115 255
a 12 116 255
a 12 255 87
a 12 87 228
a 12 89 228
a 12 228 126
a 12 126 103
a 12 103 221
a 12 82 221
a 12 221 76
a 12 76 95
a 12 95 207
a 12 68 207
a 12 207 191
a 12 52 191
a 12 191 104
a 12 104 223
a 12 84 223
a 12 223 256
a 12 117 256
a 12 256 218
a 12 79 218
a 12 218 128
a 12 128 109
a 12 109 182
a 12 43 182
a 12 182 100
a 12 100 226
a 12 87 226
a 12 226 57
a 12 57 261
a 12 122 261
a 12 261 133
a 12 133 242
a 12 103 242
a 12 242 129
a 12 129 110
a 12 110 106
a 12 106 234
a 12 95 234
a 12 234 215
a 12 76 215
a 12 215 97
a 12 97 216
a 12 77 216
a 12 216 125
a 12 125 60
a 12 60 114
a 12 114 254
a 12 115 254
a 12 254 239
a 12 100 239
a 12 239 98
a 12 98 137
a 12 137 118
a 12 118 102
a 12 102 196
a 12 57 196
a 12 196 72
a 12 72 268
a 12 129 268
a 12 268 138
a 12 138 236
a 12 97 236
a 12 236 267
a 12 128 267
a 12 267 265
a 12 126 265
a 12 265 127
a 12 127 132
a 12 132 121
a 12 121 120
a 12 120 243
a 12 104 243
a 12 243 237
a 12 98 237
a 12 237 264
a 12 125 264
a 12 264 249
a 12 110 249
a 12 249 131
a 12 131 245
a 12 106 245
a 12 245 253
a 12 114 253
a 12 253 272
a 12 133 272
a 12 272 135
a 12 135 136
a 12 136 199
a 12 60 199
a 12 199 94
a 12 94 123
a 12 123 248
a 12 109 248
a 12 248 134
a 12 134 276
a 12 137 276
a 12 276 260
a 12 121 260
a 12 260 266
a 12 127 266
a 12 266 273
a 12 134 273
a 12 273 270
a 12 131 270
a 12 270 211
a 12 72 211
a 12 211 233
a 12 94 233
a 12 233 275
a 12 136 275
a 12 275 271
a 12 132 271
a 12 271 241
a 12 102 241
a 12 241 262
a 12 123 262
a 12 262 259
a 12 120 259
a 12 259 257
a 12 118 257
a 12 257 274
a 12 135 274
a 12 274 277
a 12 138 277
a 12 277 279
a 13 278 1
a 13 1 2
a 13 2 46
a 13 46 5
a 13 5 10
a 13 10 28
a 13 28 0
a 13 0 32
a 13 32 4
a 13 4 16
a 13 16 23
a 13 23 27
a 13 27 41
a 13 41 13
a 13 13 8
a 13 8 18
a 13 18 15
a 13 15 144
a 13 5 144
a 13 144 34
a 13 34 12
a 13 12 141
a 13 2 141
a 13 141 171
a 13 32 171
a 13 171 185
a 13 46 185
a 13 185 40
a 13 40 149
a 13 10 149
a 13 149 139
a 13 0 139
a 13 139 54
a 13 54 30
a 13 30 152
a 13 13 152
a 13 152 166
a 13 27 166
a 13 166 44
a 13 44 140
a 13 1 140
a 13 140 78
a 13 78 3
a 13 3 19
a 13 19 147
a 13 8 147
a 13 147 162
a 13 23 162
a 13 162 180
a 13 41 180
a 13 180 154
a 13 15 154
a 13 154 66
a 13 66 83
a 13 83 9
a 13 9 173
a 13 34 173
a 13 173 7
a 13 7 167
a 13 28 167
a 13 167 31
a 13 31 151
a 13 12 151
a 13 151 183
a 13 44 183
a 13 183 50
a 13 50 155
a 13 16 155
a 13 155 193
a 13 54 193
a 13 193 222
a 13 83 222
a 13 222 157
a 13 18 157
a 13 157 93
a 13 93 36
a 13 36 142
a 13 3 142
a 13 142 67
a 13 67 143
a 13 4 143
a 13 143 189
a 13 50 189
a 13 189 179
a 13 40 179
a 13 179 35
a 13 35 217
a 13 78 217
a 13 217 169
a 13 30 169
a 13 169 175
a 13 36 175
a 13 175 49
a 13 49 232
a 13 93 232
a 13 232 39
a 13 39 62
a 13 62 99
a 13 99 158
a 13 19 158
a 13 158 26
a 13 26 64
a 13 64 148
a 13 9 148
a 13 148 17
a 13 17 73
a 13 73 146
a 13 7 146
a 13 146 206
a 13 67 206
a 13 206 55
a 13 55 33
a 13 33 205
a 13 66 205
a 13 205 165
a 13 26 165
a 13 165 69
a 13 69 92
a 13 92 105
a 13 105 170
a 13 31 170
a 13 170 51
a 13 51 89
a 13 89 174
a 13 35 174
a 13 174 212
a 13 73 212
a 13 212 58
a 13 58 178
a 13 39 178
a 13 178 188
a 13 49 188
a 13 188 194
a 13 55 194
a 13 194 82
a 13 82 172
a 13 33 172
a 13 172 43
a 13 43 244
a 13 105 244
a 13 244 63
a 13 63 84
a 13 84 197
a 13 58 197
a 13 197 203
a 13 64 203
a 13 203 190
a 13 51 190
a 13 190 231
a 13 92 231
a 13 231 201
a 13 62 201
a 13 201 208
a 13 69 208
a 13 208 101
a 13 101 70
a 13 70 75
a 13 75 238
a 13 99 238
a 13 238 79
a 13 79 122
a 13 122 88
a 13 88 202
a 13 63 202
a 13 202 156
a 13 17 156
a 13 156 209
a 13 70 209
a 13 209 52
a 13 52 20
a 13 20 86
a 13 86 115
a 13 115 87
a 13 87 228
a 13 89 228
a 13 228 126
a 13 126 103
a 13 103 221
a 13 82 221
a 13 221 214
a 13 75 214
a 13 214 96
a 13 96 76
a 13 76 191
a 13 52 191
a 13 191 240
a 13 101 240
a 13 240 223
a 13 84 223
a 13 223 218
a 13 79 218
a 13 218 128
a 13 128 182
a 13 43 182
a 13 182 226
a 13 87 226
a 13 226 113
a 13 113 57
a 13 57 261
a 13 122 261
a 13 261 133
a 13 133 242
a 13 103 242
a 13 242 227
a 13 88 227
a 13 227 129
a 13 129 110
a 13 110 106
a 13 106 235
a 13 96 235
a 13 235 215
a 13 76 215
a 13 215 225
a 13 86 225
a 13 225 97
a 13 97 119
a 13 119 159
a 13 20 159
a 13 159 124
a 13 124 125
a 13 125 60
a 13 60 254
a 13 115 254
a 13 254 98
a 13 98 137
a 13 137 252
a 13 113 252
a 13 252 118
a 13 118 196
a 13 57 196
a 13 196 72
a 13 72 268
a 13 129 268
a 13 268 138
a 13 138 236
a 13 97 236
a 13 236 267
a 13 128 267
a 13 267 265
a 13 126 265
a 13 265 132
a 13 132 121
a 13 121 120
a 13 120 237
a 13 98 237
a 13 237 264
a 13 125 264
a 13 264 249
a 13 110 249
a 13 249 131
a 13 131 245
a 13 106 245
a 13 245 272
a 13 133 272
a 13 272 135
a 13 135 136
a 13 136 199
a 13 60 199
a 13 199 94
a 13 94 123
a 13 123 134
a 13 134 130
a 13 130 276
a 13 137 276
a 13 276 263
a 13 124 263
a 13 263 260
a 13 121 260
a 13 260 258
a 13 119 258
a 13 258 273
a 13 134 273
a 13 273 269
a 13 130 269
a 13 269 270
a 13 131 270
a 13 270 211
a 13 72 211
a 13 211 233
a 13 94 233
a 13 233 275
a 13 136 275
a 13 275 271
a 13 132 271
a 13 271 262
a 13 123 262
a 13 262 259
a 13 120 259
a 13 259 274
a 13 135 274
a 13 274 257
a 13 118 257
a 13 257 277
a 13 138 277
a 13 277 279
a 14 278 1
a 14 1 2
a 14 2 46
a 14 46 5
a 14 5 0
a 14 0 53
a 14 53 4
a 14 4 16
a 14 16 11
a 14 11 27
a 14 27 21
a 14 21 13
a 14 13 8
a 14 8 18
a 14 18 15
a 14 15 150
a 14 11 150
a 14 150 144
a 14 5 144
a 14 144 34
a 14 34 12
a 14 12 141
a 14 2 141
a 14 141 185
a 14 46 185
a 14 185 139
a 14 0 139
a 14 139 54
a 14 54 152
a 14 13 152
a 14 152 166
a 14 27 166
a 14 166 140
a 14 1 140
a 14 140 3
a 14 3 19
a 14 19 147
a 14 8 147
a 14 147 154
a 14 15 154
a 14 154 192
a 14 53 192
a 14 192 66
a 14 66 9
a 14 9 160
a 14 21 160
a 14 160 38
a 14 38 173
a 14 34 173
a 14 173 22
a 14 22 7
a 14 7 85
a 14 85 31
a 14 31 151
a 14 12 151
a 14 151 14
a 14 14 155
a 14 16 155
a 14 155 193
a 14 54 193
a 14 193 157
a 14 18 157
a 14 157 36
a 14 36 93
a 14 93 161
a 14 22 161
a 14 161 142
a 14 3 142
a 14 142 67
a 14 67 45
a 14 45 143
a 14 4 143
a 14 143 56
a 14 56 153
a 14 14 153
a 14 153 35
a 14 35 175
a 14 36 175
a 14 175 49
a 14 49 232
a 14 93 232
a 14 232 39
a 14 39 158
a 14 19 158
a 14 158 26
a 14 26 184
a 14 45 184
a 14 184 148
a 14 9 148
a 14 148 17
a 14 17 146
a 14 7 146
a 14 146 177
a 14 38 177
a 14 177 206
a 14 67 206
a 14 206 59
a 14 59 80
a 14 80 205
a 14 66 205
a 14 205 165
a 14 26 165
a 14 165 224
a 14 85 224
a 14 224 105
a 14 105 170
a 14 31 170
a 14 170 51
a 14 51 89
a 14 89 195
a 14 56 195
a 14 195 174
a 14 35 174
a 14 174 58
a 14 58 198
a 14 59 198
a 14 198 178
a 14 39 178
a 14 178 68
a 14 68 188
a 14 49 188
a 14 188 219
a 14 80 219
a 14 219 61
a 14 61 82
a 14 82 43
a 14 43 244
a 14 105 244
a 14 244 117
a 14 117 63
a 14 63 84
a 14 84 197
a 14 58 197
a 14 197 190
a 14 51 190
a 14 190 71
a 14 71 81
a 14 81 101
a 14 101 70
a 14 70 210
a 14 71 210
a 14 210 88
a 14 88 202
a 14 63 202
a 14 202 65
a 14 65 156
a 14 17 156
a 14 156 209
a 14 70 209
a 14 209 52
a 14 52 20
a 14 20 86
a 14 86 115
a 14 115 200
a 14 61 200
a 14 200 220
a 14 81 220
a 14 220 228
a 14 89 228
a 14 228 221
a 14 82 221
a 14 221 91
a 14 91 96
a 14 96 204
a 14 65 204
a 14 204 76
a 14 76 207
a 14 68 207
a 14 207 191
a 14 52 191
a 14 191 104
a 14 104 240
a 14 101 240
a 14 240 223
a 14 84 223
a 14 223 256
a 14 117 256
a 14 256 111
a 14 111 128
a 14 128 109
a 14 109 182
a 14 43 182
a 14 182 113
a 14 113 57
a 14 57 133
a 14 133 227
a 14 88 227
a 14 227 110
a 14 110 235
a 14 96 235
a 14 235 230
a 14 91 230
a 14 230 215
a 14 76 215
a 14 215 225
a 14 86 225
a 14 225 97
a 14 97 159
a 14 20 159
a 14 159 124
a 14 124 125
a 14 125 254
a 14 115 254
a 14 254 252
a 14 113 252
a 14 252 196
a 14 57 196
a 14 196 236
a 14 97 236
a 14 236 267
a 14 128 267
a 14 267 132
a 14 132 250
a 14 111 250
a 14 250 243
a 14 104 243
a 14 243 108
a 14 108 264
a 14 125 264
a 14 264 249
a 14 110 249
a 14 249 272
a 14 133 272
a 14 272 135
a 14 135 136
a 14 136 94
a 14 94 248
a 14 109 248
a 14 248 134
a 14 134 130
a 14 130 263
a 14 124 263
a 14 263 273
a 14 134 273
a 14 273 269
a 14 130 269
a 14 269 233
a 14 94 233
a 14 233 275
a 14 136 275
a 14 275 247
a 14 108 247
a 14 247 271
a 14 132 271
a 14 271 274
a 14 135 274
a 14 274 279
a 15 278 1
a 15 1 2
a 15 2 5
a 15 5 10
a 15 10 28
a 15 28 0
a 15 0 4
a 15 4 23
a 15 23 41
a 15 41 21
a 15 21 8
a 15 8 15
a 15 15 144
a 15 5 144
a 15 144 34
a 15 34 141
a 15 2 141
a 15 141 40
a 15 40 149
a 15 10 149
a 15 149 139
a 15 0 139
a 15 139 6
a 15 6 30
a 15 30 44
a 15 44 140
a 15 1 140
a 15 140 78
a 15 78 3
a 15 3 19
a 15 19 147
a 15 8 147
a 15 147 162
a 15 23 162
a 15 162 154
a 15 15 154
a 15 154 180
a 15 41 180
a 15 180 66
a 15 66 37
a 15 37 160
a 15 21 160
a 15 160 38
a 15 38 145
a 15 6 145
a 15 145 173
a 15 34 173
a 15 173 7
a 15 7 167
a 15 28 167
a 15 167 31
a 15 31 85
a 15 85 183
a 15 44 183
a 15 183 50
a 15 50 14
a 15 14 93
a 15 93 25
a 15 25 142
a 15 3 142
a 15 142 67
a 15 67 45
a 15 45 143
a 15 4 143
a 15 143 189
a 15 50 189
a 15 189 56
a 15 56 179
a 15 40 179
a 15 179 153
a 15 14 153
a 15 153 35
a 15 35 164
a 15 25 164
a 15 164 217
a 15 78 217
a 15 217 169
a 15 30 169
a 15 169 232
a 15 93 232
a 15 232 62
a 15 62 99
a 15 99 158
a 15 19 158
a 15 158 64
a 15 64 184
a 15 45 184
a 15 184 29
a 15 29 17
a 15 17 73
a 15 73 146
a 15 7 146
a 15 146 177
a 15 38 177
a 15 177 176
a 15 37 176
a 15 176 206
a 15 67 206
a 15 206 55
a 15 55 80
a 15 80 33
a 15 33 205
a 15 66 205
a 15 205 48
a 15 48 92
a 15 92 224
a 15 85 224
a 15 224 105
a 15 105 170
a 15 31 170
a 15 170 51
a 15 51 89
a 15 89 195
a 15 56 195
a 15 195 174
a 15 35 174
a 15 174 212
a 15 73 212
a 15 212 116
a 15 116 194
a 15 55 194
a 15 194 219
a 15 80 219
a 15 219 61
a 15 61 82
a 15 82 172
a 15 33 172
a 15 172 43
a 15 43 244
a 15 105 244
a 15 244 117
a 15 117 168
a 15 29 168
a 15 168 84
a 15 84 203
a 15 64 203
a 15 203 190
a 15 51 190
a 15 190 71
a 15 71 231
a 15 92 231
a 15 231 81
a 15 81 201
a 15 62 201
a 15 201 70
a 15 70 75
a 15 75 187
a 15 48 187
a 15 187 238
a 15 99 238
a 15 238 79
a 15 79 77
a 15 77 122
a 15 122 210
a 15 71 210
a 15 210 88
a 15 88 65
a 15 65 156
a 15 17 156
a 15 156 209
a 15 70 209
a 15 209 52
a 15 52 20
a 15 20 86
a 15 86 255
a 15 116 255
a 15 255 200
a 15 61 200
a 15 200 220
a 15 81 220
a 15 220 228
a 15 89 228
a 15 228 126
a 15 126 103
a 15 103 221
a 15 82 221
a 15 221 214
a 15 75 214
a 15 214 91
a 15 91 204
a 15 65 204
a 15 204 76
a 15 76 191
a 15 52 191
a 15 191 104
a 15 104 223
a 15 84 223
a 15 223 256
a 15 117 256
a 15 256 218
a 15 79 218
a 15 218 128
a 15 128 109
a 15 109 182
a 15 43 182
a 15 182 100
a 15 100 113
a 15 113 261
a 15 122 261
a 15 261 133
a 15 133 242
a 15 103 242
a 15 242 227
a 15 88 227
a 15 227 129
a 15 129 110
a 15 110 106
a 15 106 230
a 15 91 230
a 15 230 215
a 15 76 215
a 15 215 225
a 15 86 225
a 15 225 216
a 15 77 216
a 15 216 159
a 15 20 159
a 15 159 125
a 15 125 60
a 15 60 114
a 15 114 239
a 15 100 239
a 15 239 98
a 15 98 137
a 15 137 252
a 15 113 252
a 15 252 118
a 15 118 268
a 15 129 268
a 15 268 138
a 15 138 267
a 15 128 267
a 15 267 265
a 15 126 265
a 15 265 127
a 15 127 120
a 15 120 243
a 15 104 243
a 15 243 237
a 15 98 237
a 15 237 108
a 15 108 264
a 15 125 264
a 15 264 249
a 15 110 249
a 15 249 131
a 15 131 245
a 15 106 245
a 15 245 253
a 15 114 253
a 15 253 272
a 15 133 272
a 15 272 136
a 15 136 199
a 15 60 199
a 15 199 94
a 15 94 123
a 15 123 248
a 15 109 248
a 15 248 134
a 15 134 130
a 15 130 276
a 15 137 276
a 15 276 266
a 15 127 266
a 15 266 273
a 15 134 273
a 15 273 269
a 15 130 269
a 15 269 270
a 15 131 270
a 15 270 233
a 15 94 233
a 15 233 275
a 15 136 275
a 15 275 247
a 15 108 247
a 15 247 262
a 15 123 262
a 15 262 259
a 15 120 259
a 15 259 257
a 15 118 257
a 15 257 277
a 15 138 277
a 15 277 279
a 16 278 2
a 16 2 46
a 16 46 28
a 16 28 0
a 16 0 53
a 16 53 32
a 16 32 4
a 16 4 16
a 16 16 11
a 16 11 27
a 16 27 41
a 16 41 21
a 16 21 13
a 16 13 18
a 16 18 150
a 16 11 150
a 16 150 141
a 16 2 141
a 16 141 171
a 16 32 171
a 16 171 185
a 16 46 185
a 16 185 40
a 16 40 139
a 16 0 139
a 16 139 6
a 16 6 54
a 16 54 30
a 16 30 152
a 16 13 152
a 16 152 166
a 16 27 166
a 16 166 78
a 16 78 180
a 16 41 180
a 16 180 192
a 16 53 192
a 16 192 83
a 16 83 9
a 16 9 37
a 16 37 160
a 16 21 160
a 16 160 38
a 16 38 145
a 16 6 145
a 16 145 22
a 16 22 7
a 16 7 167
a 16 28 167
a 16 167 31
a 16 31 85
a 16 85 50
a 16 50 14
a 16 14 155
a 16 16 155
a 16 155 193
a 16 54 193
a 16 193 222
a 16 83 222
a 16 222 157
a 16 18 157
a 16 157 36
a 16 36 93
a 16 93 25
a 16 25 161
a 16 22 161
a 16 161 45
a 16 45 143
a 16 4 143
a 16 143 189
a 16 50 189
a 16 189 56
a 16 56 179
a 16 40 179
a 16 179 153
a 16 14 153
a 16 153 47
a 16 47 164
a 16 25 164
a 16 164 217
a 16 78 217
a 16 217 169
a 16 30 169
a 16 169 175
a 16 36 175
a 16 175 49
a 16 49 232
a 16 93 232
a 16 232 39
a 16 39 64
a 16 64 184
a 16 45 184
a 16 184 90
a 16 90 148
a 16 9 148
a 16 148 29
a 16 29 73
a 16 73 146
a 16 7 146
a 16 146 177
a 16 38 177
a 16 177 176
a 16 37 176
a 16 176 59
a 16 59 55
a 16 55 33
a 16 33 69
a 16 69 229
a 16 90 229
a 16 229 92
a 16 92 224
a 16 85 224
a 16 224 105
a 16 105 170
a 16 31 170
a 16 170 51
a 16 51 195
a 16 56 195
a 16 195 186
a 16 47 186
a 16 186 212
a 16 73 212
a 16 212 58
a 16 58 198
a 16 59 198
a 16 198 178
a 16 39 178
a 16 178 42
a 16 42 68
a 16 68 188
a 16 49 188
a 16 188 116
a 16 116 194
a 16 55 194
a 16 194 61
a 16 61 82
a 16 82 172
a 16 33 172
a 16 172 43
a 16 43 244
a 16 105 244
a 16 244 168
a 16 29 168
a 16 168 197
a 16 58 197
a 16 197 203
a 16 64 203
a 16 203 190
a 16 51 190
a 16 190 71
a 16 71 231
a 16 92 231
a 16 231 107
a 16 107 208
a 16 69 208
a 16 208 101
a 16 101 70
a 16 70 75
a 16 75 79
a 16 79 77
a 16 77 122
a 16 122 210
a 16 71 210
a 16 210 88
a 16 88 181
a 16 42 181
a 16 181 209
a 16 70 209
a 16 209 52
a 16 52 246
a 16 107 246
a 16 246 20
a 16 20 86
a 16 86 115
a 16 115 255
a 16 116 255
a 16 255 200
a 16 61 200
a 16 200 221
a 16 82 221
a 16 221 214
a 16 75 214
a 16 214 91
a 16 91 76
a 16 76 207
a 16 68 207
a 16 207 191
a 16 52 191
a 16 191 240
a 16 101 240
a 16 240 218
a 16 79 218
a 16 218 128
a 16 128 109
a 16 109 182
a 16 43 182
a 16 182 100
a 16 100 113
a 16 113 261
a 16 122 261
a 16 261 227
a 16 88 227
a 16 227 129
a 16 129 110
a 16 110 106
a 16 106 230
a 16 91 230
a 16 230 215
a 16 76 215
a 16 215 225
a 16 86 225
a 16 225 97
a 16 97 216
a 16 77 216
a 16 216 119
a 16 119 159
a 16 20 159
a 16 159 124
a 16 124 125
a 16 125 114
a 16 114 254
a 16 115 254
a 16 254 239
a 16 100 239
a 16 239 252
a 16 113 252
a 16 252 102
a 16 102 72
a 16 72 268
a 16 129 268
a 16 268 138
a 16 138 236
a 16 97 236
a 16 236 267
a 16 128 267
a 16 267 127
a 16 127 132
a 16 132 121
a 16 121 120
a 16 120 108
a 16 108 264
a 16 125 264
a 16 264 249
a 16 110 249
a 16 249 245
a 16 106 245
a 16 245 253
a 16 114 253
a 16 253 135
a 16 135 136
a 16 136 94
a 16 94 123
a 16 123 248
a 16 109 248
a 16 248 130
a 16 130 263
a 16 124 263
a 16 263 260
a 16 121 260
a 16 260 258
a 16 119 258
a 16 258 266
a 16 127 266
a 16 266 269
a 16 130 269
a 16 269 211
a 16 72 211
a 16 211 233
a 16 94 233
a 16 233 275
a 16 136 275
a 16 275 247
a 16 108 247
a 16 247 271
a 16 132 271
a 16 271 241
a 16 102 241
a 16 241 262
a 16 123 262
a 16 262 259
a 16 120 259
a 16 259 274
a 16 135 274
a 16 274 277
a 16 138 277
a 16 277 279
a 17 278 1
a 17 1 2
a 17 2 10
a 17 10 53
a 17 53 32
a 17 32 4
a 17 4 16
a 17 16 27
a 17 27 41
a 17 41 21
a 17 21 13
a 17 13 8
a 17 8 15
a 17 15 34
a 17 34 12
a 17 12 141
a 17 2 141
a 17 141 171
a 17 32 171
a 17 171 40
a 17 40 149
a 17 10 149
a 17 149 54
a 17 54 30
a 17 30 152
a 17 13 152
a 17 152 166
a 17 27 166
a 17 166 140
a 17 1 140
a 17 140 78
a 17 78 3
a 17 3 147
a 17 8 147
a 17 147 192
a 17 53 192
a 17 192 154
a 17 15 154
a 17 154 180
a 17 41 180
a 17 180 66
a 17 66 83
a 17 83 160
a 17 21 160
a 17 160 38
a 17 38 173
a 17 34 173
a 17 173 22
a 17 22 7
a 17 7 151
a 17 12 151
a 17 151 50
a 17 50 14
a 17 14 155
a 17 16 155
a 17 155 193
a 17 54 193
a 17 193 222
a 17 83 222
a 17 222 36
a 17 36 93
a 17 93 161
a 17 22 161
a 17 161 142
a 17 3 142
a 17 142 143
a 17 4 143
a 17 143 189
a 17 50 189
a 17 189 56
a 17 56 179
a 17 40 179
a 17 179 153
a 17 14 153
a 17 153 35
a 17 35 217
a 17 78 217
a 17 217 169
a 17 30 169
a 17 169 175
a 17 36 175
a 17 175 232
a 17 93 232
a 17 232 39
a 17 39 62
a 17 62 99
a 17 99 90
a 17 90 29
a 17 29 17
a 17 17 73
a 17 73 146
a 17 7 146
a 17 146 177
a 17 38 177
a 17 177 59
a 17 59 55
a 17 55 80
a 17 80 205
a 17 66 205
a 17 205 69
a 17 69 48
a 17 48 229
a 17 90 229
a 17 229 92
a 17 92 105
a 17 105 51
a 17 51 89
a 17 89 195
a 17 56 195
a 17 195 174
a 17 35 174
a 17 174 212
a 17 73 212
a 17 212 58
a 17 58 198
a 17 59 198
a 17 198 178
a 17 39 178
a 17 178 42
a 17 42 68
a 17 68 74
a 17 74 116
a 17 116 194
a 17 55 194
a 17 194 219
a 17 80 219
a 17 219 61
a 17 61 82
a 17 82 43
a 17 43 244
a 17 105 244
a 17 244 117
a 17 117 168
a 17 29 168
a 17 168 84
a 17 84 197
a 17 58 197
a 17 197 190
a 17 51 190
a 17 190 231
a 17 92 231
a 17 231 81
a 17 81 107
a 17 107 201
a 17 62 201
a 17 201 213
a 17 74 213
a 17 213 208
a 17 69 208
a 17 208 101
a 17 101 70
a 17 70 75
a 17 75 187
a 17 48 187
a 17 187 238
a 17 99 238
a 17 238 79
a 17 79 77
a 17 77 88
a 17 88 65
a 17 65 181
a 17 42 181
a 17 181 156
a 17 17 156
a 17 156 209
a 17 70 209
a 17 209 52
a 17 52 246
a 17 107 246
a 17 246 20
a 17 20 115
a 17 115 255
a 17 116 255
a 17 255 200
a 17 61 200
a 17 200 87
a 17 87 220
a 17 81 220
a 17 220 228
a 17 89 228
a 17 228 103
a 17 103 221
a 17 82 221
a 17 221 214
a 17 75 214
a 17 214 91
a 17 91 96
a 17 96 204
a 17 65 204
a 17 204 76
a 17 76 95
a 17 95 207
a 17 68 207
a 17 207 191
a 17 52 191
a 17 191 104
a 17 104 240
a 17 101 240
a 17 240 223
a 17 84 223
a 17 223 256
a 17 117 256
a 17 256 111
a 17 111 218
a 17 79 218
a 17 218 128
a 17 128 109
a 17 109 182
a 17 43 182
a 17 182 100
a 17 100 226
a 17 87 226
a 17 226 113
a 17 113 57
a 17 57 242
a 17 103 242
a 17 242 227
a 17 88 227
a 17 227 129
a 17 129 110
a 17 110 235
a 17 96 235
a 17 235 234
a 17 95 234
a 17 234 230
a 17 91 230
a 17 230 215
a 17 76 215
a 17 215 97
a 17 97 216
a 17 77 216
a 17 216 119
a 17 119 159
a 17 20 159
a 17 159 124
a 17 124 125
a 17 125 114
a 17 114 254
a 17 115 254
a 17 254 239
a 17 100 239
a 17 239 137
a 17 137 252
a 17 113 252
a 17 252 118
a 17 118 102
a 17 102 196
a 17 57 196
a 17 196 72
a 17 72 268
a 17 129 268
a 17 268 138
a 17 138 236
a 17 97 236
a 17 236 267
a 17 128 267
a 17 267 121
a 17 121 250
a 17 111 250
a 17 250 120
a 17 120 243
a 17 104 243
a 17 243 264
a 17 125 264
a 17 264 249
a 17 110 249
a 17 249 253
a 17 114 253
a 17 253 135
a 17 135 136
a 17 136 94
a 17 94 123
a 17 123 112
a 17 112 248
a 17 109 248
a 17 248 130
a 17 130 276
a 17 137 276
a 17 276 263
a 17 124 263
a 17 263 260
a 17 121 260
a 17 260 258
a 17 119 258
a 17 258 269
a 17 130 269
a 17 269 211
a 17 72 211
a 17 211 233
a 17 94 233
a 17 233 275
a 17 136 275
a 17 275 241
a 17 102 241
a 17 241 251
a 17 112 251
a 17 251 262
a 17 123 262
a 17 262 259
a 17 120 259
a 17 259 257
a 17 118 257
a 17 257 274
a 17 135 274
a 17 274 277
a 17 138 277
a 17 277 279
a 18 278 1
a 18 1 5
a 18 5 10
a 18 10 32
a 18 32 4
a 18 4 16
a 18 16 11
a 18 11 23
a 18 23 41
a 18 41 13
a 18 13 8
a 18 8 18
a 18 18 15
a 18 15 150
a 18 11 150
a 18 150 144
a 18 5 144
a 18 144 12
a 18 12 171
a 18 32 171
a 18 171 40
a 18 40 149
a 18 10 149
a 18 149 6
a 18 6 54
a 18 54 30
a 18 30 152
a 18 13 152
a 18 152 44
a 18 44 140
a 18 1 140
a 18 140 78
a 18 78 3
a 18 3 147
a 18 8 147
a 18 147 162
a 18 23 162
a 18 162 154
a 18 15 154
a 18 154 180
a 18 41 180
a 18 180 66
a 18 66 83
a 18 83 38
a 18 38 145
a 18 6 145
a 18 145 31
a 18 31 85
a 18 85 151
a 18 12 151
a 18 151 183
a 18 44 183
a 18 183 50
a 18 50 155
a 18 16 155
a 18 155 193
a 18 54 193
a 18 193 222
a 18 83 222
a 18 222 157
a 18 18 157
a 18 157 36
a 18 36 93
a 18 93 25
a 18 25 142
a 18 3 142
a 18 142 67
a 18 67 45
a 18 45 143
a 18 4 143
a 18 143 24
a 18 24 189
a 18 50 189
a 18 189 179
a 18 40 179
a 18 179 35
a 18 35 47
a 18 47 164
a 18 25 164
a 18 164 217
a 18 78 217
a 18 217 169
a 18 30 169
a 18 169 175
a 18 36 175
a 18 175 49
a 18 49 232
a 18 93 232
a 18 232 62
a 18 62 26
a 18 26 64
a 18 64 184
a 18 45 184
a 18 184 90
a 18 90 29
a 18 29 73
a 18 73 177
a 18 38 177
a 18 177 206
a 18 67 206
a 18 206 59
a 18 59 55
a 18 55 163
a 18 24 163
a 18 163 33
a 18 33 205
a 18 66 205
a 18 205 165
a 18 26 165
a 18 165 48
a 18 48 69
a 18 69 229
a 18 90 229
a 18 229 224
a 18 85 224
a 18 224 170
a 18 31 170
a 18 170 51
a 18 51 89
a 18 89 174
a 18 35 174
a 18 174 186
a 18 47 186
a 18 186 212
a 18 73 212
a 18 212 58
a 18 58 198
a 18 59 198
a 18 198 188
a 18 49 188
a 18 188 116
a 18 116 194
a 18 55 194
a 18 194 82
a 18 82 172
a 18 33 172
a 18 172 43
a 18 43 117
a 18 117 168
a 18 29 168
a 18 168 63
a 18 63 84
a 18 84 197
a 18 58 197
a 18 197 203
a 18 64 203
a 18 203 190
a 18 51 190
a 18 190 71
a 18 71 81
a 18 81 201
a 18 62 201
a 18 201 208
a 18 69 208
a 18 208 101
a 18 101 70
a 18 70 75
a 18 75 187
a 18 48 187
a 18 187 210
a 18 71 210
a 18 210 88
a 18 88 202
a 18 63 202
a 18 202 65
a 18 65 209
a 18 70 209
a 18 209 52
a 18 52 86
a 18 86 255
a 18 116 255
a 18 255 87
a 18 87 220
a 18 81 220
a 18 220 228
a 18 89 228
a 18 228 126
a 18 126 103
a 18 103 221
a 18 82 221
a 18 221 214
a 18 75 214
a 18 214 91
a 18 91 204
a 18 65 204
a 18 204 95
a 18 95 191
a 18 52 191
a 18 191 240
a 18 101 240
a 18 240 223
a 18 84 223
a 18 223 256
a 18 117 256
a 18 256 111
a 18 111 128
a 18 128 182
a 18 43 182
a 18 182 226
a 18 87 226
a 18 226 113
a 18 113 57
a 18 57 133
a 18 133 242
a 18 103 242
a 18 242 227
a 18 88 227
a 18 227 129
a 18 129 110
a 18 110 106
a 18 106 234
a 18 95 234
a 18 234 230
a 18 91 230
a 18 230 225
a 18 86 225
a 18 225 97
a 18 97 119
a 18 119 114
a 18 114 98
a 18 98 137
a 18 137 252
a 18 113 252
a 18 252 196
a 18 57 196
a 18 196 72
a 18 72 268
a 18 129 268
a 18 268 236
a 18 97 236
a 18 236 267
a 18 128 267
a 18 267 265
a 18 126 265
a 18 265 132
a 18 132 121
a 18 121 250
a 18 111 250
a 18 250 237
a 18 98 237
a 18 237 108
a 18 108 249
a 18 110 249
a 18 249 131
a 18 131 245
a 18 106 245
a 18 245 253
a 18 114 253
a 18 253 272
a 18 133 272
a 18 272 135
a 18 135 136
a 18 136 94
a 18 94 123
a 18 123 112
a 18 112 134
a 18 134 276
a 18 137 276
a 18 276 260
a 18 121 260
a 18 260 258
a 18 119 258
a 18 258 273
a 18 134 273
a 18 273 270
a 18 131 270
a 18 270 211
a 18 72 211
a 18 211 233
a 18 94 233
a 18 233 275
a 18 136 275
a 18 275 247
a 18 108 247
a 18 247 271
a 18 132 271
a 18 271 251
a 18 112 251
a 18 251 262
a 18 123 262
a 18 262 274
a 18 135 274
a 18 274 279
a 19 278 1
a 19 1 46
a 19 46 10
a 19 10 0
a 19 0 32
a 19 32 4
a 19 4 16
a 19 16 11
a 19 11 41
a 19 41 13
a 19 13 8
a 19 8 150
a 19 11 150
a 19 150 34
a 19 34 12
a 19 12 171
a 19 32 171
a 19 171 185
a 19 46 185
a 19 185 40
a 19 40 149
a 19 10 149
a 19 149 139
a 19 0 139
a 19 139 152
a 19 13 152
a 19 152 140
a 19 1 140
a 19 140 3
a 19 3 19
a 19 19 147
a 19 8 147
a 19 147 180
a 19 41 180
a 19 180 83
a 19 83 37
a 19 37 38
a 19 38 173
a 19 34 173
a 19 173 22
a 19 22 7
a 19 7 31
a 19 31 85
a 19 85 151
a 19 12 151
a 19 151 50
a 19 50 14
a 19 14 155
a 19 16 155
a 19 155 222
a 19 83 222
a 19 222 25
a 19 25 161
a 19 22 161
a 19 161 142
a 19 3 142
a 19 142 143
a 19 4 143
a 19 143 189
a 19 50 189
a 19 189 56
a 19 56 179
a 19 40 179
a 19 179 153
a 19 14 153
a 19 153 35
a 19 35 47
a 19 47 164
a 19 25 164
a 19 164 49
a 19 49 39
a 19 39 62
a 19 62 99
a 19 99 158
a 19 19 158
a 19 158 26
a 19 26 64
a 19 64 90
a 19 90 29
a 19 29 146
a 19 7 146
a 19 146 177
a 19 38 177
a 19 177 176
a 19 37 176
a 19 176 55
a 19 55 80
a 19 80 33
a 19 33 165
a 19 26 165
a 19 165 48
a 19 48 69
a 19 69 229
a 19 90 229
a 19 229 224
a 19 85 224
a 19 224 105
a 19 105 170
a 19 31 170
a 19 170 51
a 19 51 89
a 19 89 195
a 19 56 195
a 19 195 174
a 19 35 174
a 19 174 186
a 19 47 186
a 19 186 58
a 19 58 178
a 19 39 178
a 19 178 188
a 19 49 188
a 19 188 116
a 19 116 194
a 19 55 194
a 19 194 219
a 19 80 219
a 19 219 61
a 19 61 82
a 19 82 172
a 19 33 172
a 19 172 244
a 19 105 244
a 19 244 168
a 19 29 168
a 19 168 197
a 19 58 197
a 19 197 203
a 19 64 203
a 19 203 190
a 19 51 190
a 19 190 81
a 19 81 107
a 19 107 201
a 19 62 201
a 19 201 208
a 19 69 208
a 19 208 70
a 19 70 187
a 19 48 187
a 19 187 238
a 19 99 238
a 19 238 79
a 19 79 77
a 19 77 88
a 19 88 65
a 19 65 209
a 19 70 209
a 19 209 246
a 19 107 246
a 19 246 20
a 19 20 86
a 19 86 115
a 19 115 255
a 19 116 255
a 19 255 200
a 19 61 200
a 19 200 87
a 19 87 220
a 19 81 220
a 19 220 228
a 19 89 228
a 19 228 126
a 19 126 103
a 19 103 221
a 19 82 221
a 19 221 91
a 19 91 204
a 19 65 204
a 19 204 76
a 19 76 95
a 19 95 104
a 19 104 111
a 19 111 218
a 19 79 218
a 19 218 128
a 19 128 109
a 19 109 226
a 19 87 226
a 19 226 57
a 19 57 242
a 19 103 242
a 19 242 227
a 19 88 227
a 19 227 129
a 19 129 110
a 19 110 106
a 19 106 234
a 19 95 234
a 19 234 230
a 19 91 230
a 19 230 215
a 19 76 215
a 19 215 225
a 19 86 225
a 19 225 97
a 19 97 216
a 19 77 216
a 19 216 119
a 19 119 159
a 19 20 159
a 19 159 125
a 19 125 254
a 19 115 254
a 19 254 98
a 19 98 137
a 19 137 118
a 19 118 102
a 19 102 196
a 19 57 196
a 19 196 72
a 19 72 268
a 19 129 268
a 19 268 236
a 19 97 236
a 19 236 267
a 19 128 267
a 19 267 265
a 19 126 265
a 19 265 127
a 19 127 132
a 19 132 121
a 19 121 250
a 19 111 250
a 19 250 120
a 19 120 243
a 19 104 243
a 19 243 237
a 19 98 237
a 19 237 108
a 19 108 264
a 19 125 264
a 19 264 249
a 19 110 249
a 19 249 131
a 19 131 245
a 19 106 245
a 19 245 135
a 19 135 136
a 19 136 94
a 19 94 123
a 19 123 248
a 19 109 248
a 19 248 134
a 19 134 276
a 19 137 276
a 19 276 260
a 19 121 260
a 19 260 258
a 19 119 258
a 19 258 266
a 19 127 266
a 19 266 273
a 19 134 273
a 19 273 270
a 19 131 270
a 19 270 211
a 19 72 211
a 19 211 233
a 19 94 233
a 19 233 275
a 19 136 275
a 19 275 247
a 19 108 247
a 19 247 271
a 19 132 271
a 19 271 241
a 19 102 241
a 19 241 262
a 19 123 262
a 19 262 259
a 19 120 259
a 19 259 257
a 19 118 257
a 19 257 274
a 19 135 274
a 19 274 279
a 20 278 1
a 20 1 28
a 20 28 10
a 20 10 0
a 20 0 53
a 20 53 4
a 20 4 11
a 20 11 23
a 20 23 27
a 20 27 41
a 20 41 21
a 20 21 13
a 20 13 8
a 20 8 18
a 20 18 15
a 20 15 150
a 20 11 150
a 20 150 34
a 20 34 12
a 20 12 40
a 20 40 149
a 20 10 149
a 20 149 139
a 20 0 139
a 20 139 6
a 20 6 54
a 20 54 30
a 20 30 152
a 20 13 152
a 20 152 166
a 20 27 166
a 20 166 140
a 20 1 140
a 20 140 78
a 20 78 3
a 20 3 19
a 20 19 147
a 20 8 147
a 20 147 162
a 20 23 162
a 20 162 154
a 20 15 154
a 20 154 192
a 20 53 192
a 20 192 180
a 20 41 180
a 20 180 9
a 20 9 160
a 20 21 160
a 20 160 38
a 20 38 173
a 20 34 173
a 20 173 145
a 20 6 145
a 20 145 7
a 20 7 167
a 20 28 167
a 20 167 31
a 20 31 151
a 20 12 151
a 20 151 50
a 20 50 14
a 20 14 193
a 20 54 193
a 20 193 157
a 20 18 157
a 20 157 36
a 20 36 93
a 20 93 25
a 20 25 142
a 20 3 142
a 20 142 67
a 20 67 45
a 20 45 143
a 20 4 143
a 20 143 24
a 20 24 189
a 20 50 189
a 20 189 179
a 20 40 179
a 20 179 153
a 20 14 153
a 20 153 35
a 20 35 47
a 20 47 164
a 20 25 164
a 20 164 217
a 20 78 217
a 20 217 175
a 20 36 175
a 20 175 169
a 20 30 169
a 20 169 232
a 20 93 232
a 20 232 39
a 20 39 62
a 20 62 99
a 20 99 158
a 20 19 158
a 20 158 64
a 20 64 184
a 20 45 184
a 20 184 148
a 20 9 148
a 20 148 73
a 20 73 17
a 20 17 146
a 20 7 146
a 20 146 177
a 20 38 177
a 20 177 206
a 20 67 206
a 20 206 59
a 20 59 80
a 20 80 163
a 20 24 163
a 20 163 69
a 20 69 48
a 20 48 92
a 20 92 170
a 20 31 170
a 20 170 51
a 20 51 89
a 20 89 174
a 20 35 174
a 20 174 212
a 20 73 212
a 20 212 186
a 20 47 186
a 20 186 58
a 20 58 198
a 20 59 198
a 20 198 178
a 20 39 178
a 20 178 42
a 20 42 68
a 20 68 74
a 20 74 116
a 20 116 219
a 20 80 219
a 20 219 82
a 20 82 117
a 20 117 197
a 20 58 197
a 20 197 203
a 20 64 203
a 20 203 190
a 20 51 190
a 20 190 231
a 20 92 231
a 20 231 81
a 20 81 107
a 20 107 201
a 20 62 201
a 20 201 213
a 20 74 213
a 20 213 208
a 20 69 208
a 20 208 187
a 20 48 187
a 20 187 238
a 20 99 238
a 20 238 79
a 20 79 77
a 20 77 88
a 20 88 65
a 20 65 181
a 20 42 181
a 20 181 156
a 20 17 156
a 20 156 246
a 20 107 246
a 20 246 20
a 20 20 115
a 20 115 255
a 20 116 255
a 20 255 87
a 20 87 220
a 20 81 220
a 20 220 228
a 20 89 228
a 20 228 126
a 20 126 103
a 20 103 221
a 20 82 221
a 20 221 91
a 20 91 96
a 20 96 204
a 20 65 204
a 20 204 76
a 20 76 207
a 20 68 207
a 20 207 256
a 20 117 256
a 20 256 111
a 20 111 218
a 20 79 218
a 20 218 128
a 20 128 109
a 20 109 226
a 20 87 226
a 20 226 113
a 20 113 57
a 20 57 242
a 20 103 242
a 20 242 227
a 20 88 227
a 20 227 129
a 20 129 110
a 20 110 235
a 20 96 235
a 20 235 230
a 20 91 230
a 20 230 215
a 20 76 215
a 20 215 97
a 20 97 216
a 20 77 216
a 20 216 159
a 20 20 159
a 20 159 124
a 20 124 125
a 20 125 60
a 20 60 114
a 20 114 254
a 20 115 254
a 20 254 98
a 20 98 252
a 20 113 252
a 20 252 118
a 20 118 102
a 20 102 196
a 20 57 196
a 20 196 72
a 20 72 268
a 20 129 268
a 20 268 138
a 20 138 236
a 20 97 236
a 20 236 267
a 20 128 267
a 20 267 265
a 20 126 265
a 20 265 127
a 20 127 132
a 20 132 121
a 20 121 250
a 20 111 250
a 20 250 120
a 20 120 237
a 20 98 237
a 20 237 108
a 20 108 264
a 20 125 264
a 20 264 249
a 20 110 249
a 20 249 131
a 20 131 253
a 20 114 253
a 20 253 135
a 20 135 136
a 20 136 199
a 20 60 199
a 20 199 94
a 20 94 248
a 20 109 248
a 20 248 134
a 20 134 263
a 20 124 263
a 20 263 260
a 20 121 260
a 20 260 266
a 20 127 266
a 20 266 273
a 20 134 273
a 20 273 270
a 20 131 270
a 20 270 211
a 20 72 211
a 20 211 233
a 20 94 233
a 20 233 275
a 20 136 275
a 20 275 247
a 20 108 247
a 20 247 271
a 20 132 271
a 20 271 241
a 20 102 241
a 20 241 259
a 20 120 259
a 20 259 257
a 20 118 257
a 20 257 274
a 20 135 274
a 20 274 277
a 20 138 277
a 20 277 279
a 21 278 2
a 21 2 46
a 21 46 5
a 21 5 10
a 21 10 28
a 21 28 53
a 21 53 32
a 21 32 16
a 21 16 11
a 21 11 23
a 21 23 27
a 21 27 41
a 21 41 21
a 21 21 13
a 21 13 8
a 21 8 15
a 21 15 150
a 21 11 150
a 21 150 144
a 21 5 144
a 21 144 34
a 21 34 12
a 21 12 141
a 21 2 141
a 21 141 171
a 21 32 171
a 21 171 185
a 21 46 185
a 21 185 149
a 21 10 149
a 21 149 6
a 21 6 54
a 21 54 30
a 21 30 152
a 21 13 152
a 21 152 166
a 21 27 166
a 21 166 78
a 21 78 3
a 21 3 19
a 21 19 147
a 21 8 147
a 21 147 162
a 21 23 162
a 21 162 192
a 21 53 192
a 21 192 154
a 21 15 154
a 21 154 180
a 21 41 180
a 21 180 66
a 21 66 83
a 21 83 160
a 21 21 160
a 21 160 38
a 21 38 173
a 21 34 173
a 21 173 145
a 21 6 145
a 21 145 22
a 21 22 167
a 21 28 167
a 21 167 151
a 21 12 151
a 21 151 50
a 21 50 14
a 21 14 155
a 21 16 155
a 21 155 193
a 21 54 193
a 21 193 222
a 21 83 222
a 21 222 93
a 21 93 25
a 21 25 161
a 21 22 161
a 21 161 142
a 21 3 142
a 21 142 67
a 21 67 24
a 21 24 189
a 21 50 189
a 21 189 153
a 21 14 153
a 21 153 35
a 21 35 47
a 21 47 164
a 21 25 164
a 21 164 217
a 21 78 217
a 21 217 169
a 21 30 169
a 21 169 49
a 21 49 232
a 21 93 232
a 21 232 62
a 21 62 99
a 21 99 158
a 21 19 158
a 21 158 26
a 21 26 17
a 21 17 177
a 21 38 177
a 21 177 206
a 21 67 206
a 21 206 59
a 21 59 80
a 21 80 163
a 21 24 163
a 21 163 33
a 21 33 205
a 21 66 205
a 21 205 165
a 21 26 165
a 21 165 92
a 21 92 105
a 21 105 51
a 21 51 174
a 21 35 174
a 21 174 186
a 21 47 186
a 21 186 58
a 21 58 198
a 21 59 198
a 21 198 188
a 21 49 188
a 21 188 74
a 21 74 219
a 21 80 219
a 21 219 61
a 21 61 82
a 21 82 172
a 21 33 172
a 21 172 43
a 21 43 244
a 21 105 244
a 21 244 117
a 21 117 84
a 21 84 197
a 21 58 197
a 21 197 190
a 21 51 190
a 21 190 231
a 21 92 231
a 21 231 81
a 21 81 107
a 21 107 201
a 21 62 201
a 21 201 213
a 21 74 213
a 21 213 70
a 21 70 75
a 21 75 238
a 21 99 238
a 21 238 77
a 21 77 88
a 21 88 156
a 21 17 156
a 21 156 209
a 21 70 209
a 21 209 52
a 21 52 246
a 21 107 246
a 21 246 20
a 21 20 86
a 21 86 200
a 21 61 200
a 21 200 87
a 21 87 220
a 21 81 220
a 21 220 126
a 21 126 221
a 21 82 221
a 21 221 214
a 21 75 214
a 21 214 91
a 21 91 96
a 21 96 76
a 21 76 95
a 21 95 191
a 21 52 191
a 21 191 104
a 21 104 223
a 21 84 223
a 21 223 256
a 21 117 256
a 21 256 111
a 21 111 128
a 21 128 109
a 21 109 182
a 21 43 182
a 21 182 100
a 21 100 226
a 21 87 226
a 21 226 113
a 21 113 57
a 21 57 133
a 21 133 227
a 21 88 227
a 21 227 129
a 21 129 110
a 21 110 235
a 21 96 235
a 21 235 234
a 21 95 234
a 21 234 230
a 21 91 230
a 21 230 215
a 21 76 215
a 21 215 225
a 21 86 225
a 21 225 97
a 21 97 216
a 21 77 216
a 21 216 159
a 21 20 159
a 21 159 124
a 21 124 60
a 21 60 114
a 21 114 239
a 21 100 239
a 21 239 137
a 21 137 252
a 21 113 252
a 21 252 196
a 21 57 196
a 21 196 72
a 21 72 268
a 21 129 268
a 21 268 138
a 21 138 236
a 21 97 236
a 21 236 267
a 21 128 267
a 21 267 265
a 21 126 265
a 21 265 127
a 21 127 121
a 21 121 250
a 21 111 250
a 21 250 120
a 21 120 243
a 21 104 243
a 21 243 249
a 21 110 249
a 21 249 131
a 21 131 253
a 21 114 253
a 21 253 272
a 21 133 272
a 21 272 136
a 21 136 135
a 21 135 199
a 21 60 199
a 21 199 123
a 21 123 112
a 21 112 248
a 21 109 248
a 21 248 134
a 21 134 130
a 21 130 276
a 21 137 276
a 21 276 263
a 21 124 263
a 21 263 260
a 21 121 260
a 21 260 266
a 21 127 266
a 21 266 273
a 21 134 273
a 21 273 269
a 21 130 269
a 21 269 270
a 21 131 270
a 21 270 211
a 21 72 211
a 21 211 275
a 21 136 275
a 21 275 262
a 21 123 262
a 21 262 251
a 21 112 251
a 21 251 259
a 21 120 259
a 21 259 274
a 21 135 274
a 21 274 277
a 21 138 277
a 21 277 279
a 22 278 1
a 22 1 2
a 22 2 5
a 22 5 28
a 22 28 0
a 22 0 32
a 22 32 4
a 22 4 16
a 22 16 23
a 22 23 27
a 22 27 41
a 22 41 21
a 22 21 18
a 22 18 15
a 22 15 144
a 22 5 144
a 22 144 141
a 22 2 141
a 22 141 171
a 22 32 171
a 22 171 40
a 22 40 139
a 22 0 139
a 22 139 6
a 22 6 54
a 22 54 166
a 22 27 166
a 22 166 140
a 22 1 140
a 22 140 78
a 22 78 3
a 22 3 19
a 22 19 162
a 22 23 162
a 22 162 154
a 22 15 154
a 22 154 180
a 22 41 180
a 22 180 66
a 22 66 83
a 22 83 9
a 22 9 37
a 22 37 160
a 22 21 160
a 22 160 38
a 22 38 145
a 22 6 145
a 22 145 22
a 22 22 7
a 22 7 167
a 22 28 167
a 22 167 85
a 22 85 50
a 22 50 14
a 22 14 155
a 22 16 155
a 22 155 193
a 22 54 193
a 22 193 222
a 22 83 222
a 22 222 157
a 22 18 157
a 22 157 93
a 22 93 36
a 22 36 161
a 22 22 161
a 22 161 142
a 22 3 142
a 22 142 143
a 22 4 143
a 22 143 24
a 22 24 189
a 22 50 189
a 22 189 56
a 22 56 179
a 22 40 179
a 22 179 153
a 22 14 153
a 22 153 217
a 22 78 217
a 22 217 175
a 22 36 175
a 22 175 232
a 22 93 232
a 22 232 39
a 22 39 62
a 22 62 99
a 22 99 158
a 22 19 158
a 22 158 64
a 22 64 148
a 22 9 148
a 22 148 29
a 22 29 146
a 22 7 146
a 22 146 177
a 22 38 177
a 22 177 176
a 22 37 176
a 22 176 80
a 22 80 163
a 22 24 163
a 22 163 33
a 22 33 205
a 22 66 205
a 22 205 48
a 22 48 92
a 22 92 224
a 22 85 224
a 22 224 105
a 22 105 51
a 22 51 89
a 22 89 195
a 22 56 195
a 22 195 58
a 22 58 178
a 22 39 178
a 22 178 68
a 22 68 74
a 22 74 219
a 22 80 219
a 22 219 61
a 22 61 172
a 22 33 172
a 22 172 43
a 22 43 244
a 22 105 244
a 22 244 168
a 22 29 168
a 22 168 63
a 22 63 84
a 22 84 197
a 22 58 197
a 22 197 203
a 22 64 203
a 22 203 190
a 22 51 190
a 22 190 71
a 22 71 231
a 22 92 231
a 22 231 107
a 22 107 201
a 22 62 201
a 22 201 213
a 22 74 213
a 22 213 101
a 22 101 70
a 22 70 187
a 22 48 187
a 22 187 238
a 22 99 238
a 22 238 79
a 22 79 77
a 22 77 122
a 22 122 210
a 22 71 210
a 22 210 88
a 22 88 202
a 22 63 202
a 22 202 209
a 22 70 209
a 22 209 52
a 22 52 246
a 22 107 246
a 22 246 20
a 22 20 200
a 22 61 200
a 22 200 87
a 22 87 228
a 22 89 228
a 22 228 126
a 22 126 96
a 22 96 76
a 22 76 95
a 22 95 207
a 22 68 207
a 22 207 191
a 22 52 191
a 22 191 240
a 22 101 240
a 22 240 223
a 22 84 223
a 22 223 218
a 22 79 218
a 22 218 128
a 22 128 109
a 22 109 182
a 22 43 182
a 22 182 100
a 22 100 226
a 22 87 226
a 22 226 261
a 22 122 261
a 22 261 133
a 22 133 227
a 22 88 227
a 22 227 129
a 22 129 106
a 22 106 235
a 22 96 235
a 22 235 234
a 22 95 234
a 22 234 215
a 22 76 215
a 22 215 216
a 22 77 216
a 22 216 159
a 22 20 159
a 22 159 125
a 22 125 60
a 22 60 114
a 22 114 239
a 22 100 239
a 22 239 98
a 22 98 118
a 22 118 102
a 22 102 72
a 22 72 268
a 22 129 268
a 22 268 138
a 22 138 267
a 22 128 267
a 22 267 265
a 22 126 265
a 22 265 121
a 22 121 120
a 22 120 237
a 22 98 237
a 22 237 264
a 22 125 264
a 22 264 131
a 22 131 245
a 22 106 245
a 22 245 253
a 22 114 253
a 22 253 272
a 22 133 272
a 22 272 135
a 22 135 199
a 22 60 199
a 22 199 123
a 22 123 112
a 22 112 248
a 22 109 248
a 22 248 134
a 22 134 260
a 22 121 260
a 22 260 273
a 22 134 273
a 22 273 270
a 22 131 270
a 22 270 211
a 22 72 211
a 22 211 241
a 22 102 241
a 22 241 251
a 22 112 251
a 22 251 262
a 22 123 262
a 22 262 259
a 22 120 259
a 22 259 257
a 22 118 257
a 22 257 274
a 22 135 274
a 22 274 277
a 22 138 277
a 22 277 279
