c Shift Minimisation Personnel Task Scheduling Problem (SMPTSP)
c data_12_49_119_33
c
c problem jobs shifts
p smptsp 119 49
c
c job start finish 
c 0 29 429
c 1 51 528
c 2 10 391
c 3 23 521
c 4 1 397
c 5 1 458
c 6 53 433
c 7 0 530
c 8 7 410
c 9 11 370
c 10 63 464
c 11 30 380
c 12 174 631
c 13 43 421
c 14 3 400
c 15 68 492
c 16 27 436
c 17 70 506
c 18 0 447
c 19 75 492
c 20 4 399
c 21 31 517
c 22 55 479
c 23 597 948
c 24 557 896
c 25 28 501
c 26 3 388
c 27 582 923
c 28 518 884
c 29 73 426
c 30 2 332
c 31 431 938
c 32 96 448
c 33 453 866
c 34 439 855
c 35 10 531
c 36 495 863
c 37 71 552
c 38 896 1371
c 39 388 800
c 40 524 879
c 41 941 1437
c 42 17 390
c 43 581 966
c 44 480 951
c 45 897 1385
c 46 557 895
c 47 7 402
c 48 518 864
c 49 443 862
c 50 401 970
c 51 17 468
c 52 578 942
c 53 412 864
c 54 994 1415
c 55 603 944
c 56 470 1031
c 57 920 1402
c 58 19 500
c 59 516 897
c 60 537 984
c 61 1057 1392
c 62 1014 1422
c 63 397 924
c 64 888 1383
c 65 962 1375
c 66 902 1418
c 67 458 883
c 68 455 885
c 69 633 1031
c 70 459 856
c 71 414 865
c 72 662 1007
c 73 1040 1436
c 74 24 419
c 75 575 1035
c 76 925 1327
c 77 21 373
c 78 0 569
c 79 492 882
c 80 1066 1381
c 81 973 1414
c 82 884 1415
c 83 989 1394
c 84 3 554
c 85 857 1437
c 86 917 1430
c 87 1048 1434
c 88 995 1424
c 89 34 432
c 90 410 925
c 91 63 446
c 92 1026 1434
c 93 453 973
c 94 435 984
c 95 886 1386
c 96 569 1023
c 97 395 809
c 98 895 1396
c 99 992 1433
c 100 918 1414
c 101 918 1424
c 102 1047 1382
c 103 424 871
c 104 895 1388
c 105 989 1437
c 106 887 1438
c 107 789 1246
c 108 1024 1421
c 109 964 1405
c 110 872 1439
c 111 430 829
c 112 984 1437
c 113 978 1410
c 114 578 1027
c 115 1039 1434
c 116 884 1342
c 117 891 1434
c 118 864 1350
c
c shift cost source target num_qualifications qualifications
k 0 1 238 239 38 12 69 80 0 2 4 8 16 20 22 23 26 34 42 44 48 49 55 58 60 61 63 64 72 77 78 81 83 95 96 99 101 102 104 111 112 113 118
k 1 1 238 239 43 30 111 116 1 5 14 17 20 21 24 26 28 33 34 37 38 43 47 49 50 56 57 58 64 69 70 71 73 74 79 83 85 90 92 96 100 101 103 106 109 113 114 117
k 2 1 238 239 45 0 75 102 1 2 4 10 11 13 14 20 25 28 29 33 34 37 38 43 48 49 50 51 56 57 58 63 66 71 76 80 85 89 90 94 96 99 103 105 106 108 112 113 114 117
k 3 1 238 239 42 10 44 61 0 1 2 6 9 14 18 19 20 32 34 37 39 42 47 48 51 52 54 57 60 62 65 67 68 71 75 79 83 85 86 92 99 100 102 103 108 110 111
k 4 1 238 239 46 25 46 76 0 2 4 5 7 8 9 10 12 15 19 20 21 22 23 27 29 30 34 35 44 47 49 58 59 62 64 66 67 70 71 78 87 90 91 93 97 98 100 103 104 111 116
k 5 1 238 239 38 8 24 38 2 4 6 7 9 27 30 31 32 40 44 50 51 52 53 54 55 66 67 72 73 75 76 77 79 81 84 86 93 94 98 101 103 116 118
k 6 1 238 239 42 1 27 83 2 5 8 13 17 26 28 29 30 33 36 38 39 44 45 48 49 58 59 61 68 70 73 78 82 86 87 89 90 95 99 103 106 107 108 110 111 115 117
k 7 1 238 239 33 37 55 62 4 9 12 13 20 25 29 30 34 41 44 45 53 58 67 74 76 78 79 81 82 83 85 90 97 98 104 105 110 111
k 8 1 238 239 35 58 72 92 3 8 11 14 15 16 25 31 40 41 45 50 51 56 59 62 64 66 76 80 83 86 89 104 106 107 108 109 113 114 116 117
k 9 1 238 239 55 16 48 57 1 2 4 10 11 14 18 20 26 27 39 41 43 47 50 52 55 56 62 63 65 66 67 69 70 71 72 73 75 79 80 83 86 89 90 91 93 95 97 100 101 102 103 104 106 107 108 110 111 112 114 115
k 10 1 238 239 38 11 39 118 2 6 8 12 18 27 28 32 36 41 45 46 49 50 52 57 60 62 63 64 67 73 75 83 84 90 92 103 104 108 110 112 114 115 117
k 11 1 238 239 41 21 23 65 0 1 4 7 8 13 15 16 18 25 26 29 30 33 35 37 39 41 45 47 52 54 56 60 62 73 75 77 78 80 82 86 92 93 110 112 114 118
k 12 1 238 239 41 32 33 45 2 6 8 9 10 11 12 15 20 26 28 48 51 53 55 56 62 66 71 73 78 79 81 83 84 85 86 87 88 89 93 94 97 105 106 109 114 117
k 13 1 238 239 50 77 97 104 2 6 7 10 13 14 18 23 28 29 33 34 38 39 40 41 42 43 45 46 49 50 51 54 56 58 59 60 64 68 74 75 78 79 80 81 85 90 93 94 95 100 102 106 113 114 116
k 14 1 238 239 42 29 34 64 1 5 8 15 19 20 25 30 33 39 40 42 43 45 48 49 52 59 60 61 63 65 69 72 74 75 78 80 81 96 101 103 106 109 111 112 115 117 118
k 15 1 238 239 46 19 40 41 0 1 3 5 6 12 13 14 16 20 22 23 26 29 34 43 46 49 52 53 60 63 64 65 66 71 75 78 79 81 84 87 89 97 101 105 110 112 113 114 115 116 117
k 16 1 238 239 37 9 49 100 0 2 3 6 14 15 18 27 30 31 35 45 48 50 54 55 56 59 62 63 69 73 76 79 82 83 88 89 95 98 107 108 115 117
k 17 1 238 239 40 3 52 54 0 7 10 13 14 23 25 26 31 32 33 34 37 38 43 49 58 61 63 67 73 76 80 81 83 84 85 88 95 103 106 107 109 110 113 116 117
k 18 1 238 239 49 22 28 95 1 4 8 9 11 17 24 25 30 31 34 37 40 41 44 46 50 53 54 57 58 60 62 63 65 66 70 71 73 77 78 79 80 84 85 89 90 99 100 101 104 106 108 109 113 115
k 19 1 238 239 40 15 36 98 4 12 14 16 20 21 22 23 24 25 29 35 39 41 43 44 54 55 59 60 61 64 71 82 83 84 86 88 92 96 104 105 106 111 112 114 117
k 20 1 238 239 44 42 67 101 0 2 4 5 9 10 14 18 20 23 25 27 31 32 36 46 49 52 53 55 57 61 66 68 70 72 77 78 82 94 96 97 99 100 105 108 109 110 113 114 117
k 21 1 238 239 38 13 31 88 0 3 4 5 15 16 20 21 22 28 32 33 39 45 47 49 51 54 62 63 65 71 72 74 81 86 87 93 95 101 105 107 108 111 113
k 22 1 238 239 43 6 68 86 1 5 11 13 15 20 21 24 26 29 32 35 37 38 44 46 48 50 56 57 62 67 69 70 71 74 79 83 89 91 92 93 98 101 102 104 105 107 113 118
k 23 1 238 239 34 2 90 113 8 13 15 17 29 30 32 36 37 38 40 43 46 53 62 67 68 70 74 77 81 86 89 91 96 101 103 104 109 112 114
k 24 1 238 239 40 17 59 66 0 4 16 20 22 25 27 29 33 39 40 42 44 45 46 48 50 54 55 62 68 69 76 78 81 82 89 92 96 100 103 111 113 114 115 116 118
k 25 1 238 239 45 91 93 99 2 4 8 11 12 14 20 22 24 25 26 32 38 39 40 44 47 49 52 54 56 57 60 61 62 64 65 73 75 76 78 79 82 83 102 107 108 110 113 114 115 116
k 26 1 238 239 37 35 43 81 5 9 12 16 18 19 20 22 24 26 30 34 39 41 42 47 49 52 57 59 66 68 71 73 76 82 83 85 86 92 101 113 114 118
k 27 1 238 239 44 26 63 109 3 5 6 7 8 15 16 19 25 28 32 34 36 37 38 39 43 44 48 55 56 57 64 66 68 70 71 73 75 76 78 81 82 86 93 97 102 103 104 105 110
k 28 1 238 239 40 7 60 87 1 3 6 10 13 17 23 25 27 29 39 40 42 50 52 53 56 61 65 73 74 77 79 80 84 89 90 94 99 101 103 107 110 112 113 115 117
k 29 1 238 239 55 18 79 82 0 1 4 6 10 11 13 17 19 21 26 29 32 36 38 40 41 42 45 50 53 60 61 63 65 66 68 69 70 72 73 74 78 85 86 87 88 90 94 96 97 99 100 101 102 103 104 107 108 113 117 118
k 30 1 238 239 41 74 103 117 2 4 6 10 13 14 23 29 32 34 37 39 40 41 45 54 56 57 59 60 61 64 73 75 78 85 88 89 93 96 97 99 100 102 108 113 114 115
k 31 1 238 239 46 47 94 105 2 3 4 5 6 9 13 15 17 18 23 27 28 29 31 34 35 36 37 48 50 52 53 60 62 65 70 72 75 84 87 95 96 97 98 101 102 103 108 109 110 112 117
k 32 1 238 239 49 84 114 115 2 4 5 7 11 21 22 25 28 31 33 34 35 36 38 43 45 47 52 56 57 58 63 66 67 71 74 78 80 83 85 87 90 91 95 96 98 99 100 101 106 107 108 109 112 118
k 33 1 238 239 33 20 71 106 3 4 6 7 12 18 19 24 31 33 35 36 37 43 47 49 57 59 66 67 68 79 84 89 95 104 108 109 110 117
k 34 1 238 239 44 51 56 73 2 6 8 15 20 21 24 30 31 32 34 40 45 52 58 59 61 64 65 69 72 74 83 85 87 88 92 93 96 97 99 103 105 107 108 110 111 112 114 115 118
k 35 1 238 239 35 4 53 110 2 7 15 17 21 22 24 27 31 33 37 39 40 44 46 47 49 52 54 58 63 68 70 78 82 91 92 98 104 115 116 117
k 36 1 238 239 41 14 50 112 2 9 10 11 12 17 24 32 33 37 40 41 43 46 52 53 57 59 61 64 66 68 70 71 72 80 83 86 90 92 100 103 104 106 107 109 116 118
k 37 1 238 239 49 78 96 108 0 3 7 8 10 13 19 20 21 22 28 30 32 34 35 39 42 44 45 52 54 55 58 59 62 66 67 70 71 73 74 79 83 84 89 90 93 94 95 99 100 101 105 109 111 113
k 38 1 238 239 35 5 70 85 11 22 23 24 29 36 40 42 43 49 50 62 69 75 76 82 83 84 86 89 92 93 95 98 100 101 102 106 108 110 111 118
k 39 1 238 239 46 89 107 1 8 9 12 14 15 17 21 25 27 31 34 36 39 40 46 51 53 54 55 60 61 62 64 69 75 76 77 80 81 82 83 86 87 91 92 96 98 100 102 106 109 110 115
k 40 1 238 239 48 81 55 34 78 101 85 66 83 94 51 20 76 35 68 48 30 62 118 11 40 117 89 21 53 23 18 59 54 19 109 56 97 82 13 36 37 108 87 58 65 3 7 113 24 61 104 103 16
k 41 1 238 239 53 25 73 28 78 96 47 9 34 92 21 54 77 23 27 82 59 65 62 18 4 8 13 2 112 37 63 88 98 111 5 48 89 52 57 114 16 40 64 117 101 44 58 43 60 55 115 116 0 93 107 66 102 30
k 42 1 238 239 34 17 24 1 36 79 118 18 65 53 70 102 96 88 43 114 16 30 111 76 97 92 47 115 80 61 54 91 62 78 83 98 29 73 107
k 43 1 238 239 37 95 117 32 46 100 9 7 16 4 23 107 30 102 55 8 75 93 115 27 26 50 82 109 103 73 62 19 61 29 17 84 118 15 88 87 52 67
k 44 1 238 239 48 118 36 4 7 102 88 113 11 115 35 84 105 19 107 50 92 41 69 25 70 87 109 18 86 74 91 60 16 52 97 48 27 67 43 38 54 78 40 89 101 90 62 24 32 79 94 0 103
k 45 1 238 239 36 77 16 76 41 51 8 57 25 58 101 4 106 0 62 30 38 116 100 23 28 70 115 109 11 22 83 97 13 81 3 46 52 108 95 103 37
k 46 1 238 239 55 113 54 25 94 68 53 36 64 35 41 76 57 5 45 62 21 7 24 37 19 17 74 71 117 51 87 101 15 112 11 0 38 86 106 81 3 116 118 44 107 52 4 80 23 85 96 92 46 93 84 60 90 20 29 56
k 47 1 238 239 52 72 3 44 33 17 50 69 102 27 36 21 1 73 0 94 29 16 26 91 103 71 86 78 42 89 100 79 93 54 74 9 59 28 75 104 56 111 116 57 66 108 23 5 49 58 97 19 62 90 114 45 37
k 48 1 238 239 38 74 8 87 93 83 63 30 67 61 78 5 50 101 91 46 22 31 26 6 57 76 32 86 94 113 73 28 102 109 66 54 24 106 10 65 81 82 39
c
c graph source target is_shift
a 0 238 78 0
a 0 78 4 0
a 0 4 26 0
a 0 26 20 0
a 0 20 8 0
a 0 8 2 0
a 0 2 42 0
a 0 42 58 0
a 0 58 77 0
a 0 77 16 0
a 0 16 0 0
a 0 0 22 0
a 0 22 12 0
a 0 12 196 0
a 0 77 196 1
a 0 196 145 0
a 0 26 145 1
a 0 145 161 0
a 0 42 161 1
a 0 161 121 0
a 0 2 121 1
a 0 121 63 0
a 0 63 123 0
a 0 4 123 1
a 0 123 139 0
a 0 20 139 1
a 0 139 127 0
a 0 8 127 1
a 0 127 119 0
a 0 0 119 1
a 0 119 111 0
a 0 111 135 0
a 0 16 135 1
a 0 135 34 0
a 0 34 49 0
a 0 49 141 0
a 0 22 141 1
a 0 141 44 0
a 0 44 177 0
a 0 58 177 1
a 0 177 48 0
a 0 48 60 0
a 0 60 96 0
a 0 96 197 0
a 0 78 197 1
a 0 197 23 0
a 0 23 55 0
a 0 55 131 0
a 0 12 131 1
a 0 131 69 0
a 0 69 72 0
a 0 72 230 0
a 0 111 230 1
a 0 230 153 0
a 0 34 153 1
a 0 153 168 0
a 0 49 168 1
a 0 168 118 0
a 0 118 167 0
a 0 48 167 1
a 0 167 95 0
a 0 95 64 0
a 0 64 104 0
a 0 104 101 0
a 0 101 182 0
a 0 63 182 1
a 0 182 174 0
a 0 55 174 1
a 0 174 142 0
a 0 23 142 1
a 0 142 163 0
a 0 44 163 1
a 0 163 81 0
a 0 81 113 0
a 0 113 112 0
a 0 112 179 0
a 0 60 179 1
a 0 179 83 0
a 0 83 99 0
a 0 99 191 0
a 0 72 191 1
a 0 191 215 0
a 0 96 215 1
a 0 215 188 0
a 0 69 188 1
a 0 188 102 0
a 0 102 61 0
a 0 61 80 0
a 0 80 237 0
a 0 118 237 1
a 0 237 199 0
a 0 80 199 1
a 0 199 221 0
a 0 102 221 1
a 0 221 183 0
a 0 64 183 1
a 0 183 214 0
a 0 95 214 1
a 0 214 223 0
a 0 104 223 1
a 0 223 180 0
a 0 61 180 1
a 0 180 202 0
a 0 83 202 1
a 0 202 232 0
a 0 113 232 1
a 0 232 200 0
a 0 81 200 1
a 0 200 220 0
a 0 101 220 1
a 0 220 218 0
a 0 99 218 1
a 0 218 231 0
a 0 112 231 1
a 0 231 239 0
a 1 238 5 0
a 1 5 30 0
a 1 30 14 0
a 1 14 26 0
a 1 26 20 0
a 1 20 47 0
a 1 47 58 0
a 1 58 74 0
a 1 74 21 0
a 1 21 1 0
a 1 1 17 0
a 1 17 37 0
a 1 37 149 0
a 1 30 149 1
a 1 149 145 0
a 1 26 145 1
a 1 145 139 0
a 1 20 139 1
a 1 139 133 0
a 1 14 133 1
a 1 133 50 0
a 1 50 166 0
a 1 47 166 1
a 1 166 90 0
a 1 90 71 0
a 1 71 193 0
a 1 74 193 1
a 1 193 103 0
a 1 103 111 0
a 1 111 34 0
a 1 34 49 0
a 1 49 33 0
a 1 33 124 0
a 1 5 124 1
a 1 124 70 0
a 1 70 56 0
a 1 56 79 0
a 1 79 177 0
a 1 58 177 1
a 1 177 136 0
a 1 17 136 1
a 1 136 140 0
a 1 21 140 1
a 1 140 28 0
a 1 28 120 0
a 1 1 120 1
a 1 120 156 0
a 1 37 156 1
a 1 156 24 0
a 1 24 96 0
a 1 96 114 0
a 1 114 43 0
a 1 43 69 0
a 1 69 230 0
a 1 111 230 1
a 1 230 153 0
a 1 34 153 1
a 1 153 189 0
a 1 70 189 1
a 1 189 85 0
a 1 85 168 0
a 1 49 168 1
a 1 168 190 0
a 1 71 190 1
a 1 190 152 0
a 1 33 152 1
a 1 152 222 0
a 1 103 222 1
a 1 222 198 0
a 1 79 198 1
a 1 198 116 0
a 1 116 147 0
a 1 28 147 1
a 1 147 106 0
a 1 106 64 0
a 1 64 117 0
a 1 117 38 0
a 1 38 143 0
a 1 24 143 1
a 1 143 100 0
a 1 100 101 0
a 1 101 57 0
a 1 57 209 0
a 1 90 209 1
a 1 209 109 0
a 1 109 162 0
a 1 43 162 1
a 1 162 169 0
a 1 50 169 1
a 1 169 113 0
a 1 113 83 0
a 1 83 215 0
a 1 96 215 1
a 1 215 92 0
a 1 92 233 0
a 1 114 233 1
a 1 233 175 0
a 1 56 175 1
a 1 175 188 0
a 1 69 188 1
a 1 188 73 0
a 1 73 235 0
a 1 116 235 1
a 1 235 157 0
a 1 38 157 1
a 1 157 183 0
a 1 64 183 1
a 1 183 202 0
a 1 83 202 1
a 1 202 176 0
a 1 57 176 1
a 1 176 228 0
a 1 109 228 1
a 1 228 232 0
a 1 113 232 1
a 1 232 219 0
a 1 100 219 1
a 1 219 220 0
a 1 101 220 1
a 1 220 211 0
a 1 92 211 1
a 1 211 236 0
a 1 117 236 1
a 1 236 192 0
a 1 73 192 1
a 1 192 204 0
a 1 85 204 1
a 1 204 225 0
a 1 106 225 1
a 1 225 239 0
a 2 238 4 0
a 2 4 14 0
a 2 14 20 0
a 2 20 2 0
a 2 2 51 0
a 2 51 58 0
a 2 58 25 0
a 2 25 0 0
a 2 0 11 0
a 2 11 89 0
a 2 89 13 0
a 2 13 1 0
a 2 1 10 0
a 2 10 37 0
a 2 37 29 0
a 2 29 130 0
a 2 11 130 1
a 2 130 121 0
a 2 2 121 1
a 2 121 63 0
a 2 63 123 0
a 2 4 123 1
a 2 123 139 0
a 2 20 139 1
a 2 139 133 0
a 2 14 133 1
a 2 133 50 0
a 2 50 90 0
a 2 90 71 0
a 2 71 132 0
a 2 13 132 1
a 2 132 103 0
a 2 103 148 0
a 2 29 148 1
a 2 148 119 0
a 2 0 119 1
a 2 119 208 0
a 2 89 208 1
a 2 208 94 0
a 2 94 34 0
a 2 34 49 0
a 2 49 33 0
a 2 33 129 0
a 2 10 129 1
a 2 129 170 0
a 2 51 170 1
a 2 170 56 0
a 2 56 177 0
a 2 58 177 1
a 2 177 144 0
a 2 25 144 1
a 2 144 28 0
a 2 28 48 0
a 2 48 120 0
a 2 1 120 1
a 2 120 156 0
a 2 37 156 1
a 2 156 96 0
a 2 96 75 0
a 2 75 114 0
a 2 114 43 0
a 2 43 153 0
a 2 34 153 1
a 2 153 85 0
a 2 85 168 0
a 2 49 168 1
a 2 168 167 0
a 2 48 167 1
a 2 167 190 0
a 2 71 190 1
a 2 190 152 0
a 2 33 152 1
a 2 152 222 0
a 2 103 222 1
a 2 222 147 0
a 2 28 147 1
a 2 147 106 0
a 2 106 117 0
a 2 117 38 0
a 2 38 66 0
a 2 66 57 0
a 2 57 182 0
a 2 63 182 1
a 2 182 76 0
a 2 76 209 0
a 2 90 209 1
a 2 209 162 0
a 2 43 162 1
a 2 162 169 0
a 2 50 169 1
a 2 169 113 0
a 2 113 112 0
a 2 112 213 0
a 2 94 213 1
a 2 213 105 0
a 2 105 99 0
a 2 99 215 0
a 2 96 215 1
a 2 215 108 0
a 2 108 233 0
a 2 114 233 1
a 2 233 175 0
a 2 56 175 1
a 2 175 194 0
a 2 75 194 1
a 2 194 102 0
a 2 102 80 0
a 2 80 195 0
a 2 76 195 1
a 2 195 157 0
a 2 38 157 1
a 2 157 199 0
a 2 80 199 1
a 2 199 221 0
a 2 102 221 1
a 2 221 176 0
a 2 57 176 1
a 2 176 232 0
a 2 113 232 1
a 2 232 185 0
a 2 66 185 1
a 2 185 227 0
a 2 108 227 1
a 2 227 218 0
a 2 99 218 1
a 2 218 236 0
a 2 117 236 1
a 2 236 204 0
a 2 85 204 1
a 2 204 224 0
a 2 105 224 1
a 2 224 231 0
a 2 112 231 1
a 2 231 225 0
a 2 106 225 1
a 2 225 239 0
a 3 238 18 0
a 3 18 14 0
a 3 14 20 0
a 3 20 47 0
a 3 47 2 0
a 3 2 9 0
a 3 9 42 0
a 3 42 51 0
a 3 51 0 0
a 3 0 1 0
a 3 1 6 0
a 3 6 10 0
a 3 10 37 0
a 3 37 19 0
a 3 19 32 0
a 3 32 128 0
a 3 9 128 1
a 3 128 39 0
a 3 39 161 0
a 3 42 161 1
a 3 161 121 0
a 3 2 121 1
a 3 121 139 0
a 3 20 139 1
a 3 139 133 0
a 3 14 133 1
a 3 133 166 0
a 3 47 166 1
a 3 166 71 0
a 3 71 103 0
a 3 103 119 0
a 3 0 119 1
a 3 119 111 0
a 3 111 125 0
a 3 6 125 1
a 3 125 34 0
a 3 34 137 0
a 3 18 137 1
a 3 137 151 0
a 3 32 151 1
a 3 151 68 0
a 3 68 67 0
a 3 67 129 0
a 3 10 129 1
a 3 129 170 0
a 3 51 170 1
a 3 170 44 0
a 3 44 79 0
a 3 79 138 0
a 3 19 138 1
a 3 138 48 0
a 3 48 120 0
a 3 1 120 1
a 3 120 60 0
a 3 60 156 0
a 3 37 156 1
a 3 156 75 0
a 3 75 52 0
a 3 52 158 0
a 3 39 158 1
a 3 158 230 0
a 3 111 230 1
a 3 230 153 0
a 3 34 153 1
a 3 153 85 0
a 3 85 167 0
a 3 48 167 1
a 3 167 190 0
a 3 71 190 1
a 3 190 222 0
a 3 103 222 1
a 3 222 110 0
a 3 110 198 0
a 3 79 198 1
a 3 198 186 0
a 3 67 186 1
a 3 186 187 0
a 3 68 187 1
a 3 187 86 0
a 3 86 100 0
a 3 100 57 0
a 3 57 171 0
a 3 52 171 1
a 3 171 163 0
a 3 44 163 1
a 3 163 65 0
a 3 65 179 0
a 3 60 179 1
a 3 179 83 0
a 3 83 99 0
a 3 99 54 0
a 3 54 62 0
a 3 62 108 0
a 3 108 92 0
a 3 92 194 0
a 3 75 194 1
a 3 194 102 0
a 3 102 61 0
a 3 61 184 0
a 3 65 184 1
a 3 184 221 0
a 3 102 221 1
a 3 221 180 0
a 3 61 180 1
a 3 180 202 0
a 3 83 202 1
a 3 202 176 0
a 3 57 176 1
a 3 176 219 0
a 3 100 219 1
a 3 219 173 0
a 3 54 173 1
a 3 173 227 0
a 3 108 227 1
a 3 227 181 0
a 3 62 181 1
a 3 181 205 0
a 3 86 205 1
a 3 205 218 0
a 3 99 218 1
a 3 218 211 0
a 3 92 211 1
a 3 211 204 0
a 3 85 204 1
a 3 204 229 0
a 3 110 229 1
a 3 229 239 0
a 4 238 7 0
a 4 7 78 0
a 4 78 4 0
a 4 4 5 0
a 4 5 30 0
a 4 30 20 0
a 4 20 8 0
a 4 8 47 0
a 4 47 2 0
a 4 2 35 0
a 4 35 9 0
a 4 9 58 0
a 4 58 25 0
a 4 25 0 0
a 4 0 21 0
a 4 21 22 0
a 4 22 10 0
a 4 10 91 0
a 4 91 15 0
a 4 15 29 0
a 4 29 19 0
a 4 19 12 0
a 4 12 149 0
a 4 30 149 1
a 4 149 128 0
a 4 9 128 1
a 4 128 121 0
a 4 2 121 1
a 4 121 97 0
a 4 97 123 0
a 4 4 123 1
a 4 123 139 0
a 4 20 139 1
a 4 139 166 0
a 4 47 166 1
a 4 166 90 0
a 4 90 127 0
a 4 8 127 1
a 4 127 71 0
a 4 71 103 0
a 4 103 148 0
a 4 29 148 1
a 4 148 119 0
a 4 0 119 1
a 4 119 111 0
a 4 111 34 0
a 4 34 49 0
a 4 49 210 0
a 4 91 210 1
a 4 210 93 0
a 4 93 67 0
a 4 67 124 0
a 4 5 124 1
a 4 124 70 0
a 4 70 129 0
a 4 10 129 1
a 4 129 141 0
a 4 22 141 1
a 4 141 44 0
a 4 44 134 0
a 4 15 134 1
a 4 134 138 0
a 4 19 138 1
a 4 138 177 0
a 4 58 177 1
a 4 177 144 0
a 4 25 144 1
a 4 144 59 0
a 4 59 140 0
a 4 21 140 1
a 4 140 126 0
a 4 7 126 1
a 4 126 154 0
a 4 35 154 1
a 4 154 46 0
a 4 46 197 0
a 4 78 197 1
a 4 197 27 0
a 4 27 23 0
a 4 23 131 0
a 4 12 131 1
a 4 131 216 0
a 4 97 216 1
a 4 216 230 0
a 4 111 230 1
a 4 230 153 0
a 4 34 153 1
a 4 153 189 0
a 4 70 189 1
a 4 189 168 0
a 4 49 168 1
a 4 168 190 0
a 4 71 190 1
a 4 190 222 0
a 4 103 222 1
a 4 222 186 0
a 4 67 186 1
a 4 186 116 0
a 4 116 64 0
a 4 64 98 0
a 4 98 104 0
a 4 104 165 0
a 4 46 165 1
a 4 165 178 0
a 4 59 178 1
a 4 178 66 0
a 4 66 100 0
a 4 100 146 0
a 4 27 146 1
a 4 146 76 0
a 4 76 209 0
a 4 90 209 1
a 4 209 142 0
a 4 23 142 1
a 4 142 163 0
a 4 44 163 1
a 4 163 212 0
a 4 93 212 1
a 4 212 62 0
a 4 62 87 0
a 4 87 195 0
a 4 76 195 1
a 4 195 235 0
a 4 116 235 1
a 4 235 183 0
a 4 64 183 1
a 4 183 223 0
a 4 104 223 1
a 4 223 217 0
a 4 98 217 1
a 4 217 219 0
a 4 100 219 1
a 4 219 185 0
a 4 66 185 1
a 4 185 181 0
a 4 62 181 1
a 4 181 206 0
a 4 87 206 1
a 4 206 239 0
a 5 238 7 0
a 5 7 4 0
a 5 4 30 0
a 5 30 84 0
a 5 84 8 0
a 5 8 2 0
a 5 2 9 0
a 5 9 51 0
a 5 51 77 0
a 5 77 6 0
a 5 6 32 0
a 5 32 149 0
a 5 30 149 1
a 5 149 128 0
a 5 9 128 1
a 5 128 196 0
a 5 77 196 1
a 5 196 121 0
a 5 2 121 1
a 5 121 123 0
a 5 4 123 1
a 5 123 50 0
a 5 50 127 0
a 5 8 127 1
a 5 127 53 0
a 5 53 103 0
a 5 103 31 0
a 5 31 125 0
a 5 6 125 1
a 5 125 94 0
a 5 94 151 0
a 5 32 151 1
a 5 151 93 0
a 5 93 67 0
a 5 67 170 0
a 5 51 170 1
a 5 170 44 0
a 5 44 79 0
a 5 79 40 0
a 5 40 126 0
a 5 7 126 1
a 5 126 203 0
a 5 84 203 1
a 5 203 24 0
a 5 24 75 0
a 5 75 52 0
a 5 52 27 0
a 5 27 55 0
a 5 55 72 0
a 5 72 118 0
a 5 118 172 0
a 5 53 172 1
a 5 172 222 0
a 5 103 222 1
a 5 222 159 0
a 5 40 159 1
a 5 159 198 0
a 5 79 198 1
a 5 198 186 0
a 5 67 186 1
a 5 186 116 0
a 5 116 98 0
a 5 98 38 0
a 5 38 143 0
a 5 24 143 1
a 5 143 66 0
a 5 66 86 0
a 5 86 101 0
a 5 101 146 0
a 5 27 146 1
a 5 146 76 0
a 5 76 150 0
a 5 31 150 1
a 5 150 171 0
a 5 52 171 1
a 5 171 174 0
a 5 55 174 1
a 5 174 163 0
a 5 44 163 1
a 5 163 169 0
a 5 50 169 1
a 5 169 81 0
a 5 81 212 0
a 5 93 212 1
a 5 212 213 0
a 5 94 213 1
a 5 213 54 0
a 5 54 191 0
a 5 72 191 1
a 5 191 194 0
a 5 75 194 1
a 5 194 73 0
a 5 73 195 0
a 5 76 195 1
a 5 195 235 0
a 5 116 235 1
a 5 235 237 0
a 5 118 237 1
a 5 237 157 0
a 5 38 157 1
a 5 157 217 0
a 5 98 217 1
a 5 217 200 0
a 5 81 200 1
a 5 200 173 0
a 5 54 173 1
a 5 173 185 0
a 5 66 185 1
a 5 185 220 0
a 5 101 220 1
a 5 220 205 0
a 5 86 205 1
a 5 205 192 0
a 5 73 192 1
a 5 192 239 0
a 6 238 78 0
a 6 78 5 0
a 6 5 30 0
a 6 30 26 0
a 6 26 8 0
a 6 8 2 0
a 6 2 58 0
a 6 58 89 0
a 6 89 13 0
a 6 13 1 0
a 6 1 17 0
a 6 17 29 0
a 6 29 149 0
a 6 30 149 1
a 6 149 39 0
a 6 39 145 0
a 6 26 145 1
a 6 145 121 0
a 6 2 121 1
a 6 121 90 0
a 6 90 127 0
a 6 8 127 1
a 6 127 132 0
a 6 13 132 1
a 6 132 103 0
a 6 103 148 0
a 6 29 148 1
a 6 148 111 0
a 6 111 208 0
a 6 89 208 1
a 6 208 49 0
a 6 49 33 0
a 6 33 68 0
a 6 68 124 0
a 6 5 124 1
a 6 124 70 0
a 6 70 44 0
a 6 44 36 0
a 6 36 177 0
a 6 58 177 1
a 6 177 136 0
a 6 17 136 1
a 6 136 59 0
a 6 59 28 0
a 6 28 48 0
a 6 48 120 0
a 6 1 120 1
a 6 120 197 0
a 6 78 197 1
a 6 197 27 0
a 6 27 107 0
a 6 107 158 0
a 6 39 158 1
a 6 158 230 0
a 6 111 230 1
a 6 230 189 0
a 6 70 189 1
a 6 189 168 0
a 6 49 168 1
a 6 168 155 0
a 6 36 155 1
a 6 155 167 0
a 6 48 167 1
a 6 167 152 0
a 6 33 152 1
a 6 152 222 0
a 6 103 222 1
a 6 222 110 0
a 6 110 82 0
a 6 82 147 0
a 6 28 147 1
a 6 147 187 0
a 6 68 187 1
a 6 187 95 0
a 6 95 106 0
a 6 106 117 0
a 6 117 38 0
a 6 38 45 0
a 6 45 178 0
a 6 59 178 1
a 6 178 86 0
a 6 86 146 0
a 6 27 146 1
a 6 146 209 0
a 6 90 209 1
a 6 209 163 0
a 6 44 163 1
a 6 163 83 0
a 6 83 99 0
a 6 99 108 0
a 6 108 115 0
a 6 115 73 0
a 6 73 87 0
a 6 87 61 0
a 6 61 226 0
a 6 107 226 1
a 6 226 157 0
a 6 38 157 1
a 6 157 164 0
a 6 45 164 1
a 6 164 214 0
a 6 95 214 1
a 6 214 180 0
a 6 61 180 1
a 6 180 202 0
a 6 83 202 1
a 6 202 201 0
a 6 82 201 1
a 6 201 227 0
a 6 108 227 1
a 6 227 205 0
a 6 86 205 1
a 6 205 218 0
a 6 99 218 1
a 6 218 206 0
a 6 87 206 1
a 6 206 234 0
a 6 115 234 1
a 6 234 236 0
a 6 117 236 1
a 6 236 192 0
a 6 73 192 1
a 6 192 225 0
a 6 106 225 1
a 6 225 229 0
a 6 110 229 1
a 6 229 239 0
a 7 238 78 0
a 7 78 4 0
a 7 4 30 0
a 7 30 20 0
a 7 20 9 0
a 7 9 58 0
a 7 58 74 0
a 7 74 25 0
a 7 25 13 0
a 7 13 37 0
a 7 37 29 0
a 7 29 12 0
a 7 12 149 0
a 7 30 149 1
a 7 149 128 0
a 7 9 128 1
a 7 128 97 0
a 7 97 123 0
a 7 4 123 1
a 7 123 139 0
a 7 20 139 1
a 7 139 90 0
a 7 90 53 0
a 7 53 193 0
a 7 74 193 1
a 7 193 132 0
a 7 13 132 1
a 7 132 148 0
a 7 29 148 1
a 7 148 111 0
a 7 111 34 0
a 7 34 67 0
a 7 67 44 0
a 7 44 79 0
a 7 79 177 0
a 7 58 177 1
a 7 177 144 0
a 7 25 144 1
a 7 144 156 0
a 7 37 156 1
a 7 156 197 0
a 7 78 197 1
a 7 197 55 0
a 7 55 131 0
a 7 12 131 1
a 7 131 216 0
a 7 97 216 1
a 7 216 230 0
a 7 111 230 1
a 7 230 153 0
a 7 34 153 1
a 7 153 85 0
a 7 85 172 0
a 7 53 172 1
a 7 172 110 0
a 7 110 198 0
a 7 79 198 1
a 7 198 186 0
a 7 67 186 1
a 7 186 82 0
a 7 82 98 0
a 7 98 104 0
a 7 104 45 0
a 7 45 76 0
a 7 76 209 0
a 7 90 209 1
a 7 209 41 0
a 7 41 174 0
a 7 55 174 1
a 7 174 163 0
a 7 44 163 1
a 7 163 81 0
a 7 81 83 0
a 7 83 105 0
a 7 105 62 0
a 7 62 195 0
a 7 76 195 1
a 7 195 164 0
a 7 45 164 1
a 7 164 223 0
a 7 104 223 1
a 7 223 202 0
a 7 83 202 1
a 7 202 217 0
a 7 98 217 1
a 7 217 200 0
a 7 81 200 1
a 7 200 201 0
a 7 82 201 1
a 7 201 181 0
a 7 62 181 1
a 7 181 160 0
a 7 41 160 1
a 7 160 204 0
a 7 85 204 1
a 7 204 224 0
a 7 105 224 1
a 7 224 229 0
a 7 110 229 1
a 7 229 239 0
a 8 238 14 0
a 8 14 8 0
a 8 8 51 0
a 8 51 58 0
a 8 58 3 0
a 8 3 16 0
a 8 16 25 0
a 8 25 11 0
a 8 11 89 0
a 8 89 15 0
a 8 15 130 0
a 8 11 130 1
a 8 130 133 0
a 8 14 133 1
a 8 133 50 0
a 8 50 127 0
a 8 8 127 1
a 8 127 31 0
a 8 31 208 0
a 8 89 208 1
a 8 208 135 0
a 8 16 135 1
a 8 135 170 0
a 8 51 170 1
a 8 170 56 0
a 8 56 134 0
a 8 15 134 1
a 8 134 177 0
a 8 58 177 1
a 8 177 144 0
a 8 25 144 1
a 8 144 59 0
a 8 59 122 0
a 8 3 122 1
a 8 122 40 0
a 8 40 114 0
a 8 114 72 0
a 8 72 107 0
a 8 107 159 0
a 8 40 159 1
a 8 159 116 0
a 8 116 106 0
a 8 106 64 0
a 8 64 117 0
a 8 117 104 0
a 8 104 45 0
a 8 45 178 0
a 8 59 178 1
a 8 178 66 0
a 8 66 86 0
a 8 86 76 0
a 8 76 150 0
a 8 31 150 1
a 8 150 41 0
a 8 41 109 0
a 8 109 169 0
a 8 50 169 1
a 8 169 113 0
a 8 113 83 0
a 8 83 191 0
a 8 72 191 1
a 8 191 62 0
a 8 62 108 0
a 8 108 92 0
a 8 92 233 0
a 8 114 233 1
a 8 233 175 0
a 8 56 175 1
a 8 175 80 0
a 8 80 226 0
a 8 107 226 1
a 8 226 195 0
a 8 76 195 1
a 8 195 235 0
a 8 116 235 1
a 8 235 199 0
a 8 80 199 1
a 8 199 183 0
a 8 64 183 1
a 8 183 164 0
a 8 45 164 1
a 8 164 223 0
a 8 104 223 1
a 8 223 202 0
a 8 83 202 1
a 8 202 228 0
a 8 109 228 1
a 8 228 232 0
a 8 113 232 1
a 8 232 185 0
a 8 66 185 1
a 8 185 227 0
a 8 108 227 1
a 8 227 181 0
a 8 62 181 1
a 8 181 205 0
a 8 86 205 1
a 8 205 211 0
a 8 92 211 1
a 8 211 236 0
a 8 117 236 1
a 8 236 160 0
a 8 41 160 1
a 8 160 225 0
a 8 106 225 1
a 8 225 239 0
a 9 238 18 0
a 9 18 4 0
a 9 4 14 0
a 9 14 26 0
a 9 26 20 0
a 9 20 47 0
a 9 47 2 0
a 9 2 16 0
a 9 16 11 0
a 9 11 89 0
a 9 89 1 0
a 9 1 10 0
a 9 10 91 0
a 9 91 130 0
a 9 11 130 1
a 9 130 39 0
a 9 39 145 0
a 9 26 145 1
a 9 145 121 0
a 9 2 121 1
a 9 121 97 0
a 9 97 63 0
a 9 63 123 0
a 9 4 123 1
a 9 123 139 0
a 9 20 139 1
a 9 139 133 0
a 9 14 133 1
a 9 133 50 0
a 9 50 166 0
a 9 47 166 1
a 9 166 90 0
a 9 90 71 0
a 9 71 103 0
a 9 103 111 0
a 9 111 208 0
a 9 89 208 1
a 9 208 135 0
a 9 16 135 1
a 9 135 210 0
a 9 91 210 1
a 9 210 137 0
a 9 18 137 1
a 9 137 93 0
a 9 93 67 0
a 9 67 70 0
a 9 70 129 0
a 9 10 129 1
a 9 129 56 0
a 9 56 79 0
a 9 79 48 0
a 9 48 120 0
a 9 1 120 1
a 9 120 75 0
a 9 75 52 0
a 9 52 114 0
a 9 114 43 0
a 9 43 27 0
a 9 27 55 0
a 9 55 69 0
a 9 69 72 0
a 9 72 107 0
a 9 107 158 0
a 9 39 158 1
a 9 158 216 0
a 9 97 216 1
a 9 216 230 0
a 9 111 230 1
a 9 230 189 0
a 9 70 189 1
a 9 189 167 0
a 9 48 167 1
a 9 167 190 0
a 9 71 190 1
a 9 190 222 0
a 9 103 222 1
a 9 222 110 0
a 9 110 198 0
a 9 79 198 1
a 9 198 186 0
a 9 67 186 1
a 9 186 95 0
a 9 95 106 0
a 9 106 104 0
a 9 104 66 0
a 9 66 86 0
a 9 86 100 0
a 9 100 101 0
a 9 101 57 0
a 9 57 146 0
a 9 27 146 1
a 9 146 182 0
a 9 63 182 1
a 9 182 209 0
a 9 90 209 1
a 9 209 41 0
a 9 41 171 0
a 9 52 171 1
a 9 171 174 0
a 9 55 174 1
a 9 174 65 0
a 9 65 162 0
a 9 43 162 1
a 9 162 169 0
a 9 50 169 1
a 9 169 212 0
a 9 93 212 1
a 9 212 112 0
a 9 112 83 0
a 9 83 191 0
a 9 72 191 1
a 9 191 62 0
a 9 62 108 0
a 9 108 233 0
a 9 114 233 1
a 9 233 175 0
a 9 56 175 1
a 9 175 188 0
a 9 69 188 1
a 9 188 194 0
a 9 75 194 1
a 9 194 115 0
a 9 115 73 0
a 9 73 102 0
a 9 102 80 0
a 9 80 226 0
a 9 107 226 1
a 9 226 184 0
a 9 65 184 1
a 9 184 199 0
a 9 80 199 1
a 9 199 221 0
a 9 102 221 1
a 9 221 214 0
a 9 95 214 1
a 9 214 223 0
a 9 104 223 1
a 9 223 202 0
a 9 83 202 1
a 9 202 176 0
a 9 57 176 1
a 9 176 219 0
a 9 100 219 1
a 9 219 185 0
a 9 66 185 1
a 9 185 227 0
a 9 108 227 1
a 9 227 181 0
a 9 62 181 1
a 9 181 220 0
a 9 101 220 1
a 9 220 205 0
a 9 86 205 1
a 9 205 234 0
a 9 115 234 1
a 9 234 192 0
a 9 73 192 1
a 9 192 160 0
a 9 41 160 1
a 9 160 231 0
a 9 112 231 1
a 9 231 225 0
a 9 106 225 1
a 9 225 229 0
a 9 110 229 1
a 9 229 239 0
a 10 238 18 0
a 10 18 84 0
a 10 84 8 0
a 10 8 2 0
a 10 2 11 0
a 10 11 6 0
a 10 6 32 0
a 10 32 12 0
a 10 12 130 0
a 10 11 130 1
a 10 130 39 0
a 10 39 121 0
a 10 2 121 1
a 10 121 63 0
a 10 63 50 0
a 10 50 90 0
a 10 90 127 0
a 10 8 127 1
a 10 127 103 0
a 10 103 125 0
a 10 6 125 1
a 10 125 49 0
a 10 49 137 0
a 10 18 137 1
a 10 137 151 0
a 10 32 151 1
a 10 151 67 0
a 10 67 36 0
a 10 36 28 0
a 10 28 60 0
a 10 60 203 0
a 10 84 203 1
a 10 203 46 0
a 10 46 75 0
a 10 75 52 0
a 10 52 114 0
a 10 114 27 0
a 10 27 131 0
a 10 12 131 1
a 10 131 158 0
a 10 39 158 1
a 10 158 168 0
a 10 49 168 1
a 10 168 155 0
a 10 36 155 1
a 10 155 118 0
a 10 118 222 0
a 10 103 222 1
a 10 222 110 0
a 10 110 186 0
a 10 67 186 1
a 10 186 147 0
a 10 28 147 1
a 10 147 64 0
a 10 64 117 0
a 10 117 104 0
a 10 104 165 0
a 10 46 165 1
a 10 165 45 0
a 10 45 57 0
a 10 57 146 0
a 10 27 146 1
a 10 146 182 0
a 10 63 182 1
a 10 182 209 0
a 10 90 209 1
a 10 209 41 0
a 10 41 171 0
a 10 52 171 1
a 10 171 169 0
a 10 50 169 1
a 10 169 112 0
a 10 112 179 0
a 10 60 179 1
a 10 179 83 0
a 10 83 62 0
a 10 62 108 0
a 10 108 92 0
a 10 92 233 0
a 10 114 233 1
a 10 233 194 0
a 10 75 194 1
a 10 194 115 0
a 10 115 73 0
a 10 73 237 0
a 10 118 237 1
a 10 237 183 0
a 10 64 183 1
a 10 183 164 0
a 10 45 164 1
a 10 164 223 0
a 10 104 223 1
a 10 223 202 0
a 10 83 202 1
a 10 202 176 0
a 10 57 176 1
a 10 176 227 0
a 10 108 227 1
a 10 227 181 0
a 10 62 181 1
a 10 181 211 0
a 10 92 211 1
a 10 211 234 0
a 10 115 234 1
a 10 234 236 0
a 10 117 236 1
a 10 236 192 0
a 10 73 192 1
a 10 192 160 0
a 10 41 160 1
a 10 160 231 0
a 10 112 231 1
a 10 231 229 0
a 10 110 229 1
a 10 229 239 0
a 11 238 7 0
a 11 7 18 0
a 11 18 78 0
a 11 78 4 0
a 11 4 30 0
a 11 30 26 0
a 11 26 8 0
a 11 8 47 0
a 11 47 35 0
a 11 35 77 0
a 11 77 16 0
a 11 16 25 0
a 11 25 0 0
a 11 0 21 0
a 11 21 13 0
a 11 13 1 0
a 11 1 15 0
a 11 15 37 0
a 11 37 29 0
a 11 29 149 0
a 11 30 149 1
a 11 149 196 0
a 11 77 196 1
a 11 196 39 0
a 11 39 145 0
a 11 26 145 1
a 11 145 123 0
a 11 4 123 1
a 11 123 166 0
a 11 47 166 1
a 11 166 127 0
a 11 8 127 1
a 11 127 132 0
a 11 13 132 1
a 11 132 148 0
a 11 29 148 1
a 11 148 119 0
a 11 0 119 1
a 11 119 135 0
a 11 16 135 1
a 11 135 137 0
a 11 18 137 1
a 11 137 33 0
a 11 33 93 0
a 11 93 56 0
a 11 56 134 0
a 11 15 134 1
a 11 134 144 0
a 11 25 144 1
a 11 144 140 0
a 11 21 140 1
a 11 140 120 0
a 11 1 120 1
a 11 120 126 0
a 11 7 126 1
a 11 126 154 0
a 11 35 154 1
a 11 154 60 0
a 11 60 156 0
a 11 37 156 1
a 11 156 197 0
a 11 78 197 1
a 11 197 75 0
a 11 75 52 0
a 11 52 114 0
a 11 114 23 0
a 11 23 158 0
a 11 39 158 1
a 11 158 118 0
a 11 118 152 0
a 11 33 152 1
a 11 152 110 0
a 11 110 82 0
a 11 82 45 0
a 11 45 86 0
a 11 86 41 0
a 11 41 171 0
a 11 52 171 1
a 11 171 142 0
a 11 23 142 1
a 11 142 65 0
a 11 65 212 0
a 11 93 212 1
a 11 212 112 0
a 11 112 179 0
a 11 60 179 1
a 11 179 54 0
a 11 54 62 0
a 11 62 92 0
a 11 92 233 0
a 11 114 233 1
a 11 233 175 0
a 11 56 175 1
a 11 175 194 0
a 11 75 194 1
a 11 194 73 0
a 11 73 80 0
a 11 80 237 0
a 11 118 237 1
a 11 237 184 0
a 11 65 184 1
a 11 184 199 0
a 11 80 199 1
a 11 199 164 0
a 11 45 164 1
a 11 164 173 0
a 11 54 173 1
a 11 173 201 0
a 11 82 201 1
a 11 201 181 0
a 11 62 181 1
a 11 181 205 0
a 11 86 205 1
a 11 205 211 0
a 11 92 211 1
a 11 211 192 0
a 11 73 192 1
a 11 192 160 0
a 11 41 160 1
a 11 160 231 0
a 11 112 231 1
a 11 231 229 0
a 11 110 229 1
a 11 229 239 0
a 12 238 78 0
a 12 78 26 0
a 12 26 84 0
a 12 84 20 0
a 12 20 8 0
a 12 8 2 0
a 12 2 9 0
a 12 9 51 0
a 12 51 11 0
a 12 11 89 0
a 12 89 6 0
a 12 6 10 0
a 12 10 15 0
a 12 15 32 0
a 12 32 12 0
a 12 12 128 0
a 12 9 128 1
a 12 128 130 0
a 12 11 130 1
a 12 130 145 0
a 12 26 145 1
a 12 145 121 0
a 12 2 121 1
a 12 121 97 0
a 12 97 139 0
a 12 20 139 1
a 12 139 127 0
a 12 8 127 1
a 12 127 53 0
a 12 53 71 0
a 12 71 208 0
a 12 89 208 1
a 12 208 125 0
a 12 6 125 1
a 12 125 94 0
a 12 94 151 0
a 12 32 151 1
a 12 151 33 0
a 12 33 93 0
a 12 93 129 0
a 12 10 129 1
a 12 129 170 0
a 12 51 170 1
a 12 170 56 0
a 12 56 79 0
a 12 79 134 0
a 12 15 134 1
a 12 134 28 0
a 12 28 48 0
a 12 48 203 0
a 12 84 203 1
a 12 203 197 0
a 12 78 197 1
a 12 197 114 0
a 12 114 55 0
a 12 55 131 0
a 12 12 131 1
a 12 131 216 0
a 12 97 216 1
a 12 216 85 0
a 12 85 167 0
a 12 48 167 1
a 12 167 172 0
a 12 53 172 1
a 12 172 190 0
a 12 71 190 1
a 12 190 152 0
a 12 33 152 1
a 12 152 198 0
a 12 79 198 1
a 12 198 147 0
a 12 28 147 1
a 12 147 106 0
a 12 106 117 0
a 12 117 45 0
a 12 45 66 0
a 12 66 86 0
a 12 86 174 0
a 12 55 174 1
a 12 174 109 0
a 12 109 81 0
a 12 81 212 0
a 12 93 212 1
a 12 212 213 0
a 12 94 213 1
a 12 213 83 0
a 12 83 105 0
a 12 105 88 0
a 12 88 62 0
a 12 62 233 0
a 12 114 233 1
a 12 233 175 0
a 12 56 175 1
a 12 175 73 0
a 12 73 87 0
a 12 87 164 0
a 12 45 164 1
a 12 164 202 0
a 12 83 202 1
a 12 202 228 0
a 12 109 228 1
a 12 228 200 0
a 12 81 200 1
a 12 200 185 0
a 12 66 185 1
a 12 185 181 0
a 12 62 181 1
a 12 181 207 0
a 12 88 207 1
a 12 207 205 0
a 12 86 205 1
a 12 205 206 0
a 12 87 206 1
a 12 206 236 0
a 12 117 236 1
a 12 236 192 0
a 12 73 192 1
a 12 192 204 0
a 12 85 204 1
a 12 204 224 0
a 12 105 224 1
a 12 224 225 0
a 12 106 225 1
a 12 225 239 0
a 13 238 7 0
a 13 7 18 0
a 13 18 78 0
a 13 78 14 0
a 13 14 2 0
a 13 2 42 0
a 13 42 51 0
a 13 51 58 0
a 13 58 77 0
a 13 77 74 0
a 13 74 13 0
a 13 13 6 0
a 13 6 10 0
a 13 10 29 0
a 13 29 196 0
a 13 77 196 1
a 13 196 39 0
a 13 39 161 0
a 13 42 161 1
a 13 161 121 0
a 13 2 121 1
a 13 121 97 0
a 13 97 133 0
a 13 14 133 1
a 13 133 50 0
a 13 50 90 0
a 13 90 193 0
a 13 74 193 1
a 13 193 132 0
a 13 13 132 1
a 13 132 148 0
a 13 29 148 1
a 13 148 125 0
a 13 6 125 1
a 13 125 94 0
a 13 94 34 0
a 13 34 49 0
a 13 49 137 0
a 13 18 137 1
a 13 137 33 0
a 13 33 93 0
a 13 93 68 0
a 13 68 129 0
a 13 10 129 1
a 13 129 170 0
a 13 51 170 1
a 13 170 56 0
a 13 56 79 0
a 13 79 177 0
a 13 58 177 1
a 13 177 59 0
a 13 59 28 0
a 13 28 40 0
a 13 40 126 0
a 13 7 126 1
a 13 126 60 0
a 13 60 46 0
a 13 46 197 0
a 13 78 197 1
a 13 197 75 0
a 13 75 114 0
a 13 114 43 0
a 13 43 23 0
a 13 23 158 0
a 13 39 158 1
a 13 158 216 0
a 13 97 216 1
a 13 216 153 0
a 13 34 153 1
a 13 153 85 0
a 13 85 168 0
a 13 49 168 1
a 13 168 152 0
a 13 33 152 1
a 13 152 159 0
a 13 40 159 1
a 13 159 198 0
a 13 79 198 1
a 13 198 116 0
a 13 116 147 0
a 13 28 147 1
a 13 147 187 0
a 13 68 187 1
a 13 187 95 0
a 13 95 106 0
a 13 106 64 0
a 13 64 104 0
a 13 104 165 0
a 13 46 165 1
a 13 165 38 0
a 13 38 45 0
a 13 45 178 0
a 13 59 178 1
a 13 178 100 0
a 13 100 209 0
a 13 90 209 1
a 13 209 41 0
a 13 41 142 0
a 13 23 142 1
a 13 142 162 0
a 13 43 162 1
a 13 162 169 0
a 13 50 169 1
a 13 169 81 0
a 13 81 212 0
a 13 93 212 1
a 13 212 113 0
a 13 113 179 0
a 13 60 179 1
a 13 179 213 0
a 13 94 213 1
a 13 213 54 0
a 13 54 233 0
a 13 114 233 1
a 13 233 175 0
a 13 56 175 1
a 13 175 194 0
a 13 75 194 1
a 13 194 102 0
a 13 102 80 0
a 13 80 235 0
a 13 116 235 1
a 13 235 157 0
a 13 38 157 1
a 13 157 199 0
a 13 80 199 1
a 13 199 221 0
a 13 102 221 1
a 13 221 183 0
a 13 64 183 1
a 13 183 164 0
a 13 45 164 1
a 13 164 214 0
a 13 95 214 1
a 13 214 223 0
a 13 104 223 1
a 13 223 232 0
a 13 113 232 1
a 13 232 200 0
a 13 81 200 1
a 13 200 219 0
a 13 100 219 1
a 13 219 173 0
a 13 54 173 1
a 13 173 160 0
a 13 41 160 1
a 13 160 204 0
a 13 85 204 1
a 13 204 225 0
a 13 106 225 1
a 13 225 239 0
a 14 238 78 0
a 14 78 5 0
a 14 5 30 0
a 14 30 20 0
a 14 20 8 0
a 14 8 42 0
a 14 42 74 0
a 14 74 25 0
a 14 25 1 0
a 14 1 15 0
a 14 15 29 0
a 14 29 19 0
a 14 19 149 0
a 14 30 149 1
a 14 149 39 0
a 14 39 161 0
a 14 42 161 1
a 14 161 63 0
a 14 63 139 0
a 14 20 139 1
a 14 139 127 0
a 14 8 127 1
a 14 127 193 0
a 14 74 193 1
a 14 193 103 0
a 14 103 148 0
a 14 29 148 1
a 14 148 111 0
a 14 111 34 0
a 14 34 49 0
a 14 49 33 0
a 14 33 124 0
a 14 5 124 1
a 14 124 134 0
a 14 15 134 1
a 14 134 138 0
a 14 19 138 1
a 14 138 144 0
a 14 25 144 1
a 14 144 59 0
a 14 59 48 0
a 14 48 40 0
a 14 40 120 0
a 14 1 120 1
a 14 120 60 0
a 14 60 96 0
a 14 96 197 0
a 14 78 197 1
a 14 197 75 0
a 14 75 52 0
a 14 52 43 0
a 14 43 69 0
a 14 69 72 0
a 14 72 158 0
a 14 39 158 1
a 14 158 230 0
a 14 111 230 1
a 14 230 153 0
a 14 34 153 1
a 14 153 168 0
a 14 49 168 1
a 14 168 118 0
a 14 118 167 0
a 14 48 167 1
a 14 167 152 0
a 14 33 152 1
a 14 152 222 0
a 14 103 222 1
a 14 222 159 0
a 14 40 159 1
a 14 159 106 0
a 14 106 64 0
a 14 64 117 0
a 14 117 45 0
a 14 45 178 0
a 14 59 178 1
a 14 178 101 0
a 14 101 182 0
a 14 63 182 1
a 14 182 171 0
a 14 52 171 1
a 14 171 65 0
a 14 65 109 0
a 14 109 162 0
a 14 43 162 1
a 14 162 81 0
a 14 81 112 0
a 14 112 179 0
a 14 60 179 1
a 14 179 191 0
a 14 72 191 1
a 14 191 215 0
a 14 96 215 1
a 14 215 188 0
a 14 69 188 1
a 14 188 194 0
a 14 75 194 1
a 14 194 115 0
a 14 115 61 0
a 14 61 80 0
a 14 80 237 0
a 14 118 237 1
a 14 237 184 0
a 14 65 184 1
a 14 184 199 0
a 14 80 199 1
a 14 199 183 0
a 14 64 183 1
a 14 183 164 0
a 14 45 164 1
a 14 164 180 0
a 14 61 180 1
a 14 180 228 0
a 14 109 228 1
a 14 228 200 0
a 14 81 200 1
a 14 200 220 0
a 14 101 220 1
a 14 220 234 0
a 14 115 234 1
a 14 234 236 0
a 14 117 236 1
a 14 236 231 0
a 14 112 231 1
a 14 231 225 0
a 14 106 225 1
a 14 225 239 0
a 15 238 78 0
a 15 78 5 0
a 15 5 14 0
a 15 14 26 0
a 15 26 84 0
a 15 84 20 0
a 15 20 3 0
a 15 3 16 0
a 15 16 0 0
a 15 0 89 0
a 15 89 13 0
a 15 13 1 0
a 15 1 6 0
a 15 6 22 0
a 15 22 29 0
a 15 29 19 0
a 15 19 12 0
a 15 12 145 0
a 15 26 145 1
a 15 145 97 0
a 15 97 63 0
a 15 63 139 0
a 15 20 139 1
a 15 139 133 0
a 15 14 133 1
a 15 133 53 0
a 15 53 71 0
a 15 71 132 0
a 15 13 132 1
a 15 132 148 0
a 15 29 148 1
a 15 148 119 0
a 15 0 119 1
a 15 119 208 0
a 15 89 208 1
a 15 208 125 0
a 15 6 125 1
a 15 125 135 0
a 15 16 135 1
a 15 135 34 0
a 15 34 49 0
a 15 49 124 0
a 15 5 124 1
a 15 124 141 0
a 15 22 141 1
a 15 141 79 0
a 15 79 138 0
a 15 19 138 1
a 15 138 122 0
a 15 3 122 1
a 15 122 40 0
a 15 40 120 0
a 15 1 120 1
a 15 120 60 0
a 15 60 203 0
a 15 84 203 1
a 15 203 46 0
a 15 46 197 0
a 15 78 197 1
a 15 197 75 0
a 15 75 52 0
a 15 52 114 0
a 15 114 43 0
a 15 43 23 0
a 15 23 131 0
a 15 12 131 1
a 15 131 216 0
a 15 97 216 1
a 15 216 153 0
a 15 34 153 1
a 15 153 168 0
a 15 49 168 1
a 15 168 172 0
a 15 53 172 1
a 15 172 190 0
a 15 71 190 1
a 15 190 110 0
a 15 110 159 0
a 15 40 159 1
a 15 159 198 0
a 15 79 198 1
a 15 198 116 0
a 15 116 64 0
a 15 64 117 0
a 15 117 165 0
a 15 46 165 1
a 15 165 66 0
a 15 66 101 0
a 15 101 182 0
a 15 63 182 1
a 15 182 41 0
a 15 41 171 0
a 15 52 171 1
a 15 171 142 0
a 15 23 142 1
a 15 142 65 0
a 15 65 162 0
a 15 43 162 1
a 15 162 81 0
a 15 81 113 0
a 15 113 112 0
a 15 112 179 0
a 15 60 179 1
a 15 179 105 0
a 15 105 233 0
a 15 114 233 1
a 15 233 194 0
a 15 75 194 1
a 15 194 115 0
a 15 115 87 0
a 15 87 235 0
a 15 116 235 1
a 15 235 184 0
a 15 65 184 1
a 15 184 183 0
a 15 64 183 1
a 15 183 232 0
a 15 113 232 1
a 15 232 200 0
a 15 81 200 1
a 15 200 185 0
a 15 66 185 1
a 15 185 220 0
a 15 101 220 1
a 15 220 206 0
a 15 87 206 1
a 15 206 234 0
a 15 115 234 1
a 15 234 236 0
a 15 117 236 1
a 15 236 160 0
a 15 41 160 1
a 15 160 224 0
a 15 105 224 1
a 15 224 231 0
a 15 112 231 1
a 15 231 229 0
a 15 110 229 1
a 15 229 239 0
a 16 238 18 0
a 16 18 30 0
a 16 30 14 0
a 16 14 2 0
a 16 2 35 0
a 16 35 9 0
a 16 9 3 0
a 16 3 0 0
a 16 0 89 0
a 16 89 6 0
a 16 6 15 0
a 16 15 149 0
a 16 30 149 1
a 16 149 128 0
a 16 9 128 1
a 16 128 121 0
a 16 2 121 1
a 16 121 63 0
a 16 63 133 0
a 16 14 133 1
a 16 133 50 0
a 16 50 119 0
a 16 0 119 1
a 16 119 31 0
a 16 31 208 0
a 16 89 208 1
a 16 208 125 0
a 16 6 125 1
a 16 125 49 0
a 16 49 137 0
a 16 18 137 1
a 16 137 56 0
a 16 56 79 0
a 16 79 134 0
a 16 15 134 1
a 16 134 59 0
a 16 59 48 0
a 16 48 122 0
a 16 3 122 1
a 16 122 154 0
a 16 35 154 1
a 16 154 27 0
a 16 27 55 0
a 16 55 69 0
a 16 69 107 0
a 16 107 168 0
a 16 49 168 1
a 16 168 167 0
a 16 48 167 1
a 16 167 198 0
a 16 79 198 1
a 16 198 82 0
a 16 82 95 0
a 16 95 117 0
a 16 117 98 0
a 16 98 45 0
a 16 45 178 0
a 16 59 178 1
a 16 178 100 0
a 16 100 146 0
a 16 27 146 1
a 16 146 182 0
a 16 63 182 1
a 16 182 76 0
a 16 76 150 0
a 16 31 150 1
a 16 150 174 0
a 16 55 174 1
a 16 174 169 0
a 16 50 169 1
a 16 169 83 0
a 16 83 54 0
a 16 54 88 0
a 16 88 62 0
a 16 62 108 0
a 16 108 175 0
a 16 56 175 1
a 16 175 188 0
a 16 69 188 1
a 16 188 115 0
a 16 115 73 0
a 16 73 226 0
a 16 107 226 1
a 16 226 195 0
a 16 76 195 1
a 16 195 164 0
a 16 45 164 1
a 16 164 214 0
a 16 95 214 1
a 16 214 202 0
a 16 83 202 1
a 16 202 217 0
a 16 98 217 1
a 16 217 219 0
a 16 100 219 1
a 16 219 173 0
a 16 54 173 1
a 16 173 201 0
a 16 82 201 1
a 16 201 227 0
a 16 108 227 1
a 16 227 181 0
a 16 62 181 1
a 16 181 207 0
a 16 88 207 1
a 16 207 234 0
a 16 115 234 1
a 16 234 236 0
a 16 117 236 1
a 16 236 192 0
a 16 73 192 1
a 16 192 239 0
a 17 238 7 0
a 17 7 14 0
a 17 14 26 0
a 17 26 84 0
a 17 84 58 0
a 17 58 3 0
a 17 3 25 0
a 17 25 0 0
a 17 0 13 0
a 17 13 10 0
a 17 10 37 0
a 17 37 32 0
a 17 32 145 0
a 17 26 145 1
a 17 145 63 0
a 17 63 133 0
a 17 14 133 1
a 17 133 132 0
a 17 13 132 1
a 17 132 103 0
a 17 103 119 0
a 17 0 119 1
a 17 119 31 0
a 17 31 34 0
a 17 34 49 0
a 17 49 151 0
a 17 32 151 1
a 17 151 33 0
a 17 33 67 0
a 17 67 129 0
a 17 10 129 1
a 17 129 177 0
a 17 58 177 1
a 17 177 144 0
a 17 25 144 1
a 17 144 122 0
a 17 3 122 1
a 17 122 126 0
a 17 7 126 1
a 17 126 156 0
a 17 37 156 1
a 17 156 203 0
a 17 84 203 1
a 17 203 52 0
a 17 52 43 0
a 17 43 23 0
a 17 23 107 0
a 17 107 153 0
a 17 34 153 1
a 17 153 85 0
a 17 85 168 0
a 17 49 168 1
a 17 168 152 0
a 17 33 152 1
a 17 152 222 0
a 17 103 222 1
a 17 222 110 0
a 17 110 186 0
a 17 67 186 1
a 17 186 116 0
a 17 116 95 0
a 17 95 106 0
a 17 106 117 0
a 17 117 38 0
a 17 38 182 0
a 17 63 182 1
a 17 182 76 0
a 17 76 150 0
a 17 31 150 1
a 17 150 171 0
a 17 52 171 1
a 17 171 142 0
a 17 23 142 1
a 17 142 109 0
a 17 109 162 0
a 17 43 162 1
a 17 162 81 0
a 17 81 113 0
a 17 113 83 0
a 17 83 54 0
a 17 54 88 0
a 17 88 73 0
a 17 73 61 0
a 17 61 80 0
a 17 80 226 0
a 17 107 226 1
a 17 226 195 0
a 17 76 195 1
a 17 195 235 0
a 17 116 235 1
a 17 235 157 0
a 17 38 157 1
a 17 157 199 0
a 17 80 199 1
a 17 199 214 0
a 17 95 214 1
a 17 214 180 0
a 17 61 180 1
a 17 180 202 0
a 17 83 202 1
a 17 202 228 0
a 17 109 228 1
a 17 228 232 0
a 17 113 232 1
a 17 232 200 0
a 17 81 200 1
a 17 200 173 0
a 17 54 173 1
a 17 173 207 0
a 17 88 207 1
a 17 207 236 0
a 17 117 236 1
a 17 236 192 0
a 17 73 192 1
a 17 192 204 0
a 17 85 204 1
a 17 204 225 0
a 17 106 225 1
a 17 225 229 0
a 17 110 229 1
a 17 229 239 0
a 18 238 78 0
a 18 78 4 0
a 18 4 30 0
a 18 30 84 0
a 18 84 8 0
a 18 8 9 0
a 18 9 58 0
a 18 58 77 0
a 18 77 25 0
a 18 25 11 0
a 18 11 89 0
a 18 89 1 0
a 18 1 22 0
a 18 22 17 0
a 18 17 37 0
a 18 37 149 0
a 18 30 149 1
a 18 149 128 0
a 18 9 128 1
a 18 128 196 0
a 18 77 196 1
a 18 196 130 0
a 18 11 130 1
a 18 130 63 0
a 18 63 123 0
a 18 4 123 1
a 18 123 50 0
a 18 50 90 0
a 18 90 127 0
a 18 8 127 1
a 18 127 53 0
a 18 53 71 0
a 18 71 31 0
a 18 31 208 0
a 18 89 208 1
a 18 208 34 0
a 18 34 70 0
a 18 70 141 0
a 18 22 141 1
a 18 141 44 0
a 18 44 79 0
a 18 79 177 0
a 18 58 177 1
a 18 177 144 0
a 18 25 144 1
a 18 144 136 0
a 18 17 136 1
a 18 136 28 0
a 18 28 40 0
a 18 40 120 0
a 18 1 120 1
a 18 120 60 0
a 18 60 156 0
a 18 37 156 1
a 18 156 203 0
a 18 84 203 1
a 18 203 24 0
a 18 24 46 0
a 18 46 197 0
a 18 78 197 1
a 18 197 153 0
a 18 34 153 1
a 18 153 189 0
a 18 70 189 1
a 18 189 85 0
a 18 85 172 0
a 18 53 172 1
a 18 172 190 0
a 18 71 190 1
a 18 190 159 0
a 18 40 159 1
a 18 159 198 0
a 18 79 198 1
a 18 198 147 0
a 18 28 147 1
a 18 147 95 0
a 18 95 106 0
a 18 106 104 0
a 18 104 165 0
a 18 46 165 1
a 18 165 143 0
a 18 24 143 1
a 18 143 66 0
a 18 66 100 0
a 18 100 101 0
a 18 101 57 0
a 18 57 182 0
a 18 63 182 1
a 18 182 209 0
a 18 90 209 1
a 18 209 150 0
a 18 31 150 1
a 18 150 41 0
a 18 41 163 0
a 18 44 163 1
a 18 163 65 0
a 18 65 109 0
a 18 109 169 0
a 18 50 169 1
a 18 169 113 0
a 18 113 179 0
a 18 60 179 1
a 18 179 99 0
a 18 99 54 0
a 18 54 62 0
a 18 62 108 0
a 18 108 115 0
a 18 115 73 0
a 18 73 80 0
a 18 80 184 0
a 18 65 184 1
a 18 184 199 0
a 18 80 199 1
a 18 199 214 0
a 18 95 214 1
a 18 214 223 0
a 18 104 223 1
a 18 223 176 0
a 18 57 176 1
a 18 176 228 0
a 18 109 228 1
a 18 228 232 0
a 18 113 232 1
a 18 232 219 0
a 18 100 219 1
a 18 219 173 0
a 18 54 173 1
a 18 173 185 0
a 18 66 185 1
a 18 185 227 0
a 18 108 227 1
a 18 227 181 0
a 18 62 181 1
a 18 181 220 0
a 18 101 220 1
a 18 220 218 0
a 18 99 218 1
a 18 218 234 0
a 18 115 234 1
a 18 234 192 0
a 18 73 192 1
a 18 192 160 0
a 18 41 160 1
a 18 160 204 0
a 18 85 204 1
a 18 204 225 0
a 18 106 225 1
a 18 225 239 0
a 19 238 4 0
a 19 4 14 0
a 19 14 84 0
a 19 84 20 0
a 19 20 35 0
a 19 35 16 0
a 19 16 25 0
a 19 25 21 0
a 19 21 22 0
a 19 22 15 0
a 19 15 29 0
a 19 29 12 0
a 19 12 39 0
a 19 39 123 0
a 19 4 123 1
a 19 123 139 0
a 19 20 139 1
a 19 139 133 0
a 19 14 133 1
a 19 133 71 0
a 19 71 148 0
a 19 29 148 1
a 19 148 111 0
a 19 111 135 0
a 19 16 135 1
a 19 135 141 0
a 19 22 141 1
a 19 141 44 0
a 19 44 134 0
a 19 15 134 1
a 19 134 36 0
a 19 36 144 0
a 19 25 144 1
a 19 144 59 0
a 19 59 140 0
a 19 21 140 1
a 19 140 154 0
a 19 35 154 1
a 19 154 60 0
a 19 60 203 0
a 19 84 203 1
a 19 203 24 0
a 19 24 96 0
a 19 96 114 0
a 19 114 43 0
a 19 43 23 0
a 19 23 55 0
a 19 55 131 0
a 19 12 131 1
a 19 131 158 0
a 19 39 158 1
a 19 158 230 0
a 19 111 230 1
a 19 230 155 0
a 19 36 155 1
a 19 155 190 0
a 19 71 190 1
a 19 190 82 0
a 19 82 106 0
a 19 106 64 0
a 19 64 117 0
a 19 117 98 0
a 19 98 104 0
a 19 104 143 0
a 19 24 143 1
a 19 143 178 0
a 19 59 178 1
a 19 178 86 0
a 19 86 41 0
a 19 41 174 0
a 19 55 174 1
a 19 174 142 0
a 19 23 142 1
a 19 142 163 0
a 19 44 163 1
a 19 163 162 0
a 19 43 162 1
a 19 162 112 0
a 19 112 179 0
a 19 60 179 1
a 19 179 83 0
a 19 83 105 0
a 19 105 54 0
a 19 54 88 0
a 19 88 215 0
a 19 96 215 1
a 19 215 92 0
a 19 92 233 0
a 19 114 233 1
a 19 233 61 0
a 19 61 183 0
a 19 64 183 1
a 19 183 223 0
a 19 104 223 1
a 19 223 180 0
a 19 61 180 1
a 19 180 202 0
a 19 83 202 1
a 19 202 217 0
a 19 98 217 1
a 19 217 173 0
a 19 54 173 1
a 19 173 201 0
a 19 82 201 1
a 19 201 207 0
a 19 88 207 1
a 19 207 205 0
a 19 86 205 1
a 19 205 211 0
a 19 92 211 1
a 19 211 236 0
a 19 117 236 1
a 19 236 160 0
a 19 41 160 1
a 19 160 224 0
a 19 105 224 1
a 19 224 231 0
a 19 112 231 1
a 19 231 225 0
a 19 106 225 1
a 19 225 239 0
a 20 238 18 0
a 20 18 78 0
a 20 78 4 0
a 20 4 5 0
a 20 5 14 0
a 20 14 20 0
a 20 20 2 0
a 20 2 9 0
a 20 9 42 0
a 20 42 77 0
a 20 77 25 0
a 20 25 0 0
a 20 0 10 0
a 20 10 32 0
a 20 32 128 0
a 20 9 128 1
a 20 128 196 0
a 20 77 196 1
a 20 196 161 0
a 20 42 161 1
a 20 161 121 0
a 20 2 121 1
a 20 121 97 0
a 20 97 123 0
a 20 4 123 1
a 20 123 139 0
a 20 20 139 1
a 20 139 133 0
a 20 14 133 1
a 20 133 53 0
a 20 53 119 0
a 20 0 119 1
a 20 119 31 0
a 20 31 94 0
a 20 94 49 0
a 20 49 137 0
a 20 18 137 1
a 20 137 151 0
a 20 32 151 1
a 20 151 68 0
a 20 68 67 0
a 20 67 124 0
a 20 5 124 1
a 20 124 70 0
a 20 70 129 0
a 20 10 129 1
a 20 129 36 0
a 20 36 144 0
a 20 25 144 1
a 20 144 46 0
a 20 46 96 0
a 20 96 197 0
a 20 78 197 1
a 20 197 52 0
a 20 52 114 0
a 20 114 27 0
a 20 27 23 0
a 20 23 55 0
a 20 55 72 0
a 20 72 216 0
a 20 97 216 1
a 20 216 189 0
a 20 70 189 1
a 20 189 168 0
a 20 49 168 1
a 20 168 155 0
a 20 36 155 1
a 20 155 172 0
a 20 53 172 1
a 20 172 110 0
a 20 110 186 0
a 20 67 186 1
a 20 186 82 0
a 20 82 187 0
a 20 68 187 1
a 20 187 117 0
a 20 117 165 0
a 20 46 165 1
a 20 165 66 0
a 20 66 101 0
a 20 101 100 0
a 20 100 57 0
a 20 57 146 0
a 20 27 146 1
a 20 146 150 0
a 20 31 150 1
a 20 150 171 0
a 20 52 171 1
a 20 171 174 0
a 20 55 174 1
a 20 174 142 0
a 20 23 142 1
a 20 142 109 0
a 20 109 113 0
a 20 113 213 0
a 20 94 213 1
a 20 213 105 0
a 20 105 99 0
a 20 99 191 0
a 20 72 191 1
a 20 191 215 0
a 20 96 215 1
a 20 215 108 0
a 20 108 233 0
a 20 114 233 1
a 20 233 61 0
a 20 61 180 0
a 20 61 240 1
a 20 240 180 0
a 20 180 176 0
a 20 57 176 1
a 20 176 228 0
a 20 109 228 1
a 20 228 232 0
a 20 113 232 1
a 20 232 219 0
a 20 100 219 1
a 20 219 201 0
a 20 82 201 1
a 20 201 185 0
a 20 66 185 1
a 20 185 227 0
a 20 108 227 1
a 20 227 220 0
a 20 101 220 1
a 20 220 218 0
a 20 99 218 1
a 20 218 236 0
a 20 117 236 1
a 20 236 224 0
a 20 105 224 1
a 20 224 229 0
a 20 110 229 1
a 20 229 239 0
a 21 238 4 0
a 21 4 5 0
a 21 5 20 0
a 21 20 47 0
a 21 47 51 0
a 21 51 3 0
a 21 3 74 0
a 21 74 16 0
a 21 16 0 0
a 21 0 21 0
a 21 21 13 0
a 21 13 22 0
a 21 22 15 0
a 21 15 32 0
a 21 32 39 0
a 21 39 63 0
a 21 63 123 0
a 21 4 123 1
a 21 123 139 0
a 21 20 139 1
a 21 139 166 0
a 21 47 166 1
a 21 166 71 0
a 21 71 193 0
a 21 74 193 1
a 21 193 132 0
a 21 13 132 1
a 21 132 119 0
a 21 0 119 1
a 21 119 111 0
a 21 111 31 0
a 21 31 135 0
a 21 16 135 1
a 21 135 49 0
a 21 49 151 0
a 21 32 151 1
a 21 151 33 0
a 21 33 93 0
a 21 93 124 0
a 21 5 124 1
a 21 124 170 0
a 21 51 170 1
a 21 170 141 0
a 21 22 141 1
a 21 141 134 0
a 21 15 134 1
a 21 134 140 0
a 21 21 140 1
a 21 140 28 0
a 21 28 122 0
a 21 3 122 1
a 21 122 72 0
a 21 72 107 0
a 21 107 158 0
a 21 39 158 1
a 21 158 230 0
a 21 111 230 1
a 21 230 168 0
a 21 49 168 1
a 21 168 190 0
a 21 71 190 1
a 21 190 152 0
a 21 33 152 1
a 21 152 147 0
a 21 28 147 1
a 21 147 95 0
a 21 95 45 0
a 21 45 86 0
a 21 86 101 0
a 21 101 182 0
a 21 63 182 1
a 21 182 150 0
a 21 31 150 1
a 21 150 65 0
a 21 65 81 0
a 21 81 212 0
a 21 93 212 1
a 21 212 113 0
a 21 113 105 0
a 21 105 54 0
a 21 54 88 0
a 21 88 191 0
a 21 72 191 1
a 21 191 62 0
a 21 62 108 0
a 21 108 87 0
a 21 87 226 0
a 21 107 226 1
a 21 226 184 0
a 21 65 184 1
a 21 184 164 0
a 21 45 164 1
a 21 164 214 0
a 21 95 214 1
a 21 214 232 0
a 21 113 232 1
a 21 232 200 0
a 21 81 200 1
a 21 200 173 0
a 21 54 173 1
a 21 173 227 0
a 21 108 227 1
a 21 227 181 0
a 21 62 181 1
a 21 181 207 0
a 21 88 207 1
a 21 207 220 0
a 21 101 220 1
a 21 220 205 0
a 21 86 205 1
a 21 205 206 0
a 21 87 206 1
a 21 206 224 0
a 21 105 224 1
a 21 224 239 0
a 22 238 5 0
a 22 5 26 0
a 22 26 20 0
a 22 20 35 0
a 22 35 74 0
a 22 74 11 0
a 22 11 21 0
a 22 21 89 0
a 22 89 13 0
a 22 13 1 0
a 22 1 6 0
a 22 6 91 0
a 22 91 15 0
a 22 15 37 0
a 22 37 29 0
a 22 29 32 0
a 22 32 130 0
a 22 11 130 1
a 22 130 145 0
a 22 26 145 1
a 22 145 139 0
a 22 20 139 1
a 22 139 50 0
a 22 50 71 0
a 22 71 193 0
a 22 74 193 1
a 22 193 132 0
a 22 13 132 1
a 22 132 148 0
a 22 29 148 1
a 22 148 208 0
a 22 89 208 1
a 22 208 125 0
a 22 6 125 1
a 22 125 210 0
a 22 91 210 1
a 22 210 151 0
a 22 32 151 1
a 22 151 93 0
a 22 93 68 0
a 22 68 67 0
a 22 67 124 0
a 22 5 124 1
a 22 124 70 0
a 22 70 56 0
a 22 56 44 0
a 22 44 79 0
a 22 79 134 0
a 22 15 134 1
a 22 134 140 0
a 22 21 140 1
a 22 140 48 0
a 22 48 120 0
a 22 1 120 1
a 22 120 154 0
a 22 35 154 1
a 22 154 156 0
a 22 37 156 1
a 22 156 24 0
a 22 24 46 0
a 22 46 69 0
a 22 69 107 0
a 22 107 189 0
a 22 70 189 1
a 22 189 118 0
a 22 118 167 0
a 22 48 167 1
a 22 167 190 0
a 22 71 190 1
a 22 190 198 0
a 22 79 198 1
a 22 198 186 0
a 22 67 186 1
a 22 186 187 0
a 22 68 187 1
a 22 187 98 0
a 22 98 104 0
a 22 104 165 0
a 22 46 165 1
a 22 165 38 0
a 22 38 143 0
a 22 24 143 1
a 22 143 86 0
a 22 86 101 0
a 22 101 57 0
a 22 57 163 0
a 22 44 163 1
a 22 163 169 0
a 22 50 169 1
a 22 169 212 0
a 22 93 212 1
a 22 212 113 0
a 22 113 83 0
a 22 83 105 0
a 22 105 62 0
a 22 62 92 0
a 22 92 175 0
a 22 56 175 1
a 22 175 188 0
a 22 69 188 1
a 22 188 102 0
a 22 102 226 0
a 22 107 226 1
a 22 226 237 0
a 22 118 237 1
a 22 237 157 0
a 22 38 157 1
a 22 157 221 0
a 22 102 221 1
a 22 221 223 0
a 22 104 223 1
a 22 223 202 0
a 22 83 202 1
a 22 202 217 0
a 22 98 217 1
a 22 217 176 0
a 22 57 176 1
a 22 176 232 0
a 22 113 232 1
a 22 232 181 0
a 22 62 181 1
a 22 181 220 0
a 22 101 220 1
a 22 220 205 0
a 22 86 205 1
a 22 205 211 0
a 22 92 211 1
a 22 211 224 0
a 22 105 224 1
a 22 224 239 0
a 23 238 30 0
a 23 30 8 0
a 23 8 2 0
a 23 2 77 0
a 23 77 74 0
a 23 74 89 0
a 23 89 13 0
a 23 13 91 0
a 23 91 15 0
a 23 15 17 0
a 23 17 37 0
a 23 37 29 0
a 23 29 32 0
a 23 32 149 0
a 23 30 149 1
a 23 149 196 0
a 23 77 196 1
a 23 196 121 0
a 23 2 121 1
a 23 121 90 0
a 23 90 127 0
a 23 8 127 1
a 23 127 53 0
a 23 53 193 0
a 23 74 193 1
a 23 193 132 0
a 23 13 132 1
a 23 132 103 0
a 23 103 148 0
a 23 29 148 1
a 23 148 208 0
a 23 89 208 1
a 23 208 210 0
a 23 91 210 1
a 23 210 151 0
a 23 32 151 1
a 23 151 68 0
a 23 68 67 0
a 23 67 70 0
a 23 70 134 0
a 23 15 134 1
a 23 134 36 0
a 23 36 136 0
a 23 17 136 1
a 23 136 40 0
a 23 40 156 0
a 23 37 156 1
a 23 156 46 0
a 23 46 96 0
a 23 96 114 0
a 23 114 43 0
a 23 43 189 0
a 23 70 189 1
a 23 189 155 0
a 23 36 155 1
a 23 155 172 0
a 23 53 172 1
a 23 172 222 0
a 23 103 222 1
a 23 222 159 0
a 23 40 159 1
a 23 159 186 0
a 23 67 186 1
a 23 186 187 0
a 23 68 187 1
a 23 187 104 0
a 23 104 165 0
a 23 46 165 1
a 23 165 38 0
a 23 38 86 0
a 23 86 101 0
a 23 101 209 0
a 23 90 209 1
a 23 209 109 0
a 23 109 162 0
a 23 43 162 1
a 23 162 81 0
a 23 81 113 0
a 23 113 112 0
a 23 112 62 0
a 23 62 215 0
a 23 96 215 1
a 23 215 233 0
a 23 114 233 1
a 23 233 157 0
a 23 38 157 1
a 23 157 223 0
a 23 104 223 1
a 23 223 228 0
a 23 109 228 1
a 23 228 232 0
a 23 113 232 1
a 23 232 200 0
a 23 81 200 1
a 23 200 181 0
a 23 62 181 1
a 23 181 220 0
a 23 101 220 1
a 23 220 205 0
a 23 86 205 1
a 23 205 231 0
a 23 112 231 1
a 23 231 239 0
a 24 238 78 0
a 24 78 4 0
a 24 4 20 0
a 24 20 42 0
a 24 42 16 0
a 24 16 25 0
a 24 25 0 0
a 24 0 89 0
a 24 89 22 0
a 24 22 17 0
a 24 17 29 0
a 24 29 39 0
a 24 39 161 0
a 24 42 161 1
a 24 161 123 0
a 24 4 123 1
a 24 123 139 0
a 24 20 139 1
a 24 139 50 0
a 24 50 103 0
a 24 103 148 0
a 24 29 148 1
a 24 148 119 0
a 24 0 119 1
a 24 119 111 0
a 24 111 208 0
a 24 89 208 1
a 24 208 135 0
a 24 16 135 1
a 24 135 33 0
a 24 33 68 0
a 24 68 141 0
a 24 22 141 1
a 24 141 44 0
a 24 44 144 0
a 24 25 144 1
a 24 144 136 0
a 24 17 136 1
a 24 136 59 0
a 24 59 48 0
a 24 48 40 0
a 24 40 46 0
a 24 46 96 0
a 24 96 197 0
a 24 78 197 1
a 24 197 114 0
a 24 114 27 0
a 24 27 55 0
a 24 55 69 0
a 24 69 158 0
a 24 39 158 1
a 24 158 230 0
a 24 111 230 1
a 24 230 118 0
a 24 118 167 0
a 24 48 167 1
a 24 167 152 0
a 24 33 152 1
a 24 152 222 0
a 24 103 222 1
a 24 222 159 0
a 24 40 159 1
a 24 159 82 0
a 24 82 116 0
a 24 116 187 0
a 24 68 187 1
a 24 187 165 0
a 24 46 165 1
a 24 165 45 0
a 24 45 178 0
a 24 59 178 1
a 24 178 66 0
a 24 66 100 0
a 24 100 146 0
a 24 27 146 1
a 24 146 76 0
a 24 76 174 0
a 24 55 174 1
a 24 174 163 0
a 24 44 163 1
a 24 163 169 0
a 24 50 169 1
a 24 169 81 0
a 24 81 113 0
a 24 113 54 0
a 24 54 62 0
a 24 62 215 0
a 24 96 215 1
a 24 215 92 0
a 24 92 233 0
a 24 114 233 1
a 24 233 188 0
a 24 69 188 1
a 24 188 115 0
a 24 115 195 0
a 24 76 195 1
a 24 195 235 0
a 24 116 235 1
a 24 235 237 0
a 24 118 237 1
a 24 237 164 0
a 24 45 164 1
a 24 164 232 0
a 24 113 232 1
a 24 232 200 0
a 24 81 200 1
a 24 200 219 0
a 24 100 219 1
a 24 219 173 0
a 24 54 173 1
a 24 173 201 0
a 24 82 201 1
a 24 201 185 0
a 24 66 185 1
a 24 185 181 0
a 24 62 181 1
a 24 181 211 0
a 24 92 211 1
a 24 211 234 0
a 24 115 234 1
a 24 234 239 0
a 25 238 78 0
a 25 78 4 0
a 25 4 14 0
a 25 14 26 0
a 25 26 20 0
a 25 20 8 0
a 25 8 47 0
a 25 47 2 0
a 25 2 25 0
a 25 25 11 0
a 25 11 22 0
a 25 22 91 0
a 25 91 32 0
a 25 32 12 0
a 25 12 130 0
a 25 11 130 1
a 25 130 39 0
a 25 39 145 0
a 25 26 145 1
a 25 145 121 0
a 25 2 121 1
a 25 121 123 0
a 25 4 123 1
a 25 123 139 0
a 25 20 139 1
a 25 139 133 0
a 25 14 133 1
a 25 133 166 0
a 25 47 166 1
a 25 166 127 0
a 25 8 127 1
a 25 127 49 0
a 25 49 210 0
a 25 91 210 1
a 25 210 151 0
a 25 32 151 1
a 25 151 93 0
a 25 93 56 0
a 25 56 141 0
a 25 22 141 1
a 25 141 44 0
a 25 44 79 0
a 25 79 144 0
a 25 25 144 1
a 25 144 40 0
a 25 40 60 0
a 25 60 24 0
a 25 24 197 0
a 25 78 197 1
a 25 197 75 0
a 25 75 52 0
a 25 52 114 0
a 25 114 131 0
a 25 12 131 1
a 25 131 107 0
a 25 107 158 0
a 25 39 158 1
a 25 158 168 0
a 25 49 168 1
a 25 168 110 0
a 25 110 159 0
a 25 40 159 1
a 25 159 198 0
a 25 79 198 1
a 25 198 82 0
a 25 82 116 0
a 25 116 64 0
a 25 64 38 0
a 25 38 143 0
a 25 24 143 1
a 25 143 57 0
a 25 57 76 0
a 25 76 171 0
a 25 52 171 1
a 25 171 163 0
a 25 44 163 1
a 25 163 65 0
a 25 65 212 0
a 25 93 212 1
a 25 212 113 0
a 25 113 179 0
a 25 60 179 1
a 25 179 83 0
a 25 83 99 0
a 25 99 54 0
a 25 54 62 0
a 25 62 108 0
a 25 108 233 0
a 25 114 233 1
a 25 233 175 0
a 25 56 175 1
a 25 175 194 0
a 25 75 194 1
a 25 194 115 0
a 25 115 73 0
a 25 73 102 0
a 25 102 61 0
a 25 61 226 0
a 25 107 226 1
a 25 226 195 0
a 25 76 195 1
a 25 195 235 0
a 25 116 235 1
a 25 235 157 0
a 25 38 157 1
a 25 157 184 0
a 25 65 184 1
a 25 184 221 0
a 25 102 221 1
a 25 221 183 0
a 25 64 183 1
a 25 183 180 0
a 25 61 180 1
a 25 180 202 0
a 25 83 202 1
a 25 202 176 0
a 25 57 176 1
a 25 176 232 0
a 25 113 232 1
a 25 232 173 0
a 25 54 173 1
a 25 173 201 0
a 25 82 201 1
a 25 201 227 0
a 25 108 227 1
a 25 227 181 0
a 25 62 181 1
a 25 181 218 0
a 25 99 218 1
a 25 218 234 0
a 25 115 234 1
a 25 234 192 0
a 25 73 192 1
a 25 192 229 0
a 25 110 229 1
a 25 229 239 0
a 26 238 18 0
a 26 18 5 0
a 26 5 30 0
a 26 30 26 0
a 26 26 20 0
a 26 20 47 0
a 26 47 35 0
a 26 35 9 0
a 26 9 42 0
a 26 42 16 0
a 26 16 22 0
a 26 22 19 0
a 26 19 12 0
a 26 12 149 0
a 26 30 149 1
a 26 149 128 0
a 26 9 128 1
a 26 128 39 0
a 26 39 145 0
a 26 26 145 1
a 26 145 161 0
a 26 42 161 1
a 26 161 139 0
a 26 20 139 1
a 26 139 166 0
a 26 47 166 1
a 26 166 71 0
a 26 71 135 0
a 26 16 135 1
a 26 135 34 0
a 26 34 49 0
a 26 49 137 0
a 26 18 137 1
a 26 137 68 0
a 26 68 124 0
a 26 5 124 1
a 26 124 141 0
a 26 22 141 1
a 26 141 138 0
a 26 19 138 1
a 26 138 59 0
a 26 59 154 0
a 26 35 154 1
a 26 154 24 0
a 26 24 52 0
a 26 52 114 0
a 26 114 43 0
a 26 43 131 0
a 26 12 131 1
a 26 131 158 0
a 26 39 158 1
a 26 158 153 0
a 26 34 153 1
a 26 153 85 0
a 26 85 168 0
a 26 49 168 1
a 26 168 118 0
a 26 118 190 0
a 26 71 190 1
a 26 190 82 0
a 26 82 187 0
a 26 68 187 1
a 26 187 143 0
a 26 24 143 1
a 26 143 178 0
a 26 59 178 1
a 26 178 66 0
a 26 66 86 0
a 26 86 101 0
a 26 101 57 0
a 26 57 76 0
a 26 76 41 0
a 26 41 171 0
a 26 52 171 1
a 26 171 162 0
a 26 43 162 1
a 26 162 81 0
a 26 81 113 0
a 26 113 83 0
a 26 83 92 0
a 26 92 233 0
a 26 114 233 1
a 26 233 73 0
a 26 73 195 0
a 26 76 195 1
a 26 195 237 0
a 26 118 237 1
a 26 237 202 0
a 26 83 202 1
a 26 202 176 0
a 26 57 176 1
a 26 176 232 0
a 26 113 232 1
a 26 232 200 0
a 26 81 200 1
a 26 200 201 0
a 26 82 201 1
a 26 201 185 0
a 26 66 185 1
a 26 185 220 0
a 26 101 220 1
a 26 220 205 0
a 26 86 205 1
a 26 205 211 0
a 26 92 211 1
a 26 211 192 0
a 26 73 192 1
a 26 192 160 0
a 26 41 160 1
a 26 160 204 0
a 26 85 204 1
a 26 204 239 0
a 27 238 7 0
a 27 7 78 0
a 27 78 5 0
a 27 5 26 0
a 27 26 8 0
a 27 8 3 0
a 27 3 16 0
a 27 16 25 0
a 27 25 6 0
a 27 6 15 0
a 27 15 37 0
a 27 37 19 0
a 27 19 32 0
a 27 32 39 0
a 27 39 145 0
a 27 26 145 1
a 27 145 97 0
a 27 97 63 0
a 27 63 127 0
a 27 8 127 1
a 27 127 71 0
a 27 71 103 0
a 27 103 125 0
a 27 6 125 1
a 27 125 135 0
a 27 16 135 1
a 27 135 34 0
a 27 34 151 0
a 27 32 151 1
a 27 151 93 0
a 27 93 68 0
a 27 68 124 0
a 27 5 124 1
a 27 124 70 0
a 27 70 56 0
a 27 56 44 0
a 27 44 134 0
a 27 15 134 1
a 27 134 138 0
a 27 19 138 1
a 27 138 36 0
a 27 36 144 0
a 27 25 144 1
a 27 144 28 0
a 27 28 48 0
a 27 48 122 0
a 27 3 122 1
a 27 122 126 0
a 27 7 126 1
a 27 126 156 0
a 27 37 156 1
a 27 156 197 0
a 27 78 197 1
a 27 197 75 0
a 27 75 43 0
a 27 43 55 0
a 27 55 158 0
a 27 39 158 1
a 27 158 216 0
a 27 97 216 1
a 27 216 153 0
a 27 34 153 1
a 27 153 189 0
a 27 70 189 1
a 27 189 155 0
a 27 36 155 1
a 27 155 167 0
a 27 48 167 1
a 27 167 190 0
a 27 71 190 1
a 27 190 222 0
a 27 103 222 1
a 27 222 110 0
a 27 110 82 0
a 27 82 147 0
a 27 28 147 1
a 27 147 187 0
a 27 68 187 1
a 27 187 64 0
a 27 64 104 0
a 27 104 38 0
a 27 38 66 0
a 27 66 86 0
a 27 86 57 0
a 27 57 182 0
a 27 63 182 1
a 27 182 76 0
a 27 76 174 0
a 27 55 174 1
a 27 174 163 0
a 27 44 163 1
a 27 163 109 0
a 27 109 162 0
a 27 43 162 1
a 27 162 81 0
a 27 81 212 0
a 27 93 212 1
a 27 212 105 0
a 27 105 175 0
a 27 56 175 1
a 27 175 194 0
a 27 75 194 1
a 27 194 73 0
a 27 73 102 0
a 27 102 195 0
a 27 76 195 1
a 27 195 157 0
a 27 38 157 1
a 27 157 221 0
a 27 102 221 1
a 27 221 183 0
a 27 64 183 1
a 27 183 223 0
a 27 104 223 1
a 27 223 176 0
a 27 57 176 1
a 27 176 228 0
a 27 109 228 1
a 27 228 200 0
a 27 81 200 1
a 27 200 201 0
a 27 82 201 1
a 27 201 185 0
a 27 66 185 1
a 27 185 205 0
a 27 86 205 1
a 27 205 192 0
a 27 73 192 1
a 27 192 224 0
a 27 105 224 1
a 27 224 229 0
a 27 110 229 1
a 27 229 239 0
a 28 238 7 0
a 28 7 84 0
a 28 84 42 0
a 28 42 77 0
a 28 77 3 0
a 28 3 74 0
a 28 74 25 0
a 28 25 89 0
a 28 89 13 0
a 28 13 1 0
a 28 1 6 0
a 28 6 10 0
a 28 10 17 0
a 28 17 29 0
a 28 29 196 0
a 28 77 196 1
a 28 196 39 0
a 28 39 161 0
a 28 42 161 1
a 28 161 50 0
a 28 50 90 0
a 28 90 53 0
a 28 53 193 0
a 28 74 193 1
a 28 193 132 0
a 28 13 132 1
a 28 132 103 0
a 28 103 148 0
a 28 29 148 1
a 28 148 208 0
a 28 89 208 1
a 28 208 125 0
a 28 6 125 1
a 28 125 94 0
a 28 94 129 0
a 28 10 129 1
a 28 129 56 0
a 28 56 79 0
a 28 79 144 0
a 28 25 144 1
a 28 144 136 0
a 28 17 136 1
a 28 136 122 0
a 28 3 122 1
a 28 122 40 0
a 28 40 120 0
a 28 1 120 1
a 28 120 126 0
a 28 7 126 1
a 28 126 60 0
a 28 60 203 0
a 28 84 203 1
a 28 203 52 0
a 28 52 27 0
a 28 27 23 0
a 28 23 107 0
a 28 107 158 0
a 28 39 158 1
a 28 158 172 0
a 28 53 172 1
a 28 172 222 0
a 28 103 222 1
a 28 222 110 0
a 28 110 159 0
a 28 40 159 1
a 28 159 198 0
a 28 79 198 1
a 28 198 117 0
a 28 117 101 0
a 28 101 146 0
a 28 27 146 1
a 28 146 209 0
a 28 90 209 1
a 28 209 171 0
a 28 52 171 1
a 28 171 142 0
a 28 23 142 1
a 28 142 65 0
a 28 65 169 0
a 28 50 169 1
a 28 169 113 0
a 28 113 112 0
a 28 112 179 0
a 28 60 179 1
a 28 179 213 0
a 28 94 213 1
a 28 213 99 0
a 28 99 175 0
a 28 56 175 1
a 28 175 115 0
a 28 115 73 0
a 28 73 87 0
a 28 87 61 0
a 28 61 80 0
a 28 80 226 0
a 28 107 226 1
a 28 226 184 0
a 28 65 184 1
a 28 184 199 0
a 28 80 199 1
a 28 199 180 0
a 28 61 180 1
a 28 180 232 0
a 28 113 232 1
a 28 232 220 0
a 28 101 220 1
a 28 220 218 0
a 28 99 218 1
a 28 218 206 0
a 28 87 206 1
a 28 206 234 0
a 28 115 234 1
a 28 234 236 0
a 28 117 236 1
a 28 236 192 0
a 28 73 192 1
a 28 192 231 0
a 28 112 231 1
a 28 231 229 0
a 28 110 229 1
a 28 229 239 0
a 29 238 18 0
a 29 18 78 0
a 29 78 4 0
a 29 4 26 0
a 29 26 42 0
a 29 42 74 0
a 29 74 0 0
a 29 0 11 0
a 29 11 21 0
a 29 21 13 0
a 29 13 1 0
a 29 1 6 0
a 29 6 10 0
a 29 10 17 0
a 29 17 29 0
a 29 29 19 0
a 29 19 32 0
a 29 32 130 0
a 29 11 130 1
a 29 130 145 0
a 29 26 145 1
a 29 145 161 0
a 29 42 161 1
a 29 161 97 0
a 29 97 63 0
a 29 63 123 0
a 29 4 123 1
a 29 123 50 0
a 29 50 90 0
a 29 90 53 0
a 29 53 193 0
a 29 74 193 1
a 29 193 132 0
a 29 13 132 1
a 29 132 103 0
a 29 103 148 0
a 29 29 148 1
a 29 148 119 0
a 29 0 119 1
a 29 119 125 0
a 29 6 125 1
a 29 125 94 0
a 29 94 137 0
a 29 18 137 1
a 29 137 151 0
a 29 32 151 1
a 29 151 68 0
a 29 68 70 0
a 29 70 129 0
a 29 10 129 1
a 29 129 79 0
a 29 79 138 0
a 29 19 138 1
a 29 138 36 0
a 29 36 136 0
a 29 17 136 1
a 29 136 140 0
a 29 21 140 1
a 29 140 40 0
a 29 40 120 0
a 29 1 120 1
a 29 120 60 0
a 29 60 96 0
a 29 96 197 0
a 29 78 197 1
a 29 197 69 0
a 29 69 72 0
a 29 72 107 0
a 29 107 216 0
a 29 97 216 1
a 29 216 189 0
a 29 70 189 1
a 29 189 85 0
a 29 85 155 0
a 29 36 155 1
a 29 155 118 0
a 29 118 172 0
a 29 53 172 1
a 29 172 222 0
a 29 103 222 1
a 29 222 159 0
a 29 40 159 1
a 29 159 198 0
a 29 79 198 1
a 29 198 82 0
a 29 82 187 0
a 29 68 187 1
a 29 187 117 0
a 29 117 104 0
a 29 104 38 0
a 29 38 45 0
a 29 45 66 0
a 29 66 86 0
a 29 86 100 0
a 29 100 101 0
a 29 101 182 0
a 29 63 182 1
a 29 182 209 0
a 29 90 209 1
a 29 209 41 0
a 29 41 65 0
a 29 65 169 0
a 29 50 169 1
a 29 169 113 0
a 29 113 179 0
a 29 60 179 1
a 29 179 213 0
a 29 94 213 1
a 29 213 99 0
a 29 99 88 0
a 29 88 191 0
a 29 72 191 1
a 29 191 215 0
a 29 96 215 1
a 29 215 108 0
a 29 108 188 0
a 29 69 188 1
a 29 188 73 0
a 29 73 102 0
a 29 102 87 0
a 29 87 61 0
a 29 61 226 0
a 29 107 226 1
a 29 226 237 0
a 29 118 237 1
a 29 237 157 0
a 29 38 157 1
a 29 157 184 0
a 29 65 184 1
a 29 184 221 0
a 29 102 221 1
a 29 221 164 0
a 29 45 164 1
a 29 164 223 0
a 29 104 223 1
a 29 223 180 0
a 29 61 180 1
a 29 180 232 0
a 29 113 232 1
a 29 232 219 0
a 29 100 219 1
a 29 219 201 0
a 29 82 201 1
a 29 201 185 0
a 29 66 185 1
a 29 185 227 0
a 29 108 227 1
a 29 227 207 0
a 29 88 207 1
a 29 207 220 0
a 29 101 220 1
a 29 220 205 0
a 29 86 205 1
a 29 205 218 0
a 29 99 218 1
a 29 218 206 0
a 29 87 206 1
a 29 206 236 0
a 29 117 236 1
a 29 236 192 0
a 29 73 192 1
a 29 192 160 0
a 29 41 160 1
a 29 160 204 0
a 29 85 204 1
a 29 204 239 0
a 30 238 78 0
a 30 78 4 0
a 30 4 14 0
a 30 14 2 0
a 30 2 74 0
a 30 74 89 0
a 30 89 13 0
a 30 13 6 0
a 30 6 10 0
a 30 10 37 0
a 30 37 29 0
a 30 29 32 0
a 30 32 39 0
a 30 39 121 0
a 30 2 121 1
a 30 121 97 0
a 30 97 123 0
a 30 4 123 1
a 30 123 133 0
a 30 14 133 1
a 30 133 193 0
a 30 74 193 1
a 30 193 132 0
a 30 13 132 1
a 30 132 103 0
a 30 103 148 0
a 30 29 148 1
a 30 148 208 0
a 30 89 208 1
a 30 208 125 0
a 30 6 125 1
a 30 125 34 0
a 30 34 151 0
a 30 32 151 1
a 30 151 93 0
a 30 93 129 0
a 30 10 129 1
a 30 129 56 0
a 30 56 59 0
a 30 59 40 0
a 30 40 60 0
a 30 60 156 0
a 30 37 156 1
a 30 156 96 0
a 30 96 197 0
a 30 78 197 1
a 30 197 75 0
a 30 75 114 0
a 30 114 23 0
a 30 23 158 0
a 30 39 158 1
a 30 158 216 0
a 30 97 216 1
a 30 216 153 0
a 30 34 153 1
a 30 153 85 0
a 30 85 222 0
a 30 103 222 1
a 30 222 159 0
a 30 40 159 1
a 30 159 64 0
a 30 64 117 0
a 30 117 45 0
a 30 45 178 0
a 30 59 178 1
a 30 178 100 0
a 30 100 57 0
a 30 57 41 0
a 30 41 142 0
a 30 23 142 1
a 30 142 212 0
a 30 93 212 1
a 30 212 113 0
a 30 113 179 0
a 30 60 179 1
a 30 179 99 0
a 30 99 54 0
a 30 54 88 0
a 30 88 215 0
a 30 96 215 1
a 30 215 108 0
a 30 108 233 0
a 30 114 233 1
a 30 233 175 0
a 30 56 175 1
a 30 175 194 0
a 30 75 194 1
a 30 194 115 0
a 30 115 73 0
a 30 73 102 0
a 30 102 61 0
a 30 61 221 0
a 30 102 221 1
a 30 221 183 0
a 30 64 183 1
a 30 183 164 0
a 30 45 164 1
a 30 164 180 0
a 30 61 180 1
a 30 180 176 0
a 30 57 176 1
a 30 176 232 0
a 30 113 232 1
a 30 232 219 0
a 30 100 219 1
a 30 219 173 0
a 30 54 173 1
a 30 173 227 0
a 30 108 227 1
a 30 227 207 0
a 30 88 207 1
a 30 207 218 0
a 30 99 218 1
a 30 218 236 0
a 30 117 236 1
a 30 236 234 0
a 30 115 234 1
a 30 234 192 0
a 30 73 192 1
a 30 192 160 0
a 30 41 160 1
a 30 160 204 0
a 30 85 204 1
a 30 204 239 0
a 31 238 18 0
a 31 18 4 0
a 31 4 5 0
a 31 5 84 0
a 31 84 47 0
a 31 47 2 0
a 31 2 35 0
a 31 35 9 0
a 31 9 3 0
a 31 3 13 0
a 31 13 6 0
a 31 6 15 0
a 31 15 17 0
a 31 17 37 0
a 31 37 29 0
a 31 29 128 0
a 31 9 128 1
a 31 128 121 0
a 31 2 121 1
a 31 121 97 0
a 31 97 123 0
a 31 4 123 1
a 31 123 50 0
a 31 50 166 0
a 31 47 166 1
a 31 166 53 0
a 31 53 132 0
a 31 13 132 1
a 31 132 103 0
a 31 103 148 0
a 31 29 148 1
a 31 148 31 0
a 31 31 125 0
a 31 6 125 1
a 31 125 94 0
a 31 94 34 0
a 31 34 137 0
a 31 18 137 1
a 31 137 124 0
a 31 5 124 1
a 31 124 70 0
a 31 70 134 0
a 31 15 134 1
a 31 134 36 0
a 31 36 136 0
a 31 17 136 1
a 31 136 28 0
a 31 28 48 0
a 31 48 122 0
a 31 3 122 1
a 31 122 154 0
a 31 35 154 1
a 31 154 60 0
a 31 60 156 0
a 31 37 156 1
a 31 156 203 0
a 31 84 203 1
a 31 203 96 0
a 31 96 75 0
a 31 75 52 0
a 31 52 27 0
a 31 27 23 0
a 31 23 72 0
a 31 72 216 0
a 31 97 216 1
a 31 216 153 0
a 31 34 153 1
a 31 153 189 0
a 31 70 189 1
a 31 189 155 0
a 31 36 155 1
a 31 155 167 0
a 31 48 167 1
a 31 167 172 0
a 31 53 172 1
a 31 172 222 0
a 31 103 222 1
a 31 222 110 0
a 31 110 147 0
a 31 28 147 1
a 31 147 95 0
a 31 95 117 0
a 31 117 98 0
a 31 98 101 0
a 31 101 146 0
a 31 27 146 1
a 31 146 150 0
a 31 31 150 1
a 31 150 171 0
a 31 52 171 1
a 31 171 142 0
a 31 23 142 1
a 31 142 65 0
a 31 65 109 0
a 31 109 169 0
a 31 50 169 1
a 31 169 112 0
a 31 112 213 0
a 31 94 213 1
a 31 213 179 0
a 31 60 179 1
a 31 179 105 0
a 31 105 191 0
a 31 72 191 1
a 31 191 62 0
a 31 62 215 0
a 31 96 215 1
a 31 215 108 0
a 31 108 194 0
a 31 75 194 1
a 31 194 102 0
a 31 102 87 0
a 31 87 184 0
a 31 65 184 1
a 31 184 221 0
a 31 102 221 1
a 31 221 214 0
a 31 95 214 1
a 31 214 217 0
a 31 98 217 1
a 31 217 228 0
a 31 109 228 1
a 31 228 227 0
a 31 108 227 1
a 31 227 181 0
a 31 62 181 1
a 31 181 220 0
a 31 101 220 1
a 31 220 206 0
a 31 87 206 1
a 31 206 236 0
a 31 117 236 1
a 31 236 224 0
a 31 105 224 1
a 31 224 231 0
a 31 112 231 1
a 31 231 229 0
a 31 110 229 1
a 31 229 239 0
a 32 238 7 0
a 32 7 78 0
a 32 78 4 0
a 32 4 5 0
a 32 5 84 0
a 32 84 47 0
a 32 47 2 0
a 32 2 35 0
a 32 35 58 0
a 32 58 74 0
a 32 74 25 0
a 32 25 11 0
a 32 11 21 0
a 32 21 22 0
a 32 22 91 0
a 32 91 130 0
a 32 11 130 1
a 32 130 121 0
a 32 2 121 1
a 32 121 63 0
a 32 63 123 0
a 32 4 123 1
a 32 123 166 0
a 32 47 166 1
a 32 166 90 0
a 32 90 71 0
a 32 71 193 0
a 32 74 193 1
a 32 193 31 0
a 32 31 34 0
a 32 34 210 0
a 32 91 210 1
a 32 210 33 0
a 32 33 67 0
a 32 67 124 0
a 32 5 124 1
a 32 124 56 0
a 32 56 141 0
a 32 22 141 1
a 32 141 36 0
a 32 36 177 0
a 32 58 177 1
a 32 177 144 0
a 32 25 144 1
a 32 144 140 0
a 32 21 140 1
a 32 140 28 0
a 32 28 126 0
a 32 7 126 1
a 32 126 154 0
a 32 35 154 1
a 32 154 203 0
a 32 84 203 1
a 32 203 96 0
a 32 96 197 0
a 32 78 197 1
a 32 197 114 0
a 32 114 52 0
a 32 52 43 0
a 32 43 107 0
a 32 107 153 0
a 32 34 153 1
a 32 153 85 0
a 32 85 155 0
a 32 36 155 1
a 32 155 118 0
a 32 118 190 0
a 32 71 190 1
a 32 190 152 0
a 32 33 152 1
a 32 152 186 0
a 32 67 186 1
a 32 186 147 0
a 32 28 147 1
a 32 147 95 0
a 32 95 106 0
a 32 106 98 0
a 32 98 38 0
a 32 38 45 0
a 32 45 66 0
a 32 66 100 0
a 32 100 101 0
a 32 101 57 0
a 32 57 182 0
a 32 63 182 1
a 32 182 209 0
a 32 90 209 1
a 32 209 150 0
a 32 31 150 1
a 32 150 171 0
a 32 52 171 1
a 32 171 109 0
a 32 109 162 0
a 32 43 162 1
a 32 162 112 0
a 32 112 83 0
a 32 83 99 0
a 32 99 215 0
a 32 96 215 1
a 32 215 108 0
a 32 108 233 0
a 32 114 233 1
a 32 233 175 0
a 32 56 175 1
a 32 175 115 0
a 32 115 87 0
a 32 87 80 0
a 32 80 226 0
a 32 107 226 1
a 32 226 237 0
a 32 118 237 1
a 32 237 157 0
a 32 38 157 1
a 32 157 199 0
a 32 80 199 1
a 32 199 164 0
a 32 45 164 1
a 32 164 214 0
a 32 95 214 1
a 32 214 202 0
a 32 83 202 1
a 32 202 217 0
a 32 98 217 1
a 32 217 176 0
a 32 57 176 1
a 32 176 228 0
a 32 109 228 1
a 32 228 219 0
a 32 100 219 1
a 32 219 185 0
a 32 66 185 1
a 32 185 227 0
a 32 108 227 1
a 32 227 220 0
a 32 101 220 1
a 32 220 218 0
a 32 99 218 1
a 32 218 234 0
a 32 115 234 1
a 32 234 206 0
a 32 87 206 1
a 32 206 204 0
a 32 85 204 1
a 32 204 231 0
a 32 112 231 1
a 32 231 225 0
a 32 106 225 1
a 32 225 239 0
a 33 238 7 0
a 33 7 18 0
a 33 18 4 0
a 33 4 84 0
a 33 84 20 0
a 33 20 47 0
a 33 47 35 0
a 33 35 3 0
a 33 3 89 0
a 33 89 6 0
a 33 6 37 0
a 33 37 19 0
a 33 19 12 0
a 33 12 123 0
a 33 4 123 1
a 33 123 139 0
a 33 20 139 1
a 33 139 166 0
a 33 47 166 1
a 33 166 71 0
a 33 71 31 0
a 33 31 208 0
a 33 89 208 1
a 33 208 125 0
a 33 6 125 1
a 33 125 49 0
a 33 49 137 0
a 33 18 137 1
a 33 137 33 0
a 33 33 68 0
a 33 68 67 0
a 33 67 79 0
a 33 79 138 0
a 33 19 138 1
a 33 138 36 0
a 33 36 59 0
a 33 59 122 0
a 33 3 122 1
a 33 122 126 0
a 33 7 126 1
a 33 126 154 0
a 33 35 154 1
a 33 154 156 0
a 33 37 156 1
a 33 156 203 0
a 33 84 203 1
a 33 203 24 0
a 33 24 43 0
a 33 43 131 0
a 33 12 131 1
a 33 131 168 0
a 33 49 168 1
a 33 168 155 0
a 33 36 155 1
a 33 155 190 0
a 33 71 190 1
a 33 190 152 0
a 33 33 152 1
a 33 152 110 0
a 33 110 198 0
a 33 79 198 1
a 33 198 186 0
a 33 67 186 1
a 33 186 187 0
a 33 68 187 1
a 33 187 95 0
a 33 95 106 0
a 33 106 117 0
a 33 117 104 0
a 33 104 143 0
a 33 24 143 1
a 33 143 178 0
a 33 59 178 1
a 33 178 66 0
a 33 66 57 0
a 33 57 150 0
a 33 31 150 1
a 33 150 109 0
a 33 109 162 0
a 33 43 162 1
a 33 162 108 0
a 33 108 214 0
a 33 95 214 1
a 33 214 223 0
a 33 104 223 1
a 33 223 176 0
a 33 57 176 1
a 33 176 228 0
a 33 109 228 1
a 33 228 185 0
a 33 66 185 1
a 33 185 227 0
a 33 108 227 1
a 33 227 236 0
a 33 117 236 1
a 33 236 225 0
a 33 106 225 1
a 33 225 229 0
a 33 110 229 1
a 33 229 239 0
a 34 238 30 0
a 34 30 20 0
a 34 20 8 0
a 34 8 2 0
a 34 2 51 0
a 34 51 58 0
a 34 58 74 0
a 34 74 21 0
a 34 21 6 0
a 34 6 15 0
a 34 15 32 0
a 34 32 149 0
a 34 30 149 1
a 34 149 121 0
a 34 2 121 1
a 34 121 97 0
a 34 97 139 0
a 34 20 139 1
a 34 139 127 0
a 34 8 127 1
a 34 127 193 0
a 34 74 193 1
a 34 193 103 0
a 34 103 111 0
a 34 111 31 0
a 34 31 125 0
a 34 6 125 1
a 34 125 34 0
a 34 34 151 0
a 34 32 151 1
a 34 151 93 0
a 34 93 170 0
a 34 51 170 1
a 34 170 56 0
a 34 56 134 0
a 34 15 134 1
a 34 134 177 0
a 34 58 177 1
a 34 177 59 0
a 34 59 140 0
a 34 21 140 1
a 34 140 40 0
a 34 40 24 0
a 34 24 96 0
a 34 96 52 0
a 34 52 114 0
a 34 114 69 0
a 34 69 72 0
a 34 72 107 0
a 34 107 216 0
a 34 97 216 1
a 34 216 230 0
a 34 111 230 1
a 34 230 153 0
a 34 34 153 1
a 34 153 85 0
a 34 85 118 0
a 34 118 222 0
a 34 103 222 1
a 34 222 110 0
a 34 110 159 0
a 34 40 159 1
a 34 159 64 0
a 34 64 143 0
a 34 24 143 1
a 34 143 45 0
a 34 45 178 0
a 34 59 178 1
a 34 178 150 0
a 34 31 150 1
a 34 150 171 0
a 34 52 171 1
a 34 171 65 0
a 34 65 212 0
a 34 93 212 1
a 34 212 112 0
a 34 112 83 0
a 34 83 105 0
a 34 105 99 0
a 34 99 88 0
a 34 88 191 0
a 34 72 191 1
a 34 191 215 0
a 34 96 215 1
a 34 215 108 0
a 34 108 92 0
a 34 92 233 0
a 34 114 233 1
a 34 233 175 0
a 34 56 175 1
a 34 175 188 0
a 34 69 188 1
a 34 188 115 0
a 34 115 73 0
a 34 73 87 0
a 34 87 61 0
a 34 61 226 0
a 34 107 226 1
a 34 226 237 0
a 34 118 237 1
a 34 237 184 0
a 34 65 184 1
a 34 184 183 0
a 34 64 183 1
a 34 183 164 0
a 34 45 164 1
a 34 164 180 0
a 34 61 180 1
a 34 180 202 0
a 34 83 202 1
a 34 202 227 0
a 34 108 227 1
a 34 227 207 0
a 34 88 207 1
a 34 207 218 0
a 34 99 218 1
a 34 218 206 0
a 34 87 206 1
a 34 206 211 0
a 34 92 211 1
a 34 211 234 0
a 34 115 234 1
a 34 234 192 0
a 34 73 192 1
a 34 192 204 0
a 34 85 204 1
a 34 204 224 0
a 34 105 224 1
a 34 224 231 0
a 34 112 231 1
a 34 231 229 0
a 34 110 229 1
a 34 229 239 0
a 35 238 7 0
a 35 7 78 0
a 35 78 4 0
a 35 4 47 0
a 35 47 2 0
a 35 2 58 0
a 35 58 21 0
a 35 21 22 0
a 35 22 91 0
a 35 91 15 0
a 35 15 17 0
a 35 17 37 0
a 35 37 39 0
a 35 39 121 0
a 35 2 121 1
a 35 121 63 0
a 35 63 123 0
a 35 4 123 1
a 35 123 166 0
a 35 47 166 1
a 35 166 53 0
a 35 53 31 0
a 35 31 49 0
a 35 49 210 0
a 35 91 210 1
a 35 210 33 0
a 35 33 68 0
a 35 68 70 0
a 35 70 141 0
a 35 22 141 1
a 35 141 44 0
a 35 44 134 0
a 35 15 134 1
a 35 134 177 0
a 35 58 177 1
a 35 177 136 0
a 35 17 136 1
a 35 136 140 0
a 35 21 140 1
a 35 140 40 0
a 35 40 126 0
a 35 7 126 1
a 35 126 156 0
a 35 37 156 1
a 35 156 24 0
a 35 24 46 0
a 35 46 197 0
a 35 78 197 1
a 35 197 52 0
a 35 52 27 0
a 35 27 158 0
a 35 39 158 1
a 35 158 189 0
a 35 70 189 1
a 35 189 168 0
a 35 49 168 1
a 35 168 172 0
a 35 53 172 1
a 35 172 152 0
a 35 33 152 1
a 35 152 110 0
a 35 110 159 0
a 35 40 159 1
a 35 159 82 0
a 35 82 116 0
a 35 116 187 0
a 35 68 187 1
a 35 187 117 0
a 35 117 98 0
a 35 98 104 0
a 35 104 165 0
a 35 46 165 1
a 35 165 143 0
a 35 24 143 1
a 35 143 146 0
a 35 27 146 1
a 35 146 182 0
a 35 63 182 1
a 35 182 150 0
a 35 31 150 1
a 35 150 171 0
a 35 52 171 1
a 35 171 163 0
a 35 44 163 1
a 35 163 54 0
a 35 54 92 0
a 35 92 115 0
a 35 115 235 0
a 35 116 235 1
a 35 235 223 0
a 35 104 223 1
a 35 223 217 0
a 35 98 217 1
a 35 217 173 0
a 35 54 173 1
a 35 173 201 0
a 35 82 201 1
a 35 201 211 0
a 35 92 211 1
a 35 211 234 0
a 35 115 234 1
a 35 234 236 0
a 35 117 236 1
a 35 236 229 0
a 35 110 229 1
a 35 229 239 0
a 36 238 14 0
a 36 14 2 0
a 36 2 9 0
a 36 9 11 0
a 36 11 10 0
a 36 10 17 0
a 36 17 37 0
a 36 37 32 0
a 36 32 12 0
a 36 12 128 0
a 36 9 128 1
a 36 128 130 0
a 36 11 130 1
a 36 130 121 0
a 36 2 121 1
a 36 121 133 0
a 36 14 133 1
a 36 133 50 0
a 36 50 90 0
a 36 90 53 0
a 36 53 71 0
a 36 71 103 0
a 36 103 151 0
a 36 32 151 1
a 36 151 33 0
a 36 33 68 0
a 36 68 70 0
a 36 70 129 0
a 36 10 129 1
a 36 129 136 0
a 36 17 136 1
a 36 136 59 0
a 36 59 40 0
a 36 40 156 0
a 36 37 156 1
a 36 156 24 0
a 36 24 46 0
a 36 46 52 0
a 36 52 43 0
a 36 43 131 0
a 36 12 131 1
a 36 131 72 0
a 36 72 107 0
a 36 107 189 0
a 36 70 189 1
a 36 189 118 0
a 36 118 172 0
a 36 53 172 1
a 36 172 190 0
a 36 71 190 1
a 36 190 152 0
a 36 33 152 1
a 36 152 222 0
a 36 103 222 1
a 36 222 159 0
a 36 40 159 1
a 36 159 116 0
a 36 116 187 0
a 36 68 187 1
a 36 187 106 0
a 36 106 64 0
a 36 64 104 0
a 36 104 165 0
a 36 46 165 1
a 36 165 143 0
a 36 24 143 1
a 36 143 178 0
a 36 59 178 1
a 36 178 66 0
a 36 66 86 0
a 36 86 100 0
a 36 100 57 0
a 36 57 209 0
a 36 90 209 1
a 36 209 41 0
a 36 41 171 0
a 36 52 171 1
a 36 171 109 0
a 36 109 162 0
a 36 43 162 1
a 36 162 169 0
a 36 50 169 1
a 36 169 112 0
a 36 112 83 0
a 36 83 191 0
a 36 72 191 1
a 36 191 92 0
a 36 92 61 0
a 36 61 80 0
a 36 80 226 0
a 36 107 226 1
a 36 226 235 0
a 36 116 235 1
a 36 235 237 0
a 36 118 237 1
a 36 237 199 0
a 36 80 199 1
a 36 199 183 0
a 36 64 183 1
a 36 183 223 0
a 36 104 223 1
a 36 223 180 0
a 36 61 180 1
a 36 180 202 0
a 36 83 202 1
a 36 202 176 0
a 36 57 176 1
a 36 176 228 0
a 36 109 228 1
a 36 228 219 0
a 36 100 219 1
a 36 219 185 0
a 36 66 185 1
a 36 185 205 0
a 36 86 205 1
a 36 205 211 0
a 36 92 211 1
a 36 211 231 0
a 36 112 231 1
a 36 231 160 0
a 36 41 160 1
a 36 160 225 0
a 36 106 225 1
a 36 225 239 0
a 37 238 78 0
a 37 78 7 0
a 37 7 30 0
a 37 30 84 0
a 37 84 20 0
a 37 20 8 0
a 37 8 35 0
a 37 35 42 0
a 37 42 58 0
a 37 58 3 0
a 37 3 74 0
a 37 74 0 0
a 37 0 21 0
a 37 21 89 0
a 37 89 13 0
a 37 13 22 0
a 37 22 10 0
a 37 10 19 0
a 37 19 32 0
a 37 32 149 0
a 37 30 149 1
a 37 149 39 0
a 37 39 161 0
a 37 42 161 1
a 37 161 139 0
a 37 20 139 1
a 37 139 90 0
a 37 90 127 0
a 37 8 127 1
a 37 127 71 0
a 37 71 193 0
a 37 74 193 1
a 37 193 132 0
a 37 13 132 1
a 37 132 119 0
a 37 0 119 1
a 37 119 111 0
a 37 111 208 0
a 37 89 208 1
a 37 208 94 0
a 37 94 34 0
a 37 34 151 0
a 37 32 151 1
a 37 151 93 0
a 37 93 67 0
a 37 67 70 0
a 37 70 129 0
a 37 10 129 1
a 37 129 141 0
a 37 22 141 1
a 37 141 44 0
a 37 44 79 0
a 37 79 138 0
a 37 19 138 1
a 37 138 177 0
a 37 58 177 1
a 37 177 59 0
a 37 59 140 0
a 37 21 140 1
a 37 140 28 0
a 37 28 122 0
a 37 3 122 1
a 37 122 126 0
a 37 7 126 1
a 37 126 154 0
a 37 35 154 1
a 37 154 203 0
a 37 84 203 1
a 37 203 96 0
a 37 96 197 0
a 37 78 197 1
a 37 197 52 0
a 37 52 55 0
a 37 55 158 0
a 37 39 158 1
a 37 158 230 0
a 37 111 230 1
a 37 230 153 0
a 37 34 153 1
a 37 153 189 0
a 37 70 189 1
a 37 189 190 0
a 37 71 190 1
a 37 190 198 0
a 37 79 198 1
a 37 198 186 0
a 37 67 186 1
a 37 186 147 0
a 37 28 147 1
a 37 147 95 0
a 37 95 45 0
a 37 45 178 0
a 37 59 178 1
a 37 178 66 0
a 37 66 100 0
a 37 100 101 0
a 37 101 209 0
a 37 90 209 1
a 37 209 171 0
a 37 52 171 1
a 37 171 174 0
a 37 55 174 1
a 37 174 163 0
a 37 44 163 1
a 37 163 109 0
a 37 109 212 0
a 37 93 212 1
a 37 212 113 0
a 37 113 213 0
a 37 94 213 1
a 37 213 83 0
a 37 83 105 0
a 37 105 99 0
a 37 99 54 0
a 37 54 62 0
a 37 62 215 0
a 37 96 215 1
a 37 215 108 0
a 37 108 73 0
a 37 73 164 0
a 37 45 164 1
a 37 164 214 0
a 37 95 214 1
a 37 214 202 0
a 37 83 202 1
a 37 202 228 0
a 37 109 228 1
a 37 228 232 0
a 37 113 232 1
a 37 232 219 0
a 37 100 219 1
a 37 219 173 0
a 37 54 173 1
a 37 173 185 0
a 37 66 185 1
a 37 185 227 0
a 37 108 227 1
a 37 227 181 0
a 37 62 181 1
a 37 181 220 0
a 37 101 220 1
a 37 220 218 0
a 37 99 218 1
a 37 218 192 0
a 37 73 192 1
a 37 192 224 0
a 37 105 224 1
a 37 224 239 0
a 38 238 5 0
a 38 5 84 0
a 38 84 42 0
a 38 42 11 0
a 38 11 89 0
a 38 89 22 0
a 38 22 29 0
a 38 29 130 0
a 38 11 130 1
a 38 130 161 0
a 38 42 161 1
a 38 161 50 0
a 38 50 148 0
a 38 29 148 1
a 38 148 111 0
a 38 111 208 0
a 38 89 208 1
a 38 208 49 0
a 38 49 93 0
a 38 93 124 0
a 38 5 124 1
a 38 124 70 0
a 38 70 141 0
a 38 22 141 1
a 38 141 36 0
a 38 36 40 0
a 38 40 203 0
a 38 84 203 1
a 38 203 24 0
a 38 24 75 0
a 38 75 43 0
a 38 43 23 0
a 38 23 69 0
a 38 69 230 0
a 38 111 230 1
a 38 230 189 0
a 38 70 189 1
a 38 189 85 0
a 38 85 168 0
a 38 49 168 1
a 38 168 155 0
a 38 36 155 1
a 38 155 118 0
a 38 118 110 0
a 38 110 159 0
a 38 40 159 1
a 38 159 82 0
a 38 82 95 0
a 38 95 106 0
a 38 106 98 0
a 38 98 143 0
a 38 24 143 1
a 38 143 86 0
a 38 86 100 0
a 38 100 101 0
a 38 101 76 0
a 38 76 142 0
a 38 23 142 1
a 38 142 162 0
a 38 43 162 1
a 38 162 169 0
a 38 50 169 1
a 38 169 212 0
a 38 93 212 1
a 38 212 83 0
a 38 83 62 0
a 38 62 108 0
a 38 108 92 0
a 38 92 188 0
a 38 69 188 1
a 38 188 194 0
a 38 75 194 1
a 38 194 102 0
a 38 102 195 0
a 38 76 195 1
a 38 195 237 0
a 38 118 237 1
a 38 237 221 0
a 38 102 221 1
a 38 221 214 0
a 38 95 214 1
a 38 214 202 0
a 38 83 202 1
a 38 202 217 0
a 38 98 217 1
a 38 217 219 0
a 38 100 219 1
a 38 219 201 0
a 38 82 201 1
a 38 201 227 0
a 38 108 227 1
a 38 227 181 0
a 38 62 181 1
a 38 181 220 0
a 38 101 220 1
a 38 220 205 0
a 38 86 205 1
a 38 205 211 0
a 38 92 211 1
a 38 211 204 0
a 38 85 204 1
a 38 204 225 0
a 38 106 225 1
a 38 225 229 0
a 38 110 229 1
a 38 229 239 0
a 39 238 14 0
a 39 14 8 0
a 39 8 9 0
a 39 9 51 0
a 39 51 77 0
a 39 77 25 0
a 39 25 21 0
a 39 21 89 0
a 39 89 1 0
a 39 1 91 0
a 39 91 15 0
a 39 15 17 0
a 39 17 12 0
a 39 12 128 0
a 39 9 128 1
a 39 128 196 0
a 39 77 196 1
a 39 196 39 0
a 39 39 133 0
a 39 14 133 1
a 39 133 127 0
a 39 8 127 1
a 39 127 53 0
a 39 53 31 0
a 39 31 208 0
a 39 89 208 1
a 39 208 34 0
a 39 34 210 0
a 39 91 210 1
a 39 210 170 0
a 39 51 170 1
a 39 170 134 0
a 39 15 134 1
a 39 134 36 0
a 39 36 144 0
a 39 25 144 1
a 39 144 136 0
a 39 17 136 1
a 39 136 140 0
a 39 21 140 1
a 39 140 40 0
a 39 40 120 0
a 39 1 120 1
a 39 120 60 0
a 39 60 46 0
a 39 46 96 0
a 39 96 75 0
a 39 75 27 0
a 39 27 55 0
a 39 55 131 0
a 39 12 131 1
a 39 131 69 0
a 39 69 107 0
a 39 107 158 0
a 39 39 158 1
a 39 158 153 0
a 39 34 153 1
a 39 153 155 0
a 39 36 155 1
a 39 155 172 0
a 39 53 172 1
a 39 172 110 0
a 39 110 159 0
a 39 40 159 1
a 39 159 82 0
a 39 82 106 0
a 39 106 64 0
a 39 64 98 0
a 39 98 165 0
a 39 46 165 1
a 39 165 86 0
a 39 86 100 0
a 39 100 146 0
a 39 27 146 1
a 39 146 76 0
a 39 76 150 0
a 39 31 150 1
a 39 150 174 0
a 39 55 174 1
a 39 174 109 0
a 39 109 81 0
a 39 81 179 0
a 39 60 179 1
a 39 179 83 0
a 39 83 54 0
a 39 54 62 0
a 39 62 215 0
a 39 96 215 1
a 39 215 92 0
a 39 92 188 0
a 39 69 188 1
a 39 188 194 0
a 39 75 194 1
a 39 194 115 0
a 39 115 102 0
a 39 102 87 0
a 39 87 61 0
a 39 61 80 0
a 39 80 226 0
a 39 107 226 1
a 39 226 195 0
a 39 76 195 1
a 39 195 199 0
a 39 80 199 1
a 39 199 221 0
a 39 102 221 1
a 39 221 183 0
a 39 64 183 1
a 39 183 180 0
a 39 61 180 1
a 39 180 202 0
a 39 83 202 1
a 39 202 217 0
a 39 98 217 1
a 39 217 228 0
a 39 109 228 1
a 39 228 200 0
a 39 81 200 1
a 39 200 219 0
a 39 100 219 1
a 39 219 173 0
a 39 54 173 1
a 39 173 201 0
a 39 82 201 1
a 39 201 181 0
a 39 62 181 1
a 39 181 205 0
a 39 86 205 1
a 39 205 206 0
a 39 87 206 1
a 39 206 211 0
a 39 92 211 1
a 39 211 234 0
a 39 115 234 1
a 39 234 225 0
a 39 106 225 1
a 39 225 229 0
a 39 110 229 1
a 39 229 239 0
a 40 238 78 0
a 40 78 18 0
a 40 18 7 0
a 40 7 30 0
a 40 30 20 0
a 40 20 35 0
a 40 35 51 0
a 40 51 58 0
a 40 58 3 0
a 40 3 16 0
a 40 16 11 0
a 40 11 21 0
a 40 21 89 0
a 40 89 13 0
a 40 13 37 0
a 40 37 19 0
a 40 19 149 0
a 40 30 149 1
a 40 149 130 0
a 40 11 130 1
a 40 130 97 0
a 40 97 139 0
a 40 20 139 1
a 40 139 53 0
a 40 53 132 0
a 40 13 132 1
a 40 132 103 0
a 40 103 208 0
a 40 89 208 1
a 40 208 94 0
a 40 94 135 0
a 40 16 135 1
a 40 135 34 0
a 40 34 137 0
a 40 18 137 1
a 40 137 68 0
a 40 68 170 0
a 40 51 170 1
a 40 170 56 0
a 40 56 138 0
a 40 19 138 1
a 40 138 36 0
a 40 36 177 0
a 40 58 177 1
a 40 177 59 0
a 40 59 140 0
a 40 21 140 1
a 40 140 48 0
a 40 48 122 0
a 40 3 122 1
a 40 122 40 0
a 40 40 126 0
a 40 7 126 1
a 40 126 154 0
a 40 35 154 1
a 40 154 156 0
a 40 37 156 1
a 40 156 24 0
a 40 24 197 0
a 40 78 197 1
a 40 197 23 0
a 40 23 55 0
a 40 55 216 0
a 40 97 216 1
a 40 216 153 0
a 40 34 153 1
a 40 153 85 0
a 40 85 155 0
a 40 36 155 1
a 40 155 118 0
a 40 118 167 0
a 40 48 167 1
a 40 167 172 0
a 40 53 172 1
a 40 172 222 0
a 40 103 222 1
a 40 222 159 0
a 40 40 159 1
a 40 159 82 0
a 40 82 187 0
a 40 68 187 1
a 40 187 117 0
a 40 117 104 0
a 40 104 143 0
a 40 24 143 1
a 40 143 178 0
a 40 59 178 1
a 40 178 66 0
a 40 66 101 0
a 40 101 76 0
a 40 76 174 0
a 40 55 174 1
a 40 174 142 0
a 40 23 142 1
a 40 142 65 0
a 40 65 109 0
a 40 109 81 0
a 40 81 113 0
a 40 113 213 0
a 40 94 213 1
a 40 213 83 0
a 40 83 54 0
a 40 54 62 0
a 40 62 108 0
a 40 108 175 0
a 40 56 175 1
a 40 175 87 0
a 40 87 61 0
a 40 61 195 0
a 40 76 195 1
a 40 195 237 0
a 40 118 237 1
a 40 237 184 0
a 40 65 184 1
a 40 184 223 0
a 40 104 223 1
a 40 223 180 0
a 40 61 180 1
a 40 180 202 0
a 40 83 202 1
a 40 202 228 0
a 40 109 228 1
a 40 228 232 0
a 40 113 232 1
a 40 232 200 0
a 40 81 200 1
a 40 200 173 0
a 40 54 173 1
a 40 173 201 0
a 40 82 201 1
a 40 201 185 0
a 40 66 185 1
a 40 185 227 0
a 40 108 227 1
a 40 227 181 0
a 40 62 181 1
a 40 181 220 0
a 40 101 220 1
a 40 220 236 0
a 40 117 236 1
a 40 236 206 0
a 40 87 206 1
a 40 206 204 0
a 40 85 204 1
a 40 204 239 0
a 41 238 78 0
a 41 78 18 0
a 41 18 4 0
a 41 4 5 0
a 41 5 30 0
a 41 30 47 0
a 41 47 8 0
a 41 8 2 0
a 41 2 9 0
a 41 9 58 0
a 41 58 77 0
a 41 77 16 0
a 41 16 25 0
a 41 25 0 0
a 41 0 21 0
a 41 21 89 0
a 41 89 13 0
a 41 13 37 0
a 41 37 149 0
a 41 30 149 1
a 41 149 128 0
a 41 9 128 1
a 41 128 196 0
a 41 77 196 1
a 41 196 121 0
a 41 2 121 1
a 41 121 63 0
a 41 63 123 0
a 41 4 123 1
a 41 123 166 0
a 41 47 166 1
a 41 166 127 0
a 41 8 127 1
a 41 127 132 0
a 41 13 132 1
a 41 132 119 0
a 41 0 119 1
a 41 119 111 0
a 41 111 208 0
a 41 89 208 1
a 41 208 135 0
a 41 16 135 1
a 41 135 34 0
a 41 34 137 0
a 41 18 137 1
a 41 137 93 0
a 41 93 124 0
a 41 5 124 1
a 41 124 44 0
a 41 44 177 0
a 41 58 177 1
a 41 177 144 0
a 41 25 144 1
a 41 144 59 0
a 41 59 140 0
a 41 21 140 1
a 41 140 28 0
a 41 28 48 0
a 41 48 40 0
a 41 40 60 0
a 41 60 156 0
a 41 37 156 1
a 41 156 96 0
a 41 96 197 0
a 41 78 197 1
a 41 197 52 0
a 41 52 114 0
a 41 114 43 0
a 41 43 27 0
a 41 27 23 0
a 41 23 55 0
a 41 55 107 0
a 41 107 230 0
a 41 111 230 1
a 41 230 153 0
a 41 34 153 1
a 41 153 167 0
a 41 48 167 1
a 41 167 159 0
a 41 40 159 1
a 41 159 82 0
a 41 82 116 0
a 41 116 147 0
a 41 28 147 1
a 41 147 64 0
a 41 64 117 0
a 41 117 98 0
a 41 98 178 0
a 41 59 178 1
a 41 178 66 0
a 41 66 101 0
a 41 101 57 0
a 41 57 146 0
a 41 27 146 1
a 41 146 182 0
a 41 63 182 1
a 41 182 171 0
a 41 52 171 1
a 41 171 174 0
a 41 55 174 1
a 41 174 142 0
a 41 23 142 1
a 41 142 163 0
a 41 44 163 1
a 41 163 65 0
a 41 65 162 0
a 41 43 162 1
a 41 162 212 0
a 41 93 212 1
a 41 212 112 0
a 41 112 179 0
a 41 60 179 1
a 41 179 54 0
a 41 54 88 0
a 41 88 62 0
a 41 62 215 0
a 41 96 215 1
a 41 215 92 0
a 41 92 233 0
a 41 114 233 1
a 41 233 115 0
a 41 115 73 0
a 41 73 102 0
a 41 102 226 0
a 41 107 226 1
a 41 226 235 0
a 41 116 235 1
a 41 235 184 0
a 41 65 184 1
a 41 184 221 0
a 41 102 221 1
a 41 221 183 0
a 41 64 183 1
a 41 183 217 0
a 41 98 217 1
a 41 217 176 0
a 41 57 176 1
a 41 176 173 0
a 41 54 173 1
a 41 173 201 0
a 41 82 201 1
a 41 201 185 0
a 41 66 185 1
a 41 185 181 0
a 41 62 181 1
a 41 181 207 0
a 41 88 207 1
a 41 207 220 0
a 41 101 220 1
a 41 220 211 0
a 41 92 211 1
a 41 211 236 0
a 41 117 236 1
a 41 236 234 0
a 41 115 234 1
a 41 234 192 0
a 41 73 192 1
a 41 192 231 0
a 41 112 231 1
a 41 231 239 0
a 42 238 18 0
a 42 18 78 0
a 42 78 30 0
a 42 30 47 0
a 42 47 16 0
a 42 16 1 0
a 42 1 91 0
a 42 91 17 0
a 42 17 29 0
a 42 29 149 0
a 42 30 149 1
a 42 149 97 0
a 42 97 166 0
a 42 47 166 1
a 42 166 53 0
a 42 53 148 0
a 42 29 148 1
a 42 148 111 0
a 42 111 135 0
a 42 16 135 1
a 42 135 210 0
a 42 91 210 1
a 42 210 137 0
a 42 18 137 1
a 42 137 70 0
a 42 70 79 0
a 42 79 36 0
a 42 36 136 0
a 42 17 136 1
a 42 136 120 0
a 42 1 120 1
a 42 120 24 0
a 42 24 96 0
a 42 96 197 0
a 42 78 197 1
a 42 197 114 0
a 42 114 43 0
a 42 43 107 0
a 42 107 216 0
a 42 97 216 1
a 42 216 230 0
a 42 111 230 1
a 42 230 189 0
a 42 70 189 1
a 42 189 155 0
a 42 36 155 1
a 42 155 118 0
a 42 118 172 0
a 42 53 172 1
a 42 172 198 0
a 42 79 198 1
a 42 198 98 0
a 42 98 143 0
a 42 24 143 1
a 42 143 76 0
a 42 76 65 0
a 42 65 162 0
a 42 43 162 1
a 42 162 83 0
a 42 83 54 0
a 42 54 88 0
a 42 88 62 0
a 42 62 215 0
a 42 96 215 1
a 42 215 92 0
a 42 92 233 0
a 42 114 233 1
a 42 233 115 0
a 42 115 73 0
a 42 73 102 0
a 42 102 61 0
a 42 61 80 0
a 42 80 226 0
a 42 107 226 1
a 42 226 195 0
a 42 76 195 1
a 42 195 237 0
a 42 118 237 1
a 42 237 184 0
a 42 65 184 1
a 42 184 199 0
a 42 80 199 1
a 42 199 221 0
a 42 102 221 1
a 42 221 180 0
a 42 61 180 1
a 42 180 202 0
a 42 83 202 1
a 42 202 217 0
a 42 98 217 1
a 42 217 173 0
a 42 54 173 1
a 42 173 181 0
a 42 62 181 1
a 42 181 207 0
a 42 88 207 1
a 42 207 211 0
a 42 92 211 1
a 42 211 234 0
a 42 115 234 1
a 42 234 192 0
a 42 73 192 1
a 42 192 239 0
a 43 238 7 0
a 43 7 4 0
a 43 4 30 0
a 43 30 26 0
a 43 26 84 0
a 43 84 8 0
a 43 8 9 0
a 43 9 16 0
a 43 16 15 0
a 43 15 17 0
a 43 17 29 0
a 43 29 19 0
a 43 19 32 0
a 43 32 149 0
a 43 30 149 1
a 43 149 128 0
a 43 9 128 1
a 43 128 145 0
a 43 26 145 1
a 43 145 123 0
a 43 4 123 1
a 43 123 50 0
a 43 50 127 0
a 43 8 127 1
a 43 127 103 0
a 43 103 148 0
a 43 29 148 1
a 43 148 135 0
a 43 16 135 1
a 43 135 151 0
a 43 32 151 1
a 43 151 93 0
a 43 93 67 0
a 43 67 138 0
a 43 19 138 1
a 43 138 134 0
a 43 15 134 1
a 43 134 136 0
a 43 17 136 1
a 43 136 126 0
a 43 7 126 1
a 43 126 203 0
a 43 84 203 1
a 43 203 46 0
a 43 46 75 0
a 43 75 52 0
a 43 52 27 0
a 43 27 23 0
a 43 23 55 0
a 43 55 107 0
a 43 107 118 0
a 43 118 222 0
a 43 103 222 1
a 43 222 186 0
a 43 67 186 1
a 43 186 82 0
a 43 82 95 0
a 43 95 117 0
a 43 117 165 0
a 43 46 165 1
a 43 165 100 0
a 43 100 146 0
a 43 27 146 1
a 43 146 171 0
a 43 52 171 1
a 43 171 174 0
a 43 55 174 1
a 43 174 142 0
a 43 23 142 1
a 43 142 109 0
a 43 109 169 0
a 43 50 169 1
a 43 169 212 0
a 43 93 212 1
a 43 212 88 0
a 43 88 62 0
a 43 62 194 0
a 43 75 194 1
a 43 194 115 0
a 43 115 73 0
a 43 73 102 0
a 43 102 87 0
a 43 87 61 0
a 43 61 226 0
a 43 107 226 1
a 43 226 237 0
a 43 118 237 1
a 43 237 221 0
a 43 102 221 1
a 43 221 214 0
a 43 95 214 1
a 43 214 180 0
a 43 61 180 1
a 43 180 228 0
a 43 109 228 1
a 43 228 219 0
a 43 100 219 1
a 43 219 201 0
a 43 82 201 1
a 43 201 181 0
a 43 62 181 1
a 43 181 207 0
a 43 88 207 1
a 43 207 236 0
a 43 117 236 1
a 43 236 234 0
a 43 115 234 1
a 43 234 206 0
a 43 87 206 1
a 43 206 192 0
a 43 73 192 1
a 43 192 239 0
a 44 238 7 0
a 44 7 18 0
a 44 18 78 0
a 44 78 4 0
a 44 4 84 0
a 44 84 35 0
a 44 35 74 0
a 44 74 16 0
a 44 16 25 0
a 44 25 0 0
a 44 0 11 0
a 44 11 89 0
a 44 89 91 0
a 44 91 19 0
a 44 19 32 0
a 44 32 130 0
a 44 11 130 1
a 44 130 97 0
a 44 97 123 0
a 44 4 123 1
a 44 123 50 0
a 44 50 90 0
a 44 90 193 0
a 44 74 193 1
a 44 193 103 0
a 44 103 119 0
a 44 0 119 1
a 44 119 208 0
a 44 89 208 1
a 44 208 94 0
a 44 94 135 0
a 44 16 135 1
a 44 135 210 0
a 44 91 210 1
a 44 210 137 0
a 44 18 137 1
a 44 137 151 0
a 44 32 151 1
a 44 151 67 0
a 44 67 70 0
a 44 70 79 0
a 44 79 138 0
a 44 19 138 1
a 44 138 36 0
a 44 36 144 0
a 44 25 144 1
a 44 144 48 0
a 44 48 40 0
a 44 40 126 0
a 44 7 126 1
a 44 126 154 0
a 44 35 154 1
a 44 154 60 0
a 44 60 203 0
a 44 84 203 1
a 44 203 24 0
a 44 24 197 0
a 44 78 197 1
a 44 197 52 0
a 44 52 43 0
a 44 43 27 0
a 44 27 69 0
a 44 69 107 0
a 44 107 216 0
a 44 97 216 1
a 44 216 189 0
a 44 70 189 1
a 44 189 155 0
a 44 36 155 1
a 44 155 118 0
a 44 118 167 0
a 44 48 167 1
a 44 167 222 0
a 44 103 222 1
a 44 222 159 0
a 44 40 159 1
a 44 159 198 0
a 44 79 198 1
a 44 198 186 0
a 44 67 186 1
a 44 186 38 0
a 44 38 143 0
a 44 24 143 1
a 44 143 86 0
a 44 86 101 0
a 44 101 146 0
a 44 27 146 1
a 44 146 209 0
a 44 90 209 1
a 44 209 41 0
a 44 41 171 0
a 44 52 171 1
a 44 171 109 0
a 44 109 162 0
a 44 43 162 1
a 44 162 169 0
a 44 50 169 1
a 44 169 113 0
a 44 113 179 0
a 44 60 179 1
a 44 179 213 0
a 44 94 213 1
a 44 213 105 0
a 44 105 54 0
a 44 54 88 0
a 44 88 62 0
a 44 62 92 0
a 44 92 188 0
a 44 69 188 1
a 44 188 115 0
a 44 115 102 0
a 44 102 87 0
a 44 87 226 0
a 44 107 226 1
a 44 226 237 0
a 44 118 237 1
a 44 237 157 0
a 44 38 157 1
a 44 157 221 0
a 44 102 221 1
a 44 221 228 0
a 44 109 228 1
a 44 228 232 0
a 44 113 232 1
a 44 232 173 0
a 44 54 173 1
a 44 173 181 0
a 44 62 181 1
a 44 181 207 0
a 44 88 207 1
a 44 207 220 0
a 44 101 220 1
a 44 220 205 0
a 44 86 205 1
a 44 205 234 0
a 44 115 234 1
a 44 234 211 0
a 44 92 211 1
a 44 211 206 0
a 44 87 206 1
a 44 206 224 0
a 44 105 224 1
a 44 224 160 0
a 44 41 160 1
a 44 160 239 0
a 45 238 4 0
a 45 4 30 0
a 45 30 8 0
a 45 8 51 0
a 45 51 58 0
a 45 58 77 0
a 45 77 3 0
a 45 3 16 0
a 45 16 25 0
a 45 25 0 0
a 45 0 11 0
a 45 11 13 0
a 45 13 22 0
a 45 22 37 0
a 45 37 149 0
a 45 30 149 1
a 45 149 196 0
a 45 77 196 1
a 45 196 130 0
a 45 11 130 1
a 45 130 97 0
a 45 97 123 0
a 45 4 123 1
a 45 123 127 0
a 45 8 127 1
a 45 127 132 0
a 45 13 132 1
a 45 132 103 0
a 45 103 119 0
a 45 0 119 1
a 45 119 135 0
a 45 16 135 1
a 45 135 70 0
a 45 70 170 0
a 45 51 170 1
a 45 170 141 0
a 45 22 141 1
a 45 141 177 0
a 45 58 177 1
a 45 177 144 0
a 45 25 144 1
a 45 144 28 0
a 45 28 122 0
a 45 3 122 1
a 45 122 156 0
a 45 37 156 1
a 45 156 46 0
a 45 46 52 0
a 45 52 23 0
a 45 23 216 0
a 45 97 216 1
a 45 216 189 0
a 45 70 189 1
a 45 189 222 0
a 45 103 222 1
a 45 222 116 0
a 45 116 147 0
a 45 28 147 1
a 45 147 95 0
a 45 95 106 0
a 45 106 165 0
a 45 46 165 1
a 45 165 38 0
a 45 38 101 0
a 45 101 100 0
a 45 100 57 0
a 45 57 76 0
a 45 76 41 0
a 45 41 171 0
a 45 52 171 1
a 45 171 142 0
a 45 23 142 1
a 45 142 109 0
a 45 109 81 0
a 45 81 83 0
a 45 83 62 0
a 45 62 108 0
a 45 108 115 0
a 45 115 195 0
a 45 76 195 1
a 45 195 235 0
a 45 116 235 1
a 45 235 157 0
a 45 38 157 1
a 45 157 214 0
a 45 95 214 1
a 45 214 202 0
a 45 83 202 1
a 45 202 176 0
a 45 57 176 1
a 45 176 228 0
a 45 109 228 1
a 45 228 219 0
a 45 100 219 1
a 45 219 200 0
a 45 81 200 1
a 45 200 227 0
a 45 108 227 1
a 45 227 181 0
a 45 62 181 1
a 45 181 220 0
a 45 101 220 1
a 45 220 234 0
a 45 115 234 1
a 45 234 160 0
a 45 41 160 1
a 45 160 225 0
a 45 106 225 1
a 45 225 239 0
a 46 238 7 0
a 46 7 5 0
a 46 5 4 0
a 46 4 84 0
a 46 84 20 0
a 46 20 35 0
a 46 35 51 0
a 46 51 3 0
a 46 3 74 0
a 46 74 25 0
a 46 25 0 0
a 46 0 11 0
a 46 11 21 0
a 46 21 15 0
a 46 15 17 0
a 46 17 37 0
a 46 37 29 0
a 46 29 19 0
a 46 19 130 0
a 46 11 130 1
a 46 130 123 0
a 46 4 123 1
a 46 123 139 0
a 46 20 139 1
a 46 139 90 0
a 46 90 53 0
a 46 53 71 0
a 46 71 193 0
a 46 74 193 1
a 46 193 148 0
a 46 29 148 1
a 46 148 119 0
a 46 0 119 1
a 46 119 94 0
a 46 94 93 0
a 46 93 68 0
a 46 68 124 0
a 46 5 124 1
a 46 124 170 0
a 46 51 170 1
a 46 170 56 0
a 46 56 44 0
a 46 44 138 0
a 46 19 138 1
a 46 138 134 0
a 46 15 134 1
a 46 134 36 0
a 46 36 144 0
a 46 25 144 1
a 46 144 136 0
a 46 17 136 1
a 46 136 140 0
a 46 21 140 1
a 46 140 122 0
a 46 3 122 1
a 46 122 126 0
a 46 7 126 1
a 46 126 154 0
a 46 35 154 1
a 46 154 60 0
a 46 60 156 0
a 46 37 156 1
a 46 156 203 0
a 46 84 203 1
a 46 203 24 0
a 46 24 46 0
a 46 46 96 0
a 46 96 52 0
a 46 52 23 0
a 46 23 107 0
a 46 107 85 0
a 46 85 155 0
a 46 36 155 1
a 46 155 118 0
a 46 118 172 0
a 46 53 172 1
a 46 172 190 0
a 46 71 190 1
a 46 190 116 0
a 46 116 187 0
a 46 68 187 1
a 46 187 106 0
a 46 106 64 0
a 46 64 117 0
a 46 117 165 0
a 46 46 165 1
a 46 165 38 0
a 46 38 143 0
a 46 24 143 1
a 46 143 45 0
a 46 45 86 0
a 46 86 101 0
a 46 101 57 0
a 46 57 76 0
a 46 76 209 0
a 46 90 209 1
a 46 209 41 0
a 46 41 171 0
a 46 52 171 1
a 46 171 142 0
a 46 23 142 1
a 46 142 163 0
a 46 44 163 1
a 46 163 81 0
a 46 81 212 0
a 46 93 212 1
a 46 212 113 0
a 46 113 112 0
a 46 112 213 0
a 46 94 213 1
a 46 213 179 0
a 46 60 179 1
a 46 179 54 0
a 46 54 62 0
a 46 62 215 0
a 46 96 215 1
a 46 215 92 0
a 46 92 175 0
a 46 56 175 1
a 46 175 87 0
a 46 87 80 0
a 46 80 226 0
a 46 107 226 1
a 46 226 195 0
a 46 76 195 1
a 46 195 235 0
a 46 116 235 1
a 46 235 237 0
a 46 118 237 1
a 46 237 157 0
a 46 38 157 1
a 46 157 199 0
a 46 80 199 1
a 46 199 183 0
a 46 64 183 1
a 46 183 164 0
a 46 45 164 1
a 46 164 176 0
a 46 57 176 1
a 46 176 232 0
a 46 113 232 1
a 46 232 200 0
a 46 81 200 1
a 46 200 173 0
a 46 54 173 1
a 46 173 181 0
a 46 62 181 1
a 46 181 220 0
a 46 101 220 1
a 46 220 205 0
a 46 86 205 1
a 46 205 236 0
a 46 117 236 1
a 46 236 206 0
a 46 87 206 1
a 46 206 211 0
a 46 92 211 1
a 46 211 160 0
a 46 41 160 1
a 46 160 231 0
a 46 112 231 1
a 46 231 204 0
a 46 85 204 1
a 46 204 225 0
a 46 106 225 1
a 46 225 239 0
a 47 238 78 0
a 47 78 5 0
a 47 5 26 0
a 47 26 9 0
a 47 9 42 0
a 47 42 58 0
a 47 58 3 0
a 47 3 74 0
a 47 74 16 0
a 47 16 0 0
a 47 0 21 0
a 47 21 89 0
a 47 89 1 0
a 47 1 91 0
a 47 91 17 0
a 47 17 37 0
a 47 37 29 0
a 47 29 19 0
a 47 19 128 0
a 47 9 128 1
a 47 128 145 0
a 47 26 145 1
a 47 145 161 0
a 47 42 161 1
a 47 161 97 0
a 47 97 50 0
a 47 50 90 0
a 47 90 71 0
a 47 71 193 0
a 47 74 193 1
a 47 193 103 0
a 47 103 148 0
a 47 29 148 1
a 47 148 119 0
a 47 0 119 1
a 47 119 111 0
a 47 111 208 0
a 47 89 208 1
a 47 208 94 0
a 47 94 135 0
a 47 16 135 1
a 47 135 49 0
a 47 49 210 0
a 47 91 210 1
a 47 210 33 0
a 47 33 93 0
a 47 93 124 0
a 47 5 124 1
a 47 124 56 0
a 47 56 44 0
a 47 44 79 0
a 47 79 138 0
a 47 19 138 1
a 47 138 36 0
a 47 36 177 0
a 47 58 177 1
a 47 177 136 0
a 47 17 136 1
a 47 136 59 0
a 47 59 140 0
a 47 21 140 1
a 47 140 28 0
a 47 28 122 0
a 47 3 122 1
a 47 122 120 0
a 47 1 120 1
a 47 120 156 0
a 47 37 156 1
a 47 156 197 0
a 47 78 197 1
a 47 197 75 0
a 47 75 114 0
a 47 114 27 0
a 47 27 23 0
a 47 23 69 0
a 47 69 72 0
a 47 72 216 0
a 47 97 216 1
a 47 216 230 0
a 47 111 230 1
a 47 230 168 0
a 47 49 168 1
a 47 168 155 0
a 47 36 155 1
a 47 155 190 0
a 47 71 190 1
a 47 190 152 0
a 47 33 152 1
a 47 152 222 0
a 47 103 222 1
a 47 222 198 0
a 47 79 198 1
a 47 198 116 0
a 47 116 147 0
a 47 28 147 1
a 47 147 104 0
a 47 104 45 0
a 47 45 178 0
a 47 59 178 1
a 47 178 66 0
a 47 66 86 0
a 47 86 100 0
a 47 100 57 0
a 47 57 146 0
a 47 27 146 1
a 47 146 209 0
a 47 90 209 1
a 47 209 142 0
a 47 23 142 1
a 47 142 163 0
a 47 44 163 1
a 47 163 169 0
a 47 50 169 1
a 47 169 212 0
a 47 93 212 1
a 47 212 213 0
a 47 94 213 1
a 47 213 54 0
a 47 54 191 0
a 47 72 191 1
a 47 191 62 0
a 47 62 108 0
a 47 108 233 0
a 47 114 233 1
a 47 233 188 0
a 47 69 188 1
a 47 188 175 0
a 47 56 175 1
a 47 175 194 0
a 47 75 194 1
a 47 194 73 0
a 47 73 102 0
a 47 102 235 0
a 47 116 235 1
a 47 235 221 0
a 47 102 221 1
a 47 221 164 0
a 47 45 164 1
a 47 164 223 0
a 47 104 223 1
a 47 223 176 0
a 47 57 176 1
a 47 176 219 0
a 47 100 219 1
a 47 219 173 0
a 47 54 173 1
a 47 173 185 0
a 47 66 185 1
a 47 185 227 0
a 47 108 227 1
a 47 227 181 0
a 47 62 181 1
a 47 181 205 0
a 47 86 205 1
a 47 205 192 0
a 47 73 192 1
a 47 192 239 0
a 48 238 78 0
a 48 78 5 0
a 48 5 30 0
a 48 30 26 0
a 48 26 8 0
a 48 8 74 0
a 48 74 6 0
a 48 6 22 0
a 48 22 91 0
a 48 91 10 0
a 48 10 32 0
a 48 32 149 0
a 48 30 149 1
a 48 149 39 0
a 48 39 145 0
a 48 26 145 1
a 48 145 63 0
a 48 63 50 0
a 48 50 127 0
a 48 8 127 1
a 48 127 193 0
a 48 74 193 1
a 48 193 31 0
a 48 31 125 0
a 48 6 125 1
a 48 125 94 0
a 48 94 210 0
a 48 91 210 1
a 48 210 151 0
a 48 32 151 1
a 48 151 93 0
a 48 93 67 0
a 48 67 124 0
a 48 5 124 1
a 48 124 129 0
a 48 10 129 1
a 48 129 141 0
a 48 22 141 1
a 48 141 28 0
a 48 28 46 0
a 48 46 24 0
a 48 24 197 0
a 48 78 197 1
a 48 197 158 0
a 48 39 158 1
a 48 158 186 0
a 48 67 186 1
a 48 186 82 0
a 48 82 147 0
a 48 28 147 1
a 48 147 106 0
a 48 106 165 0
a 48 46 165 1
a 48 165 143 0
a 48 24 143 1
a 48 143 66 0
a 48 66 86 0
a 48 86 101 0
a 48 101 57 0
a 48 57 182 0
a 48 63 182 1
a 48 182 76 0
a 48 76 150 0
a 48 31 150 1
a 48 150 65 0
a 48 65 109 0
a 48 109 169 0
a 48 50 169 1
a 48 169 81 0
a 48 81 212 0
a 48 93 212 1
a 48 212 113 0
a 48 113 213 0
a 48 94 213 1
a 48 213 83 0
a 48 83 54 0
a 48 54 73 0
a 48 73 102 0
a 48 102 87 0
a 48 87 61 0
a 48 61 195 0
a 48 76 195 1
a 48 195 184 0
a 48 65 184 1
a 48 184 221 0
a 48 102 221 1
a 48 221 180 0
a 48 61 180 1
a 48 180 202 0
a 48 83 202 1
a 48 202 176 0
a 48 57 176 1
a 48 176 228 0
a 48 109 228 1
a 48 228 232 0
a 48 113 232 1
a 48 232 200 0
a 48 81 200 1
a 48 200 173 0
a 48 54 173 1
a 48 173 201 0
a 48 82 201 1
a 48 201 185 0
a 48 66 185 1
a 48 185 220 0
a 48 101 220 1
a 48 220 205 0
a 48 86 205 1
a 48 205 206 0
a 48 87 206 1
a 48 206 192 0
a 48 73 192 1
a 48 192 225 0
a 48 106 225 1
a 48 225 239 0
