c Shift Minimisation Personnel Task Scheduling Problem (SMPTSP)
c data_1_23_40_66
c
c problem jobs shifts
p smptsp 40 23
c
c job start finish 
c 0 43 516
c 1 164 746
c 2 75 591
c 3 230 718
c 4 839 1354
c 5 96 637
c 6 1 593
c 7 179 713
c 8 130 765
c 9 119 688
c 10 194 783
c 11 270 818
c 12 102 618
c 13 774 1291
c 14 28 550
c 15 56 630
c 16 758 1350
c 17 804 1320
c 18 16 557
c 19 16 565
c 20 30 536
c 21 186 752
c 22 677 1259
c 23 739 1244
c 24 834 1313
c 25 724 1346
c 26 761 1304
c 27 823 1396
c 28 569 1040
c 29 804 1340
c 30 125 740
c 31 764 1256
c 32 159 656
c 33 712 1278
c 34 726 1291
c 35 651 1235
c 36 750 1278
c 37 725 1363
c 38 867 1376
c 39 844 1319
c
c shift cost source target num_qualifications qualifications
c 0 1 80 81 26 6 13 0 1 2 3 4 8 11 12 14 15 16 17 20 21 23 24 25 26 29 30 31 33 37 39
c 1 1 80 81 24 14 16 1 4 6 8 12 15 17 18 19 20 22 23 25 27 28 31 34 35 36 37 38 39
c 2 1 80 81 28 30 36 1 2 3 4 6 9 10 11 12 13 15 16 17 18 21 22 23 24 26 27 32 33 34 35 38 39
c 3 1 80 81 24 7 25 0 2 4 5 6 10 13 15 16 17 21 23 26 27 29 30 31 32 34 35 36 38
c 4 1 80 81 29 8 29 0 1 2 6 7 10 12 13 14 15 17 18 20 21 22 24 25 28 30 31 32 33 34 35 36 37 39
c 5 1 80 81 32 5 37 0 1 2 3 4 7 9 10 11 12 13 14 15 16 19 20 22 23 24 25 26 27 28 31 32 33 35 36 38 39
c 6 1 80 81 26 18 28 0 1 2 3 4 6 8 10 11 15 16 17 19 20 21 22 23 24 25 29 30 31 36 38
c 7 1 80 81 29 0 26 1 2 3 4 6 7 8 10 12 13 14 15 16 17 18 19 20 23 24 27 28 31 32 34 35 37 38
c 8 1 80 81 30 11 39 2 4 6 7 8 9 10 13 14 15 16 17 18 20 21 23 25 26 27 29 30 31 32 34 35 36 37 38
c 9 1 80 81 24 19 24 0 1 2 5 8 9 10 11 15 17 20 21 26 27 28 29 30 31 34 36 37 38
c 10 1 80 81 30 3 34 0 2 4 6 7 8 9 10 11 13 14 15 16 17 19 23 24 25 27 29 31 32 33 35 36 37 38 39
c 11 1 80 81 28 21 31 0 1 3 5 8 9 12 13 16 17 18 19 20 22 24 25 26 27 28 30 32 34 35 36 37 39
c 12 1 80 81 29 32 33 0 1 2 3 4 5 6 7 9 10 11 12 13 16 17 18 20 21 23 24 28 29 31 34 35 36 37
c 13 1 80 81 35 9 23 1 2 4 5 6 7 8 10 11 12 14 15 16 17 18 19 20 22 24 25 26 27 28 29 30 31 32 33 34 35 36 37 39
c 14 1 80 81 31 20 27 1 2 3 4 5 6 8 9 10 12 14 15 16 17 18 19 21 24 25 26 29 31 33 34 35 36 37 38 39
c 15 1 80 81 23 15 38 0 1 4 5 7 11 12 13 14 16 17 18 19 20 21 25 27 31 33 35 37
c 16 1 80 81 24 1 4 0 2 7 8 11 13 16 17 21 22 23 24 25 27 28 29 31 33 34 36 38 39
c 17 1 80 81 28 2 22 0 1 4 5 6 7 8 10 11 12 13 15 16 18 20 21 24 26 27 30 31 33 35 37 38 39
c 18 1 80 81 29 12 35 0 1 2 3 5 6 7 8 11 13 15 16 17 18 19 20 22 23 25 26 30 31 33 36 37 38 39
c 19 1 80 81 28 10 17 0 2 3 5 7 8 9 13 14 15 16 19 20 22 23 24 25 27 29 30 31 32 35 36 38 39
c 20 1 80 81 33 18 29 26 27 23 31 12 2 1 35 10 19 30 14 11 13 17 21 3 0 33 22 7 15 16 25 4 32 28 39 34 20 5
c 21 1 80 81 31 6 5 10 30 23 34 36 20 12 8 39 16 0 18 3 17 22 21 35 25 15 37 13 2 27 29 31 11 38 33 32
c 22 1 80 81 33 11 7 17 19 6 32 1 15 8 18 24 35 16 5 26 28 34 33 38 37 14 0 3 12 22 21 13 39 25 2 36 10 4
c
c graph source target
a 0 80 6
a 0 6 14
a 0 14 20
a 0 20 0
a 0 0 15
a 0 15 2
a 0 2 12
a 0 12 30
a 0 30 8
a 0 8 1
a 0 1 21
a 0 21 3
a 0 3 11
a 0 11 40
a 0 0 40
a 0 40 60
a 0 20 60
a 0 60 54
a 0 14 54
a 0 54 42
a 0 2 42
a 0 42 46
a 0 6 46
a 0 46 52
a 0 12 52
a 0 52 55
a 0 15 55
a 0 55 33
a 0 33 43
a 0 3 43
a 0 43 25
a 0 25 37
a 0 37 23
a 0 23 70
a 0 30 70
a 0 70 41
a 0 1 41
a 0 41 61
a 0 21 61
a 0 61 16
a 0 16 26
a 0 26 31
a 0 31 48
a 0 8 48
a 0 48 13
a 0 13 17
a 0 17 29
a 0 29 51
a 0 11 51
a 0 51 24
a 0 24 4
a 0 4 39
a 0 39 63
a 0 23 63
a 0 63 71
a 0 31 71
a 0 71 73
a 0 33 73
a 0 73 53
a 0 13 53
a 0 53 66
a 0 26 66
a 0 66 64
a 0 24 64
a 0 64 79
a 0 39 79
a 0 79 57
a 0 17 57
a 0 57 69
a 0 29 69
a 0 69 65
a 0 25 65
a 0 65 56
a 0 16 56
a 0 56 44
a 0 4 44
a 0 44 77
a 0 37 77
a 0 77 81
a 1 80 6
a 1 6 18
a 1 18 19
a 1 19 14
a 1 14 20
a 1 20 15
a 1 15 12
a 1 12 8
a 1 8 1
a 1 1 60
a 1 20 60
a 1 60 54
a 1 14 54
a 1 54 58
a 1 18 58
a 1 58 59
a 1 19 59
a 1 59 28
a 1 28 46
a 1 6 46
a 1 46 52
a 1 12 52
a 1 52 55
a 1 15 55
a 1 55 35
a 1 35 22
a 1 22 25
a 1 25 37
a 1 37 34
a 1 34 23
a 1 23 41
a 1 1 41
a 1 41 36
a 1 36 16
a 1 16 31
a 1 31 48
a 1 8 48
a 1 48 17
a 1 17 27
a 1 27 4
a 1 4 39
a 1 39 38
a 1 38 68
a 1 28 68
a 1 68 75
a 1 35 75
a 1 75 63
a 1 23 63
a 1 63 71
a 1 31 71
a 1 71 62
a 1 22 62
a 1 62 76
a 1 36 76
a 1 76 74
a 1 34 74
a 1 74 79
a 1 39 79
a 1 79 57
a 1 17 57
a 1 57 65
a 1 25 65
a 1 65 56
a 1 16 56
a 1 56 44
a 1 4 44
a 1 44 77
a 1 37 77
a 1 77 78
a 1 38 78
a 1 78 67
a 1 27 67
a 1 67 81
a 2 80 6
a 2 6 18
a 2 18 15
a 2 15 2
a 2 2 12
a 2 12 9
a 2 9 30
a 2 30 32
a 2 32 1
a 2 1 21
a 2 21 10
a 2 10 3
a 2 3 11
a 2 11 58
a 2 18 58
a 2 58 42
a 2 2 42
a 2 42 46
a 2 6 46
a 2 46 52
a 2 12 52
a 2 52 55
a 2 15 55
a 2 55 35
a 2 35 72
a 2 32 72
a 2 72 22
a 2 22 49
a 2 9 49
a 2 49 33
a 2 33 43
a 2 3 43
a 2 43 34
a 2 34 23
a 2 23 70
a 2 30 70
a 2 70 41
a 2 1 41
a 2 41 36
a 2 36 61
a 2 21 61
a 2 61 16
a 2 16 26
a 2 26 13
a 2 13 50
a 2 10 50
a 2 50 17
a 2 17 51
a 2 11 51
a 2 51 27
a 2 27 24
a 2 24 4
a 2 4 39
a 2 39 38
a 2 38 75
a 2 35 75
a 2 75 63
a 2 23 63
a 2 63 62
a 2 22 62
a 2 62 76
a 2 36 76
a 2 76 73
a 2 33 73
a 2 73 53
a 2 13 53
a 2 53 74
a 2 34 74
a 2 74 66
a 2 26 66
a 2 66 64
a 2 24 64
a 2 64 79
a 2 39 79
a 2 79 57
a 2 17 57
a 2 57 56
a 2 16 56
a 2 56 44
a 2 4 44
a 2 44 78
a 2 38 78
a 2 78 67
a 2 27 67
a 2 67 81
a 3 80 6
a 3 6 0
a 3 0 15
a 3 15 2
a 3 2 5
a 3 5 30
a 3 30 32
a 3 32 7
a 3 7 21
a 3 21 10
a 3 10 40
a 3 0 40
a 3 40 42
a 3 2 42
a 3 42 46
a 3 6 46
a 3 46 55
a 3 15 55
a 3 55 45
a 3 5 45
a 3 45 35
a 3 35 72
a 3 32 72
a 3 72 47
a 3 7 47
a 3 47 25
a 3 25 34
a 3 34 23
a 3 23 70
a 3 30 70
a 3 70 36
a 3 36 61
a 3 21 61
a 3 61 16
a 3 16 26
a 3 26 31
a 3 31 13
a 3 13 50
a 3 10 50
a 3 50 17
a 3 17 29
a 3 29 27
a 3 27 4
a 3 4 38
a 3 38 75
a 3 35 75
a 3 75 63
a 3 23 63
a 3 63 71
a 3 31 71
a 3 71 76
a 3 36 76
a 3 76 53
a 3 13 53
a 3 53 74
a 3 34 74
a 3 74 66
a 3 26 66
a 3 66 57
a 3 17 57
a 3 57 69
a 3 29 69
a 3 69 65
a 3 25 65
a 3 65 56
a 3 16 56
a 3 56 44
a 3 4 44
a 3 44 78
a 3 38 78
a 3 78 67
a 3 27 67
a 3 67 81
a 4 80 6
a 4 6 18
a 4 18 14
a 4 14 20
a 4 20 0
a 4 0 15
a 4 15 2
a 4 2 12
a 4 12 30
a 4 30 8
a 4 8 32
a 4 32 1
a 4 1 7
a 4 7 21
a 4 21 10
a 4 10 40
a 4 0 40
a 4 40 60
a 4 20 60
a 4 60 54
a 4 14 54
a 4 54 58
a 4 18 58
a 4 58 28
a 4 28 42
a 4 2 42
a 4 42 46
a 4 6 46
a 4 46 52
a 4 12 52
a 4 52 55
a 4 15 55
a 4 55 35
a 4 35 72
a 4 32 72
a 4 72 22
a 4 22 33
a 4 33 47
a 4 7 47
a 4 47 25
a 4 25 37
a 4 37 34
a 4 34 70
a 4 30 70
a 4 70 41
a 4 1 41
a 4 41 36
a 4 36 61
a 4 21 61
a 4 61 31
a 4 31 48
a 4 8 48
a 4 48 13
a 4 13 50
a 4 10 50
a 4 50 29
a 4 29 17
a 4 17 24
a 4 24 39
a 4 39 68
a 4 28 68
a 4 68 75
a 4 35 75
a 4 75 71
a 4 31 71
a 4 71 62
a 4 22 62
a 4 62 73
a 4 33 73
a 4 73 76
a 4 36 76
a 4 76 53
a 4 13 53
a 4 53 74
a 4 34 74
a 4 74 64
a 4 24 64
a 4 64 79
a 4 39 79
a 4 79 57
a 4 17 57
a 4 57 69
a 4 29 69
a 4 69 65
a 4 25 65
a 4 65 77
a 4 37 77
a 4 77 81
a 5 80 19
a 5 19 14
a 5 14 20
a 5 20 0
a 5 0 15
a 5 15 2
a 5 2 5
a 5 5 12
a 5 12 9
a 5 9 32
a 5 32 1
a 5 1 7
a 5 7 10
a 5 10 3
a 5 3 11
a 5 11 40
a 5 0 40
a 5 40 60
a 5 20 60
a 5 60 54
a 5 14 54
a 5 54 59
a 5 19 59
a 5 59 28
a 5 28 42
a 5 2 42
a 5 42 52
a 5 12 52
a 5 52 55
a 5 15 55
a 5 55 45
a 5 5 45
a 5 45 35
a 5 35 72
a 5 32 72
a 5 72 22
a 5 22 49
a 5 9 49
a 5 49 33
a 5 33 47
a 5 7 47
a 5 47 43
a 5 3 43
a 5 43 25
a 5 25 37
a 5 37 23
a 5 23 41
a 5 1 41
a 5 41 36
a 5 36 16
a 5 16 26
a 5 26 31
a 5 31 13
a 5 13 50
a 5 10 50
a 5 50 51
a 5 11 51
a 5 51 27
a 5 27 24
a 5 24 4
a 5 4 39
a 5 39 38
a 5 38 68
a 5 28 68
a 5 68 75
a 5 35 75
a 5 75 63
a 5 23 63
a 5 63 71
a 5 31 71
a 5 71 62
a 5 22 62
a 5 62 73
a 5 33 73
a 5 73 76
a 5 36 76
a 5 76 53
a 5 13 53
a 5 53 66
a 5 26 66
a 5 66 64
a 5 24 64
a 5 64 79
a 5 39 79
a 5 79 65
a 5 25 65
a 5 65 56
a 5 16 56
a 5 56 44
a 5 4 44
a 5 44 77
a 5 37 77
a 5 77 78
a 5 38 78
a 5 78 67
a 5 27 67
a 5 67 81
a 6 80 6
a 6 6 18
a 6 18 19
a 6 19 20
a 6 20 0
a 6 0 15
a 6 15 2
a 6 2 30
a 6 30 8
a 6 8 1
a 6 1 21
a 6 21 10
a 6 10 3
a 6 3 11
a 6 11 40
a 6 0 40
a 6 40 60
a 6 20 60
a 6 60 58
a 6 18 58
a 6 58 59
a 6 19 59
a 6 59 28
a 6 28 42
a 6 2 42
a 6 42 46
a 6 6 46
a 6 46 55
a 6 15 55
a 6 55 22
a 6 22 43
a 6 3 43
a 6 43 25
a 6 25 23
a 6 23 70
a 6 30 70
a 6 70 41
a 6 1 41
a 6 41 36
a 6 36 61
a 6 21 61
a 6 61 16
a 6 16 31
a 6 31 48
a 6 8 48
a 6 48 50
a 6 10 50
a 6 50 17
a 6 17 29
a 6 29 51
a 6 11 51
a 6 51 24
a 6 24 4
a 6 4 38
a 6 38 68
a 6 28 68
a 6 68 63
a 6 23 63
a 6 63 71
a 6 31 71
a 6 71 62
a 6 22 62
a 6 62 76
a 6 36 76
a 6 76 64
a 6 24 64
a 6 64 57
a 6 17 57
a 6 57 69
a 6 29 69
a 6 69 65
a 6 25 65
a 6 65 56
a 6 16 56
a 6 56 44
a 6 4 44
a 6 44 78
a 6 38 78
a 6 78 81
a 7 80 6
a 7 6 18
a 7 18 19
a 7 19 14
a 7 14 20
a 7 20 0
a 7 0 15
a 7 15 2
a 7 2 12
a 7 12 8
a 7 8 32
a 7 32 1
a 7 1 7
a 7 7 10
a 7 10 3
a 7 3 40
a 7 0 40
a 7 40 60
a 7 20 60
a 7 60 54
a 7 14 54
a 7 54 58
a 7 18 58
a 7 58 59
a 7 19 59
a 7 59 28
a 7 28 42
a 7 2 42
a 7 42 46
a 7 6 46
a 7 46 52
a 7 12 52
a 7 52 55
a 7 15 55
a 7 55 35
a 7 35 72
a 7 32 72
a 7 72 47
a 7 7 47
a 7 47 43
a 7 3 43
a 7 43 37
a 7 37 34
a 7 34 23
a 7 23 41
a 7 1 41
a 7 41 16
a 7 16 26
a 7 26 31
a 7 31 48
a 7 8 48
a 7 48 13
a 7 13 50
a 7 10 50
a 7 50 17
a 7 17 27
a 7 27 24
a 7 24 4
a 7 4 38
a 7 38 68
a 7 28 68
a 7 68 75
a 7 35 75
a 7 75 63
a 7 23 63
a 7 63 71
a 7 31 71
a 7 71 53
a 7 13 53
a 7 53 74
a 7 34 74
a 7 74 66
a 7 26 66
a 7 66 64
a 7 24 64
a 7 64 57
a 7 17 57
a 7 57 56
a 7 16 56
a 7 56 44
a 7 4 44
a 7 44 77
a 7 37 77
a 7 77 78
a 7 38 78
a 7 78 67
a 7 27 67
a 7 67 81
a 8 80 6
a 8 6 18
a 8 18 14
a 8 14 20
a 8 20 15
a 8 15 2
a 8 2 9
a 8 9 30
a 8 30 8
a 8 8 32
a 8 32 7
a 8 7 21
a 8 21 10
a 8 10 11
a 8 11 60
a 8 20 60
a 8 60 54
a 8 14 54
a 8 54 58
a 8 18 58
a 8 58 42
a 8 2 42
a 8 42 46
a 8 6 46
a 8 46 55
a 8 15 55
a 8 55 35
a 8 35 72
a 8 32 72
a 8 72 49
a 8 9 49
a 8 49 47
a 8 7 47
a 8 47 25
a 8 25 37
a 8 37 34
a 8 34 23
a 8 23 70
a 8 30 70
a 8 70 36
a 8 36 61
a 8 21 61
a 8 61 16
a 8 16 26
a 8 26 31
a 8 31 48
a 8 8 48
a 8 48 13
a 8 13 50
a 8 10 50
a 8 50 17
a 8 17 29
a 8 29 51
a 8 11 51
a 8 51 27
a 8 27 4
a 8 4 39
a 8 39 38
a 8 38 75
a 8 35 75
a 8 75 63
a 8 23 63
a 8 63 71
a 8 31 71
a 8 71 76
a 8 36 76
a 8 76 53
a 8 13 53
a 8 53 74
a 8 34 74
a 8 74 66
a 8 26 66
a 8 66 79
a 8 39 79
a 8 79 57
a 8 17 57
a 8 57 69
a 8 29 69
a 8 69 65
a 8 25 65
a 8 65 56
a 8 16 56
a 8 56 44
a 8 4 44
a 8 44 77
a 8 37 77
a 8 77 78
a 8 38 78
a 8 78 67
a 8 27 67
a 8 67 81
a 9 80 19
a 9 19 20
a 9 20 0
a 9 0 15
a 9 15 2
a 9 2 5
a 9 5 9
a 9 9 30
a 9 30 8
a 9 8 1
a 9 1 21
a 9 21 10
a 9 10 11
a 9 11 40
a 9 0 40
a 9 40 60
a 9 20 60
a 9 60 59
a 9 19 59
a 9 59 28
a 9 28 42
a 9 2 42
a 9 42 55
a 9 15 55
a 9 55 45
a 9 5 45
a 9 45 49
a 9 9 49
a 9 49 37
a 9 37 34
a 9 34 70
a 9 30 70
a 9 70 41
a 9 1 41
a 9 41 36
a 9 36 61
a 9 21 61
a 9 61 26
a 9 26 31
a 9 31 48
a 9 8 48
a 9 48 50
a 9 10 50
a 9 50 17
a 9 17 29
a 9 29 51
a 9 11 51
a 9 51 27
a 9 27 24
a 9 24 38
a 9 38 68
a 9 28 68
a 9 68 71
a 9 31 71
a 9 71 76
a 9 36 76
a 9 76 74
a 9 34 74
a 9 74 66
a 9 26 66
a 9 66 64
a 9 24 64
a 9 64 57
a 9 17 57
a 9 57 69
a 9 29 69
a 9 69 77
a 9 37 77
a 9 77 78
a 9 38 78
a 9 78 67
a 9 27 67
a 9 67 81
a 10 80 6
a 10 6 19
a 10 19 14
a 10 14 0
a 10 0 15
a 10 15 2
a 10 2 9
a 10 9 8
a 10 8 32
a 10 32 7
a 10 7 10
a 10 10 3
a 10 3 11
a 10 11 40
a 10 0 40
a 10 40 54
a 10 14 54
a 10 54 59
a 10 19 59
a 10 59 42
a 10 2 42
a 10 42 46
a 10 6 46
a 10 46 55
a 10 15 55
a 10 55 35
a 10 35 72
a 10 32 72
a 10 72 49
a 10 9 49
a 10 49 33
a 10 33 47
a 10 7 47
a 10 47 43
a 10 3 43
a 10 43 25
a 10 25 37
a 10 37 34
a 10 34 23
a 10 23 36
a 10 36 16
a 10 16 31
a 10 31 48
a 10 8 48
a 10 48 13
a 10 13 50
a 10 10 50
a 10 50 17
a 10 17 29
a 10 29 51
a 10 11 51
a 10 51 27
a 10 27 24
a 10 24 4
a 10 4 39
a 10 39 38
a 10 38 75
a 10 35 75
a 10 75 63
a 10 23 63
a 10 63 71
a 10 31 71
a 10 71 73
a 10 33 73
a 10 73 76
a 10 36 76
a 10 76 74
a 10 34 74
a 10 74 53
a 10 13 53
a 10 53 64
a 10 24 64
a 10 64 79
a 10 39 79
a 10 79 57
a 10 17 57
a 10 57 69
a 10 29 69
a 10 69 65
a 10 25 65
a 10 65 56
a 10 16 56
a 10 56 44
a 10 4 44
a 10 44 77
a 10 37 77
a 10 77 78
a 10 38 78
a 10 78 67
a 10 27 67
a 10 67 81
a 11 80 18
a 11 18 19
a 11 19 20
a 11 20 0
a 11 0 5
a 11 5 12
a 11 12 9
a 11 9 30
a 11 30 8
a 11 8 32
a 11 32 1
a 11 1 21
a 11 21 3
a 11 3 40
a 11 0 40
a 11 40 60
a 11 20 60
a 11 60 58
a 11 18 58
a 11 58 59
a 11 19 59
a 11 59 28
a 11 28 52
a 11 12 52
a 11 52 45
a 11 5 45
a 11 45 35
a 11 35 72
a 11 32 72
a 11 72 22
a 11 22 49
a 11 9 49
a 11 49 43
a 11 3 43
a 11 43 25
a 11 25 37
a 11 37 34
a 11 34 70
a 11 30 70
a 11 70 41
a 11 1 41
a 11 41 36
a 11 36 61
a 11 21 61
a 11 61 16
a 11 16 26
a 11 26 31
a 11 31 48
a 11 8 48
a 11 48 13
a 11 13 17
a 11 17 27
a 11 27 24
a 11 24 39
a 11 39 68
a 11 28 68
a 11 68 75
a 11 35 75
a 11 75 71
a 11 31 71
a 11 71 62
a 11 22 62
a 11 62 76
a 11 36 76
a 11 76 53
a 11 13 53
a 11 53 74
a 11 34 74
a 11 74 66
a 11 26 66
a 11 66 64
a 11 24 64
a 11 64 79
a 11 39 79
a 11 79 57
a 11 17 57
a 11 57 65
a 11 25 65
a 11 65 56
a 11 16 56
a 11 56 77
a 11 37 77
a 11 77 67
a 11 27 67
a 11 67 81
a 12 80 6
a 12 6 18
a 12 18 20
a 12 20 0
a 12 0 2
a 12 2 5
a 12 5 12
a 12 12 9
a 12 9 32
a 12 32 1
a 12 1 7
a 12 7 21
a 12 21 10
a 12 10 3
a 12 3 11
a 12 11 40
a 12 0 40
a 12 40 60
a 12 20 60
a 12 60 58
a 12 18 58
a 12 58 28
a 12 28 42
a 12 2 42
a 12 42 46
a 12 6 46
a 12 46 52
a 12 12 52
a 12 52 45
a 12 5 45
a 12 45 35
a 12 35 72
a 12 32 72
a 12 72 49
a 12 9 49
a 12 49 33
a 12 33 47
a 12 7 47
a 12 47 43
a 12 3 43
a 12 43 37
a 12 37 34
a 12 34 23
a 12 23 41
a 12 1 41
a 12 41 36
a 12 36 61
a 12 21 61
a 12 61 16
a 12 16 31
a 12 31 13
a 12 13 50
a 12 10 50
a 12 50 17
a 12 17 29
a 12 29 51
a 12 11 51
a 12 51 24
a 12 24 4
a 12 4 68
a 12 28 68
a 12 68 75
a 12 35 75
a 12 75 63
a 12 23 63
a 12 63 71
a 12 31 71
a 12 71 73
a 12 33 73
a 12 73 76
a 12 36 76
a 12 76 53
a 12 13 53
a 12 53 74
a 12 34 74
a 12 74 64
a 12 24 64
a 12 64 57
a 12 17 57
a 12 57 69
a 12 29 69
a 12 69 56
a 12 16 56
a 12 56 44
a 12 4 44
a 12 44 77
a 12 37 77
a 12 77 81
a 13 80 6
a 13 6 18
a 13 18 19
a 13 19 14
a 13 14 20
a 13 20 15
a 13 15 2
a 13 2 5
a 13 5 12
a 13 12 9
a 13 9 30
a 13 30 8
a 13 8 32
a 13 32 1
a 13 1 7
a 13 7 10
a 13 10 11
a 13 11 60
a 13 20 60
a 13 60 54
a 13 14 54
a 13 54 58
a 13 18 58
a 13 58 59
a 13 19 59
a 13 59 28
a 13 28 42
a 13 2 42
a 13 42 46
a 13 6 46
a 13 46 52
a 13 12 52
a 13 52 55
a 13 15 55
a 13 55 45
a 13 5 45
a 13 45 35
a 13 35 72
a 13 32 72
a 13 72 22
a 13 22 49
a 13 9 49
a 13 49 33
a 13 33 47
a 13 7 47
a 13 47 25
a 13 25 37
a 13 37 34
a 13 34 23
a 13 23 70
a 13 30 70
a 13 70 41
a 13 1 41
a 13 41 36
a 13 36 16
a 13 16 26
a 13 26 31
a 13 31 48
a 13 8 48
a 13 48 50
a 13 10 50
a 13 50 17
a 13 17 29
a 13 29 51
a 13 11 51
a 13 51 27
a 13 27 24
a 13 24 4
a 13 4 39
a 13 39 68
a 13 28 68
a 13 68 75
a 13 35 75
a 13 75 63
a 13 23 63
a 13 63 71
a 13 31 71
a 13 71 62
a 13 22 62
a 13 62 73
a 13 33 73
a 13 73 76
a 13 36 76
a 13 76 74
a 13 34 74
a 13 74 66
a 13 26 66
a 13 66 64
a 13 24 64
a 13 64 79
a 13 39 79
a 13 79 57
a 13 17 57
a 13 57 69
a 13 29 69
a 13 69 65
a 13 25 65
a 13 65 56
a 13 16 56
a 13 56 44
a 13 4 44
a 13 44 77
a 13 37 77
a 13 77 67
a 13 27 67
a 13 67 81
a 14 80 6
a 14 6 18
a 14 18 19
a 14 19 14
a 14 14 20
a 14 20 15
a 14 15 2
a 14 2 5
a 14 5 12
a 14 12 9
a 14 9 8
a 14 8 1
a 14 1 21
a 14 21 10
a 14 10 3
a 14 3 60
a 14 20 60
a 14 60 54
a 14 14 54
a 14 54 58
a 14 18 58
a 14 58 59
a 14 19 59
a 14 59 42
a 14 2 42
a 14 42 46
a 14 6 46
a 14 46 52
a 14 12 52
a 14 52 55
a 14 15 55
a 14 55 45
a 14 5 45
a 14 45 35
a 14 35 49
a 14 9 49
a 14 49 33
a 14 33 43
a 14 3 43
a 14 43 25
a 14 25 37
a 14 37 34
a 14 34 41
a 14 1 41
a 14 41 36
a 14 36 61
a 14 21 61
a 14 61 16
a 14 16 26
a 14 26 31
a 14 31 48
a 14 8 48
a 14 48 50
a 14 10 50
a 14 50 17
a 14 17 29
a 14 29 27
a 14 27 24
a 14 24 4
a 14 4 39
a 14 39 38
a 14 38 75
a 14 35 75
a 14 75 71
a 14 31 71
a 14 71 73
a 14 33 73
a 14 73 76
a 14 36 76
a 14 76 74
a 14 34 74
a 14 74 66
a 14 26 66
a 14 66 64
a 14 24 64
a 14 64 79
a 14 39 79
a 14 79 57
a 14 17 57
a 14 57 69
a 14 29 69
a 14 69 65
a 14 25 65
a 14 65 56
a 14 16 56
a 14 56 44
a 14 4 44
a 14 44 77
a 14 37 77
a 14 77 78
a 14 38 78
a 14 78 67
a 14 27 67
a 14 67 81
a 15 80 18
a 15 18 19
a 15 19 14
a 15 14 20
a 15 20 0
a 15 0 15
a 15 15 5
a 15 5 12
a 15 12 1
a 15 1 7
a 15 7 21
a 15 21 11
a 15 11 40
a 15 0 40
a 15 40 60
a 15 20 60
a 15 60 54
a 15 14 54
a 15 54 58
a 15 18 58
a 15 58 59
a 15 19 59
a 15 59 52
a 15 12 52
a 15 52 55
a 15 15 55
a 15 55 45
a 15 5 45
a 15 45 35
a 15 35 33
a 15 33 47
a 15 7 47
a 15 47 25
a 15 25 37
a 15 37 41
a 15 1 41
a 15 41 61
a 15 21 61
a 15 61 16
a 15 16 31
a 15 31 13
a 15 13 17
a 15 17 51
a 15 11 51
a 15 51 27
a 15 27 4
a 15 4 38
a 15 38 75
a 15 35 75
a 15 75 71
a 15 31 71
a 15 71 73
a 15 33 73
a 15 73 53
a 15 13 53
a 15 53 57
a 15 17 57
a 15 57 65
a 15 25 65
a 15 65 56
a 15 16 56
a 15 56 44
a 15 4 44
a 15 44 77
a 15 37 77
a 15 77 78
a 15 38 78
a 15 78 67
a 15 27 67
a 15 67 81
a 16 80 0
a 16 0 2
a 16 2 8
a 16 8 1
a 16 1 7
a 16 7 21
a 16 21 11
a 16 11 40
a 16 0 40
a 16 40 28
a 16 28 42
a 16 2 42
a 16 42 22
a 16 22 33
a 16 33 47
a 16 7 47
a 16 47 25
a 16 25 34
a 16 34 23
a 16 23 41
a 16 1 41
a 16 41 36
a 16 36 61
a 16 21 61
a 16 61 16
a 16 16 31
a 16 31 48
a 16 8 48
a 16 48 13
a 16 13 17
a 16 17 29
a 16 29 51
a 16 11 51
a 16 51 27
a 16 27 24
a 16 24 4
a 16 4 39
a 16 39 38
a 16 38 68
a 16 28 68
a 16 68 63
a 16 23 63
a 16 63 71
a 16 31 71
a 16 71 62
a 16 22 62
a 16 62 73
a 16 33 73
a 16 73 76
a 16 36 76
a 16 76 53
a 16 13 53
a 16 53 74
a 16 34 74
a 16 74 64
a 16 24 64
a 16 64 79
a 16 39 79
a 16 79 57
a 16 17 57
a 16 57 69
a 16 29 69
a 16 69 65
a 16 25 65
a 16 65 56
a 16 16 56
a 16 56 44
a 16 4 44
a 16 44 78
a 16 38 78
a 16 78 67
a 16 27 67
a 16 67 81
a 17 80 6
a 17 6 18
a 17 18 20
a 17 20 0
a 17 0 15
a 17 15 2
a 17 2 5
a 17 5 12
a 17 12 30
a 17 30 8
a 17 8 1
a 17 1 7
a 17 7 21
a 17 21 10
a 17 10 11
a 17 11 40
a 17 0 40
a 17 40 60
a 17 20 60
a 17 60 58
a 17 18 58
a 17 58 42
a 17 2 42
a 17 42 46
a 17 6 46
a 17 46 52
a 17 12 52
a 17 52 55
a 17 15 55
a 17 55 45
a 17 5 45
a 17 45 35
a 17 35 22
a 17 22 33
a 17 33 47
a 17 7 47
a 17 47 37
a 17 37 70
a 17 30 70
a 17 70 41
a 17 1 41
a 17 41 61
a 17 21 61
a 17 61 16
a 17 16 26
a 17 26 31
a 17 31 48
a 17 8 48
a 17 48 13
a 17 13 50
a 17 10 50
a 17 50 51
a 17 11 51
a 17 51 27
a 17 27 24
a 17 24 4
a 17 4 39
a 17 39 38
a 17 38 75
a 17 35 75
a 17 75 71
a 17 31 71
a 17 71 62
a 17 22 62
a 17 62 73
a 17 33 73
a 17 73 53
a 17 13 53
a 17 53 66
a 17 26 66
a 17 66 64
a 17 24 64
a 17 64 79
a 17 39 79
a 17 79 56
a 17 16 56
a 17 56 44
a 17 4 44
a 17 44 77
a 17 37 77
a 17 77 78
a 17 38 78
a 17 78 67
a 17 27 67
a 17 67 81
a 18 80 6
a 18 6 18
a 18 18 19
a 18 19 20
a 18 20 0
a 18 0 15
a 18 15 2
a 18 2 5
a 18 5 12
a 18 12 30
a 18 30 8
a 18 8 1
a 18 1 7
a 18 7 3
a 18 3 11
a 18 11 40
a 18 0 40
a 18 40 60
a 18 20 60
a 18 60 58
a 18 18 58
a 18 58 59
a 18 19 59
a 18 59 42
a 18 2 42
a 18 42 46
a 18 6 46
a 18 46 52
a 18 12 52
a 18 52 55
a 18 15 55
a 18 55 45
a 18 5 45
a 18 45 35
a 18 35 22
a 18 22 33
a 18 33 47
a 18 7 47
a 18 47 43
a 18 3 43
a 18 43 25
a 18 25 37
a 18 37 23
a 18 23 70
a 18 30 70
a 18 70 41
a 18 1 41
a 18 41 36
a 18 36 16
a 18 16 26
a 18 26 31
a 18 31 48
a 18 8 48
a 18 48 13
a 18 13 17
a 18 17 51
a 18 11 51
a 18 51 39
a 18 39 38
a 18 38 75
a 18 35 75
a 18 75 63
a 18 23 63
a 18 63 71
a 18 31 71
a 18 71 62
a 18 22 62
a 18 62 73
a 18 33 73
a 18 73 76
a 18 36 76
a 18 76 53
a 18 13 53
a 18 53 66
a 18 26 66
a 18 66 79
a 18 39 79
a 18 79 57
a 18 17 57
a 18 57 65
a 18 25 65
a 18 65 56
a 18 16 56
a 18 56 77
a 18 37 77
a 18 77 78
a 18 38 78
a 18 78 81
a 19 80 19
a 19 19 14
a 19 14 20
a 19 20 0
a 19 0 15
a 19 15 2
a 19 2 5
a 19 5 9
a 19 9 30
a 19 30 8
a 19 8 32
a 19 32 7
a 19 7 10
a 19 10 3
a 19 3 40
a 19 0 40
a 19 40 60
a 19 20 60
a 19 60 54
a 19 14 54
a 19 54 59
a 19 19 59
a 19 59 42
a 19 2 42
a 19 42 55
a 19 15 55
a 19 55 45
a 19 5 45
a 19 45 35
a 19 35 72
a 19 32 72
a 19 72 22
a 19 22 49
a 19 9 49
a 19 49 47
a 19 7 47
a 19 47 43
a 19 3 43
a 19 43 25
a 19 25 23
a 19 23 70
a 19 30 70
a 19 70 36
a 19 36 16
a 19 16 31
a 19 31 48
a 19 8 48
a 19 48 13
a 19 13 50
a 19 10 50
a 19 50 17
a 19 17 29
a 19 29 27
a 19 27 24
a 19 24 39
a 19 39 38
a 19 38 75
a 19 35 75
a 19 75 63
a 19 23 63
a 19 63 71
a 19 31 71
a 19 71 62
a 19 22 62
a 19 62 76
a 19 36 76
a 19 76 53
a 19 13 53
a 19 53 64
a 19 24 64
a 19 64 79
a 19 39 79
a 19 79 57
a 19 17 57
a 19 57 69
a 19 29 69
a 19 69 65
a 19 25 65
a 19 65 56
a 19 16 56
a 19 56 78
a 19 38 78
a 19 78 67
a 19 27 67
a 19 67 81
a 20 80 18
a 20 18 19
a 20 19 14
a 20 14 20
a 20 20 0
a 20 0 15
a 20 15 2
a 20 2 5
a 20 5 12
a 20 12 30
a 20 30 32
a 20 32 1
a 20 1 7
a 20 7 21
a 20 21 10
a 20 10 3
a 20 3 11
a 20 11 40
a 20 0 40
a 20 40 60
a 20 20 60
a 20 60 54
a 20 14 54
a 20 54 58
a 20 18 58
a 20 58 59
a 20 19 59
a 20 59 28
a 20 28 42
a 20 2 42
a 20 42 52
a 20 12 52
a 20 52 55
a 20 15 55
a 20 55 45
a 20 5 45
a 20 45 35
a 20 35 72
a 20 32 72
a 20 72 22
a 20 22 33
a 20 33 47
a 20 7 47
a 20 47 43
a 20 3 43
a 20 43 25
a 20 25 34
a 20 34 23
a 20 23 70
a 20 30 70
a 20 70 41
a 20 1 41
a 20 41 61
a 20 21 61
a 20 61 16
a 20 16 26
a 20 26 31
a 20 31 13
a 20 13 50
a 20 10 50
a 20 50 29
a 20 29 17
a 20 17 51
a 20 11 51
a 20 51 27
a 20 27 4
a 20 4 39
a 20 39 68
a 20 28 68
a 20 68 75
a 20 35 75
a 20 75 63
a 20 23 63
a 20 63 71
a 20 31 71
a 20 71 62
a 20 22 62
a 20 62 73
a 20 33 73
a 20 73 53
a 20 13 53
a 20 53 74
a 20 34 74
a 20 74 66
a 20 26 66
a 20 66 79
a 20 39 79
a 20 79 57
a 20 17 57
a 20 57 69
a 20 29 69
a 20 69 65
a 20 25 65
a 20 65 56
a 20 16 56
a 20 56 44
a 20 4 44
a 20 44 67
a 20 27 67
a 20 67 81
a 21 80 6
a 21 6 18
a 21 18 20
a 21 20 0
a 21 0 15
a 21 15 2
a 21 2 5
a 21 5 12
a 21 12 30
a 21 30 8
a 21 8 32
a 21 32 21
a 21 21 10
a 21 10 3
a 21 3 11
a 21 11 40
a 21 0 40
a 21 40 60
a 21 20 60
a 21 60 58
a 21 18 58
a 21 58 42
a 21 2 42
a 21 42 46
a 21 6 46
a 21 46 52
a 21 12 52
a 21 52 55
a 21 15 55
a 21 55 45
a 21 5 45
a 21 45 35
a 21 35 72
a 21 32 72
a 21 72 22
a 21 22 33
a 21 33 43
a 21 3 43
a 21 43 25
a 21 25 37
a 21 37 34
a 21 34 23
a 21 23 70
a 21 30 70
a 21 70 36
a 21 36 61
a 21 21 61
a 21 61 16
a 21 16 31
a 21 31 48
a 21 8 48
a 21 48 13
a 21 13 50
a 21 10 50
a 21 50 17
a 21 17 29
a 21 29 51
a 21 11 51
a 21 51 27
a 21 27 39
a 21 39 38
a 21 38 75
a 21 35 75
a 21 75 63
a 21 23 63
a 21 63 71
a 21 31 71
a 21 71 62
a 21 22 62
a 21 62 76
a 21 36 76
a 21 76 73
a 21 33 73
a 21 73 74
a 21 34 74
a 21 74 53
a 21 13 53
a 21 53 79
a 21 39 79
a 21 79 57
a 21 17 57
a 21 57 69
a 21 29 69
a 21 69 65
a 21 25 65
a 21 65 56
a 21 16 56
a 21 56 77
a 21 37 77
a 21 77 78
a 21 38 78
a 21 78 67
a 21 27 67
a 21 67 81
a 22 80 6
a 22 6 19
a 22 19 18
a 22 18 14
a 22 14 0
a 22 0 15
a 22 15 2
a 22 2 5
a 22 5 12
a 22 12 8
a 22 8 32
a 22 32 1
a 22 1 7
a 22 7 21
a 22 21 10
a 22 10 3
a 22 3 11
a 22 11 40
a 22 0 40
a 22 40 54
a 22 14 54
a 22 54 58
a 22 18 58
a 22 58 59
a 22 19 59
a 22 59 28
a 22 28 42
a 22 2 42
a 22 42 46
a 22 6 46
a 22 46 52
a 22 12 52
a 22 52 55
a 22 15 55
a 22 55 45
a 22 5 45
a 22 45 35
a 22 35 72
a 22 32 72
a 22 72 22
a 22 22 33
a 22 33 47
a 22 7 47
a 22 47 43
a 22 3 43
a 22 43 25
a 22 25 37
a 22 37 34
a 22 34 41
a 22 1 41
a 22 41 36
a 22 36 61
a 22 21 61
a 22 61 16
a 22 16 26
a 22 26 48
a 22 8 48
a 22 48 13
a 22 13 50
a 22 10 50
a 22 50 17
a 22 17 51
a 22 11 51
a 22 51 24
a 22 24 4
a 22 4 39
a 22 39 38
a 22 38 68
a 22 28 68
a 22 68 75
a 22 35 75
a 22 75 62
a 22 22 62
a 22 62 73
a 22 33 73
a 22 73 76
a 22 36 76
a 22 76 74
a 22 34 74
a 22 74 53
a 22 13 53
a 22 53 66
a 22 26 66
a 22 66 64
a 22 24 64
a 22 64 79
a 22 39 79
a 22 79 57
a 22 17 57
a 22 57 65
a 22 25 65
a 22 65 56
a 22 16 56
a 22 56 44
a 22 4 44
a 22 44 77
a 22 37 77
a 22 77 78
a 22 38 78
a 22 78 81
