c Shift Minimisation Personnel Task Scheduling Problem (SMPTSP)
c data_13_25_120_33
c
c problem jobs shifts
p smptsp 120 25
c
c job start finish 
c 0 11 223
c 1 35 196
c 2 33 212
c 3 7 203
c 4 26 254
c 5 33 238
c 6 215 410
c 7 0 233
c 8 265 465
c 9 203 413
c 10 28 318
c 11 276 538
c 12 264 465
c 13 46 211
c 14 318 546
c 15 21 243
c 16 11 295
c 17 299 496
c 18 14 235
c 19 243 423
c 20 7 286
c 21 8 216
c 22 34 272
c 23 8 209
c 24 273 522
c 25 260 453
c 26 224 418
c 27 532 824
c 28 473 650
c 29 304 546
c 30 3 180
c 31 458 699
c 32 251 518
c 33 0 234
c 34 240 441
c 35 452 679
c 36 445 691
c 37 262 431
c 38 19 268
c 39 455 670
c 40 281 510
c 41 12 269
c 42 682 969
c 43 292 557
c 44 691 922
c 45 468 651
c 46 979 1177
c 47 587 806
c 48 944 1197
c 49 580 785
c 50 838 1073
c 51 827 1025
c 52 659 865
c 53 248 453
c 54 548 728
c 55 291 475
c 56 717 895
c 57 500 716
c 58 236 451
c 59 460 652
c 60 411 619
c 61 1034 1247
c 62 478 712
c 63 539 738
c 64 889 1130
c 65 528 720
c 66 761 963
c 67 751 909
c 68 540 752
c 69 628 908
c 70 972 1140
c 71 1080 1250
c 72 685 899
c 73 738 978
c 74 1252 1433
c 75 1201 1384
c 76 566 745
c 77 1251 1439
c 78 440 626
c 79 751 949
c 80 661 879
c 81 719 943
c 82 943 1124
c 83 919 1163
c 84 765 1012
c 85 900 1122
c 86 773 957
c 87 1215 1438
c 88 1022 1202
c 89 766 961
c 90 1014 1181
c 91 972 1195
c 92 658 898
c 93 474 657
c 94 687 919
c 95 943 1122
c 96 1004 1209
c 97 993 1246
c 98 879 1139
c 99 1158 1371
c 100 908 1160
c 101 787 1006
c 102 1183 1430
c 103 1185 1439
c 104 1153 1435
c 105 1164 1436
c 106 921 1193
c 107 1206 1431
c 108 1236 1438
c 109 1016 1207
c 110 950 1198
c 111 1264 1431
c 112 1226 1399
c 113 1211 1432
c 114 1261 1436
c 115 1226 1438
c 116 1152 1369
c 117 1204 1412
c 118 1133 1409
c 119 1169 1400
c
c shift cost source target num_qualifications qualifications
k 0 1 240 241 49 38 40 63 67 82 99 0 2 3 7 9 13 17 19 20 21 22 23 28 29 34 36 37 39 44 46 48 52 54 58 64 69 75 76 78 80 87 92 96 98 103 105 106 107 108 109 115 118 119
k 1 1 240 241 47 1 8 45 72 100 119 5 6 7 9 15 18 19 25 30 32 33 34 35 39 41 49 53 57 60 62 68 70 73 74 76 77 79 83 84 85 86 90 91 94 95 96 103 108 109 111 118
k 2 1 240 241 42 13 34 39 44 48 75 1 2 3 4 5 7 12 16 22 27 28 37 38 40 53 54 55 57 64 66 67 69 70 71 73 74 76 80 82 87 93 94 96 104 109 119
k 3 1 240 241 41 23 58 93 94 97 111 2 4 7 10 11 15 18 24 30 32 34 37 42 45 50 51 59 60 61 62 65 69 71 81 82 88 90 96 98 99 101 109 110 116 117
k 4 1 240 241 42 7 12 57 86 90 103 2 4 8 9 11 13 14 18 25 28 31 33 34 44 47 49 50 54 58 59 64 72 84 85 91 92 94 101 105 107 108 110 112 114 115 116
k 5 1 240 241 37 41 55 62 66 70 116 1 2 3 6 8 13 16 24 26 29 32 33 51 52 53 54 60 65 72 74 80 89 94 97 100 102 105 107 108 111 113
k 6 1 240 241 48 33 37 78 80 98 108 7 9 11 12 13 15 19 26 31 32 36 41 42 45 46 48 56 58 59 63 64 72 75 76 83 85 87 91 93 94 95 96 97 102 104 107 110 111 112 114 117 118
k 7 1 240 241 39 5 11 47 50 71 77 0 2 9 10 15 18 19 24 32 39 41 42 45 48 49 52 55 59 64 74 76 85 86 89 90 96 98 103 104 105 107 114 118
k 8 1 240 241 45 22 43 49 101 109 112 11 12 16 18 24 25 26 27 29 30 31 35 37 41 47 48 50 52 57 58 62 63 66 67 73 76 79 81 82 84 86 92 98 100 103 105 108 114 119
k 9 1 240 241 39 18 32 65 73 96 114 6 9 10 11 14 15 24 27 28 34 38 44 45 47 49 50 59 66 67 69 70 71 74 75 81 82 93 95 98 110 111 113 119
k 10 1 240 241 47 30 53 59 92 106 113 1 5 9 13 14 17 21 25 26 34 44 47 49 50 54 57 58 61 62 64 66 67 69 71 75 76 79 80 86 88 90 97 103 104 107 110 111 112 116 118 119
k 11 1 240 241 39 15 25 28 52 64 105 1 6 10 14 19 21 26 27 31 32 33 34 37 38 39 47 61 65 67 73 74 76 77 80 84 85 98 102 104 112 113 116 118
k 12 1 240 241 46 21 26 31 56 85 118 0 2 4 8 9 11 12 13 15 17 22 30 32 35 36 38 43 52 53 55 59 66 67 69 71 73 81 83 89 92 94 96 97 105 106 107 109 111 113 117
k 13 1 240 241 40 20 29 76 89 91 117 2 4 8 10 14 21 25 26 28 33 40 49 51 52 58 65 66 72 74 82 86 87 88 90 93 94 97 100 103 104 105 106 114 119
k 14 1 240 241 40 2 6 60 69 83 87 5 8 17 18 22 25 26 28 30 34 38 39 40 42 46 47 55 58 59 73 78 86 90 93 94 96 100 104 107 108 109 110 116 119
k 15 1 240 241 42 3 9 36 81 95 104 1 5 7 17 20 22 24 25 28 30 34 37 38 40 42 44 50 51 55 56 58 62 71 72 75 79 80 88 96 97 100 101 102 105 117 118
k 16 1 240 241 38 16 17 68 84 88 107 4 10 15 24 25 30 33 36 37 39 43 45 47 50 51 54 59 60 61 64 65 71 74 78 80 91 93 94 96 101 105 118
k 17 1 240 241 49 0 19 35 42 46 102 2 3 12 13 16 18 21 22 24 25 29 32 36 45 48 51 52 56 57 58 59 61 65 68 70 73 77 78 82 85 86 87 94 95 97 99 104 107 109 110 113 115 116
k 18 1 240 241 46 10 14 54 79 110 115 6 11 13 16 17 18 20 23 27 30 31 33 36 38 39 40 43 44 55 57 59 60 62 68 70 72 74 81 84 86 87 92 97 98 101 104 107 113 116 119
k 19 1 240 241 46 4 24 27 51 61 74 6 10 11 14 15 18 19 21 23 28 30 32 34 36 37 43 44 45 48 50 55 56 59 65 66 67 69 72 73 77 80 82 85 87 94 96 105 109 110 111
k 20 1 240 241 37 116 48 19 52 106 66 54 59 75 10 74 58 107 81 17 62 117 12 61 80 86 1 105 89 4 40 9 111 37 57 11 35 69 7 87 16 33
k 21 1 240 241 46 66 5 106 83 59 104 88 111 92 29 63 30 48 28 35 100 69 36 98 85 86 51 1 44 68 110 73 74 4 84 34 107 56 99 16 112 71 77 47 114 115 37 75 9 43 53
k 22 1 240 241 37 98 86 40 64 58 48 9 117 77 36 44 63 30 23 50 59 52 5 4 65 74 106 69 2 102 104 37 27 75 68 11 62 108 8 100 22 71
k 23 1 240 241 47 10 45 1 61 90 118 65 0 56 4 66 42 68 16 98 44 117 102 104 36 92 59 99 70 71 93 11 81 13 14 100 3 79 101 76 39 108 110 55 86 26 60 96 67 19 18 47
k 24 1 240 241 44 92 28 52 99 9 56 50 102 107 6 21 73 12 1 55 59 79 81 104 19 91 20 65 108 47 110 24 58 0 64 22 29 116 30 44 32 25 105 62 40 2 98 113 84
c
c graph source target
a 0 240 7
a 0 7 3
a 0 3 20
a 0 20 21
a 0 21 23
a 0 23 0
a 0 0 38
a 0 38 2
a 0 2 22
a 0 22 13
a 0 13 9
a 0 9 123
a 0 3 123
a 0 123 143
a 0 23 143
a 0 143 133
a 0 13 133
a 0 133 122
a 0 2 122
a 0 122 141
a 0 21 141
a 0 141 120
a 0 0 120
a 0 120 127
a 0 7 127
a 0 127 58
a 0 58 34
a 0 34 19
a 0 19 37
a 0 37 158
a 0 38 158
a 0 158 142
a 0 22 142
a 0 142 40
a 0 40 140
a 0 20 140
a 0 140 17
a 0 17 29
a 0 29 129
a 0 9 129
a 0 129 139
a 0 19 139
a 0 139 157
a 0 37 157
a 0 157 78
a 0 78 154
a 0 34 154
a 0 154 36
a 0 36 178
a 0 58 178
a 0 178 39
a 0 39 28
a 0 28 137
a 0 17 137
a 0 137 160
a 0 40 160
a 0 160 63
a 0 63 149
a 0 29 149
a 0 149 54
a 0 54 76
a 0 76 198
a 0 78 198
a 0 198 69
a 0 69 148
a 0 28 148
a 0 148 92
a 0 92 52
a 0 52 80
a 0 80 159
a 0 39 159
a 0 159 44
a 0 44 156
a 0 36 156
a 0 156 174
a 0 54 174
a 0 174 183
a 0 63 183
a 0 183 196
a 0 76 196
a 0 196 67
a 0 67 172
a 0 52 172
a 0 172 98
a 0 98 200
a 0 80 200
a 0 200 64
a 0 64 212
a 0 92 212
a 0 212 189
a 0 69 189
a 0 189 187
a 0 67 187
a 0 187 106
a 0 106 164
a 0 44 164
a 0 164 82
a 0 82 48
a 0 48 46
a 0 46 96
a 0 96 109
a 0 109 202
a 0 82 202
a 0 202 184
a 0 64 184
a 0 184 118
a 0 118 218
a 0 98 218
a 0 218 99
a 0 99 105
a 0 105 119
a 0 119 166
a 0 46 166
a 0 166 103
a 0 103 226
a 0 106 226
a 0 226 168
a 0 48 168
a 0 168 75
a 0 75 107
a 0 107 229
a 0 109 229
a 0 229 216
a 0 96 216
a 0 216 87
a 0 87 115
a 0 115 108
a 0 108 219
a 0 99 219
a 0 219 195
a 0 75 195
a 0 195 239
a 0 119 239
a 0 239 238
a 0 118 238
a 0 238 227
a 0 107 227
a 0 227 225
a 0 105 225
a 0 225 207
a 0 87 207
a 0 207 228
a 0 108 228
a 0 228 235
a 0 115 235
a 0 235 223
a 0 103 223
a 0 223 241
a 1 240 7
a 1 7 33
a 1 33 30
a 1 30 41
a 1 41 18
a 1 18 15
a 1 15 5
a 1 5 1
a 1 1 150
a 1 30 150
a 1 150 121
a 1 1 121
a 1 121 9
a 1 9 6
a 1 6 127
a 1 7 127
a 1 127 153
a 1 33 153
a 1 153 138
a 1 18 138
a 1 138 125
a 1 5 125
a 1 125 34
a 1 34 19
a 1 19 135
a 1 15 135
a 1 135 53
a 1 53 32
a 1 32 25
a 1 25 8
a 1 8 161
a 1 41 161
a 1 161 126
a 1 6 126
a 1 126 60
a 1 60 129
a 1 9 129
a 1 129 139
a 1 19 139
a 1 139 154
a 1 34 154
a 1 154 35
a 1 35 145
a 1 25 145
a 1 145 173
a 1 53 173
a 1 173 39
a 1 39 128
a 1 8 128
a 1 128 45
a 1 45 62
a 1 62 57
a 1 57 152
a 1 32 152
a 1 152 68
a 1 68 76
a 1 76 49
a 1 49 180
a 1 60 180
a 1 180 165
a 1 45 165
a 1 165 159
a 1 39 159
a 1 159 155
a 1 35 155
a 1 155 72
a 1 72 94
a 1 94 182
a 1 62 182
a 1 182 177
a 1 57 177
a 1 177 73
a 1 73 196
a 1 76 196
a 1 196 79
a 1 79 188
a 1 68 188
a 1 188 84
a 1 84 86
a 1 86 169
a 1 49 169
a 1 169 192
a 1 72 192
a 1 192 85
a 1 85 100
a 1 100 83
a 1 83 214
a 1 94 214
a 1 214 95
a 1 95 199
a 1 79 199
a 1 199 206
a 1 86 206
a 1 206 70
a 1 70 91
a 1 91 193
a 1 73 193
a 1 193 96
a 1 96 204
a 1 84 204
a 1 204 90
a 1 90 109
a 1 109 205
a 1 85 205
a 1 205 215
a 1 95 215
a 1 215 118
a 1 118 190
a 1 70 190
a 1 190 220
a 1 100 220
a 1 220 203
a 1 83 203
a 1 203 119
a 1 119 210
a 1 90 210
a 1 210 103
a 1 103 211
a 1 91 211
a 1 211 229
a 1 109 229
a 1 229 216
a 1 96 216
a 1 216 108
a 1 108 77
a 1 77 74
a 1 74 111
a 1 111 239
a 1 119 239
a 1 239 238
a 1 118 238
a 1 238 231
a 1 111 231
a 1 231 194
a 1 74 194
a 1 194 228
a 1 108 228
a 1 228 197
a 1 77 197
a 1 197 223
a 1 103 223
a 1 223 241
a 2 240 7
a 2 7 3
a 2 3 16
a 2 16 38
a 2 38 4
a 2 4 2
a 2 2 5
a 2 5 22
a 2 22 1
a 2 1 13
a 2 13 121
a 2 1 121
a 2 121 123
a 2 3 123
a 2 123 133
a 2 13 133
a 2 133 122
a 2 2 122
a 2 122 127
a 2 7 127
a 2 127 125
a 2 5 125
a 2 125 34
a 2 34 53
a 2 53 124
a 2 4 124
a 2 124 37
a 2 37 12
a 2 12 158
a 2 38 158
a 2 158 142
a 2 22 142
a 2 142 40
a 2 40 55
a 2 55 136
a 2 16 136
a 2 136 157
a 2 37 157
a 2 157 154
a 2 34 154
a 2 154 173
a 2 53 173
a 2 173 39
a 2 39 132
a 2 12 132
a 2 132 28
a 2 28 93
a 2 93 175
a 2 55 175
a 2 175 57
a 2 57 160
a 2 40 160
a 2 160 27
a 2 27 54
a 2 54 76
a 2 76 69
a 2 69 148
a 2 28 148
a 2 148 213
a 2 93 213
a 2 213 80
a 2 80 159
a 2 39 159
a 2 159 94
a 2 94 44
a 2 44 177
a 2 57 177
a 2 177 174
a 2 54 174
a 2 174 73
a 2 73 196
a 2 76 196
a 2 196 67
a 2 67 66
a 2 66 147
a 2 27 147
a 2 147 200
a 2 80 200
a 2 200 64
a 2 64 189
a 2 69 189
a 2 189 187
a 2 67 187
a 2 187 214
a 2 94 214
a 2 214 164
a 2 44 164
a 2 164 82
a 2 82 48
a 2 48 186
a 2 66 186
a 2 186 70
a 2 70 193
a 2 73 193
a 2 193 96
a 2 96 109
a 2 109 71
a 2 71 202
a 2 82 202
a 2 202 184
a 2 64 184
a 2 184 190
a 2 70 190
a 2 190 104
a 2 104 119
a 2 119 168
a 2 48 168
a 2 168 75
a 2 75 229
a 2 109 229
a 2 229 216
a 2 96 216
a 2 216 87
a 2 87 191
a 2 71 191
a 2 191 74
a 2 74 195
a 2 75 195
a 2 195 239
a 2 119 239
a 2 239 194
a 2 74 194
a 2 194 224
a 2 104 224
a 2 224 207
a 2 87 207
a 2 207 241
a 3 240 7
a 3 7 30
a 3 30 23
a 3 23 18
a 3 18 15
a 3 15 4
a 3 4 10
a 3 10 2
a 3 2 150
a 3 30 150
a 3 150 143
a 3 23 143
a 3 143 122
a 3 2 122
a 3 122 127
a 3 7 127
a 3 127 138
a 3 18 138
a 3 138 58
a 3 58 34
a 3 34 135
a 3 15 135
a 3 135 32
a 3 32 124
a 3 4 124
a 3 124 37
a 3 37 24
a 3 24 11
a 3 11 130
a 3 10 130
a 3 130 60
a 3 60 157
a 3 37 157
a 3 157 154
a 3 34 154
a 3 154 178
a 3 58 178
a 3 178 59
a 3 59 45
a 3 45 93
a 3 93 62
a 3 62 152
a 3 32 152
a 3 152 144
a 3 24 144
a 3 144 65
a 3 65 131
a 3 11 131
a 3 131 180
a 3 60 180
a 3 180 69
a 3 69 165
a 3 45 165
a 3 165 179
a 3 59 179
a 3 179 213
a 3 93 213
a 3 213 42
a 3 42 94
a 3 94 182
a 3 62 182
a 3 182 81
a 3 81 185
a 3 65 185
a 3 185 101
a 3 101 51
a 3 51 50
a 3 50 98
a 3 98 189
a 3 69 189
a 3 189 214
a 3 94 214
a 3 214 82
a 3 82 201
a 3 81 201
a 3 201 110
a 3 110 162
a 3 42 162
a 3 162 97
a 3 97 96
a 3 96 221
a 3 101 221
a 3 221 90
a 3 90 109
a 3 109 88
a 3 88 171
a 3 51 171
a 3 171 61
a 3 61 170
a 3 50 170
a 3 170 71
a 3 71 202
a 3 82 202
a 3 202 218
a 3 98 218
a 3 218 116
a 3 116 99
a 3 99 210
a 3 90 210
a 3 210 230
a 3 110 230
a 3 230 208
a 3 88 208
a 3 208 117
a 3 117 229
a 3 109 229
a 3 229 216
a 3 96 216
a 3 216 217
a 3 97 217
a 3 217 181
a 3 61 181
a 3 181 191
a 3 71 191
a 3 191 111
a 3 111 236
a 3 116 236
a 3 236 219
a 3 99 219
a 3 219 237
a 3 117 237
a 3 237 231
a 3 111 231
a 3 231 241
a 4 240 7
a 4 7 33
a 4 33 18
a 4 18 4
a 4 4 2
a 4 2 13
a 4 13 9
a 4 9 133
a 4 13 133
a 4 133 122
a 4 2 122
a 4 122 127
a 4 7 127
a 4 127 153
a 4 33 153
a 4 153 138
a 4 18 138
a 4 138 58
a 4 58 34
a 4 34 124
a 4 4 124
a 4 124 25
a 4 25 12
a 4 12 8
a 4 8 11
a 4 11 14
a 4 14 129
a 4 9 129
a 4 129 154
a 4 34 154
a 4 154 178
a 4 58 178
a 4 178 145
a 4 25 145
a 4 145 31
a 4 31 59
a 4 59 132
a 4 12 132
a 4 132 128
a 4 8 128
a 4 128 28
a 4 28 57
a 4 57 131
a 4 11 131
a 4 131 134
a 4 14 134
a 4 134 54
a 4 54 49
a 4 49 47
a 4 47 148
a 4 28 148
a 4 148 179
a 4 59 179
a 4 179 92
a 4 92 72
a 4 72 94
a 4 94 44
a 4 44 151
a 4 31 151
a 4 151 177
a 4 57 177
a 4 177 174
a 4 54 174
a 4 174 84
a 4 84 86
a 4 86 169
a 4 49 169
a 4 169 101
a 4 101 167
a 4 47 167
a 4 167 50
a 4 50 64
a 4 64 212
a 4 92 212
a 4 212 192
a 4 72 192
a 4 192 85
a 4 85 214
a 4 94 214
a 4 214 164
a 4 44 164
a 4 164 110
a 4 110 206
a 4 86 206
a 4 206 91
a 4 91 221
a 4 101 221
a 4 221 204
a 4 84 204
a 4 204 90
a 4 90 170
a 4 50 170
a 4 170 205
a 4 85 205
a 4 205 184
a 4 64 184
a 4 184 116
a 4 116 105
a 4 105 210
a 4 90 210
a 4 210 103
a 4 103 211
a 4 91 211
a 4 211 230
a 4 110 230
a 4 230 107
a 4 107 112
a 4 112 115
a 4 115 108
a 4 108 114
a 4 114 236
a 4 116 236
a 4 236 232
a 4 112 232
a 4 232 227
a 4 107 227
a 4 227 225
a 4 105 225
a 4 225 234
a 4 114 234
a 4 234 228
a 4 108 228
a 4 228 235
a 4 115 235
a 4 235 223
a 4 103 223
a 4 223 241
a 5 240 33
a 5 33 3
a 5 3 16
a 5 16 41
a 5 41 2
a 5 2 1
a 5 1 13
a 5 13 121
a 5 1 121
a 5 121 123
a 5 3 123
a 5 123 133
a 5 13 133
a 5 133 122
a 5 2 122
a 5 122 6
a 5 6 26
a 5 26 153
a 5 33 153
a 5 153 53
a 5 53 32
a 5 32 8
a 5 8 161
a 5 41 161
a 5 161 24
a 5 24 55
a 5 55 136
a 5 16 136
a 5 136 29
a 5 29 126
a 5 6 126
a 5 126 60
a 5 60 146
a 5 26 146
a 5 146 173
a 5 53 173
a 5 173 128
a 5 8 128
a 5 128 175
a 5 55 175
a 5 175 62
a 5 62 152
a 5 32 152
a 5 152 144
a 5 24 144
a 5 144 65
a 5 65 149
a 5 29 149
a 5 149 54
a 5 54 180
a 5 60 180
a 5 180 52
a 5 52 80
a 5 80 72
a 5 72 94
a 5 94 182
a 5 62 182
a 5 182 185
a 5 65 185
a 5 185 174
a 5 54 174
a 5 174 66
a 5 66 89
a 5 89 51
a 5 51 172
a 5 52 172
a 5 172 200
a 5 80 200
a 5 200 192
a 5 72 192
a 5 192 100
a 5 100 214
a 5 94 214
a 5 214 209
a 5 89 209
a 5 209 186
a 5 66 186
a 5 186 70
a 5 70 97
a 5 97 171
a 5 51 171
a 5 171 190
a 5 70 190
a 5 190 116
a 5 116 220
a 5 100 220
a 5 220 105
a 5 105 102
a 5 102 107
a 5 107 113
a 5 113 108
a 5 108 217
a 5 97 217
a 5 217 74
a 5 74 111
a 5 111 236
a 5 116 236
a 5 236 222
a 5 102 222
a 5 222 227
a 5 107 227
a 5 227 231
a 5 111 231
a 5 231 233
a 5 113 233
a 5 233 194
a 5 74 194
a 5 194 225
a 5 105 225
a 5 225 228
a 5 108 228
a 5 228 241
a 6 240 33
a 6 33 7
a 6 7 41
a 6 41 15
a 6 15 13
a 6 13 9
a 6 9 133
a 6 13 133
a 6 133 26
a 6 26 127
a 6 7 127
a 6 127 153
a 6 33 153
a 6 153 58
a 6 58 19
a 6 19 135
a 6 15 135
a 6 135 32
a 6 32 37
a 6 37 12
a 6 12 161
a 6 41 161
a 6 161 11
a 6 11 129
a 6 9 129
a 6 129 146
a 6 26 146
a 6 146 139
a 6 19 139
a 6 139 157
a 6 37 157
a 6 157 78
a 6 78 36
a 6 36 178
a 6 58 178
a 6 178 31
a 6 31 59
a 6 59 132
a 6 12 132
a 6 132 45
a 6 45 93
a 6 93 152
a 6 32 152
a 6 152 131
a 6 11 131
a 6 131 63
a 6 63 76
a 6 76 198
a 6 78 198
a 6 198 165
a 6 45 165
a 6 165 179
a 6 59 179
a 6 179 213
a 6 93 213
a 6 213 80
a 6 80 42
a 6 42 72
a 6 72 94
a 6 94 156
a 6 36 156
a 6 156 151
a 6 31 151
a 6 151 56
a 6 56 183
a 6 63 183
a 6 183 196
a 6 76 196
a 6 196 98
a 6 98 200
a 6 80 200
a 6 200 64
a 6 64 176
a 6 56 176
a 6 176 192
a 6 72 192
a 6 192 85
a 6 85 83
a 6 83 214
a 6 94 214
a 6 214 95
a 6 95 48
a 6 48 110
a 6 110 162
a 6 42 162
a 6 162 91
a 6 91 46
a 6 46 97
a 6 97 96
a 6 96 205
a 6 85 205
a 6 205 215
a 6 95 215
a 6 215 184
a 6 64 184
a 6 184 118
a 6 118 218
a 6 98 218
a 6 218 104
a 6 104 203
a 6 83 203
a 6 203 166
a 6 46 166
a 6 166 102
a 6 102 211
a 6 91 211
a 6 211 168
a 6 48 168
a 6 168 230
a 6 110 230
a 6 230 75
a 6 75 117
a 6 117 107
a 6 107 216
a 6 96 216
a 6 216 87
a 6 87 112
a 6 112 108
a 6 108 217
a 6 97 217
a 6 217 114
a 6 114 111
a 6 111 195
a 6 75 195
a 6 195 232
a 6 112 232
a 6 232 238
a 6 118 238
a 6 238 237
a 6 117 237
a 6 237 222
a 6 102 222
a 6 222 227
a 6 107 227
a 6 227 231
a 6 111 231
a 6 231 224
a 6 104 224
a 6 224 234
a 6 114 234
a 6 234 228
a 6 108 228
a 6 228 207
a 6 87 207
a 6 207 241
a 7 240 0
a 7 0 41
a 7 41 18
a 7 18 15
a 7 15 10
a 7 10 5
a 7 5 2
a 7 2 9
a 7 9 122
a 7 2 122
a 7 122 120
a 7 0 120
a 7 120 138
a 7 18 138
a 7 138 125
a 7 5 125
a 7 125 19
a 7 19 135
a 7 15 135
a 7 135 32
a 7 32 161
a 7 41 161
a 7 161 24
a 7 24 11
a 7 11 55
a 7 55 130
a 7 10 130
a 7 130 129
a 7 9 129
a 7 129 139
a 7 19 139
a 7 139 39
a 7 39 59
a 7 59 45
a 7 45 175
a 7 55 175
a 7 175 152
a 7 32 152
a 7 152 144
a 7 24 144
a 7 144 131
a 7 11 131
a 7 131 76
a 7 76 49
a 7 49 47
a 7 47 165
a 7 45 165
a 7 165 179
a 7 59 179
a 7 179 52
a 7 52 159
a 7 39 159
a 7 159 42
a 7 42 196
a 7 76 196
a 7 196 89
a 7 89 86
a 7 86 169
a 7 49 169
a 7 169 167
a 7 47 167
a 7 167 50
a 7 50 172
a 7 52 172
a 7 172 98
a 7 98 64
a 7 64 85
a 7 85 48
a 7 48 206
a 7 86 206
a 7 206 209
a 7 89 209
a 7 209 162
a 7 42 162
a 7 162 96
a 7 96 90
a 7 90 170
a 7 50 170
a 7 170 71
a 7 71 205
a 7 85 205
a 7 205 184
a 7 64 184
a 7 184 118
a 7 118 218
a 7 98 218
a 7 218 104
a 7 104 105
a 7 105 210
a 7 90 210
a 7 210 103
a 7 103 168
a 7 48 168
a 7 168 107
a 7 107 216
a 7 96 216
a 7 216 191
a 7 71 191
a 7 191 77
a 7 77 74
a 7 74 114
a 7 114 238
a 7 118 238
a 7 238 227
a 7 107 227
a 7 227 194
a 7 74 194
a 7 194 224
a 7 104 224
a 7 224 225
a 7 105 225
a 7 225 234
a 7 114 234
a 7 234 197
a 7 77 197
a 7 197 223
a 7 103 223
a 7 223 241
a 8 240 30
a 8 30 16
a 8 16 41
a 8 41 18
a 8 18 22
a 8 22 150
a 8 30 150
a 8 150 26
a 8 26 138
a 8 18 138
a 8 138 58
a 8 58 25
a 8 25 37
a 8 37 12
a 8 12 161
a 8 41 161
a 8 161 142
a 8 22 142
a 8 142 24
a 8 24 11
a 8 11 43
a 8 43 136
a 8 16 136
a 8 136 29
a 8 29 146
a 8 26 146
a 8 146 157
a 8 37 157
a 8 157 178
a 8 58 178
a 8 178 35
a 8 35 145
a 8 25 145
a 8 145 31
a 8 31 132
a 8 12 132
a 8 132 62
a 8 62 57
a 8 57 144
a 8 24 144
a 8 144 27
a 8 27 131
a 8 11 131
a 8 131 63
a 8 63 149
a 8 29 149
a 8 149 163
a 8 43 163
a 8 163 76
a 8 76 49
a 8 49 47
a 8 47 92
a 8 92 52
a 8 52 155
a 8 35 155
a 8 155 151
a 8 31 151
a 8 151 182
a 8 62 182
a 8 182 177
a 8 57 177
a 8 177 81
a 8 81 73
a 8 73 183
a 8 63 183
a 8 183 196
a 8 76 196
a 8 196 67
a 8 67 79
a 8 79 66
a 8 66 84
a 8 84 86
a 8 86 169
a 8 49 169
a 8 169 101
a 8 101 167
a 8 47 167
a 8 167 147
a 8 27 147
a 8 147 50
a 8 50 172
a 8 52 172
a 8 172 98
a 8 98 212
a 8 92 212
a 8 212 100
a 8 100 187
a 8 67 187
a 8 187 82
a 8 82 201
a 8 81 201
a 8 201 48
a 8 48 199
a 8 79 199
a 8 199 206
a 8 86 206
a 8 206 186
a 8 66 186
a 8 186 193
a 8 73 193
a 8 193 221
a 8 101 221
a 8 221 204
a 8 84 204
a 8 204 109
a 8 109 170
a 8 50 170
a 8 170 202
a 8 82 202
a 8 202 218
a 8 98 218
a 8 218 220
a 8 100 220
a 8 220 105
a 8 105 119
a 8 119 103
a 8 103 168
a 8 48 168
a 8 168 229
a 8 109 229
a 8 229 112
a 8 112 108
a 8 108 114
a 8 114 232
a 8 112 232
a 8 232 239
a 8 119 239
a 8 239 225
a 8 105 225
a 8 225 234
a 8 114 234
a 8 234 228
a 8 108 228
a 8 228 223
a 8 103 223
a 8 223 241
a 9 240 18
a 9 18 38
a 9 38 15
a 9 15 10
a 9 10 9
a 9 9 6
a 9 6 138
a 9 18 138
a 9 138 34
a 9 34 135
a 9 15 135
a 9 135 32
a 9 32 158
a 9 38 158
a 9 158 24
a 9 24 11
a 9 11 14
a 9 14 130
a 9 10 130
a 9 130 126
a 9 6 126
a 9 126 129
a 9 9 129
a 9 129 154
a 9 34 154
a 9 154 59
a 9 59 45
a 9 45 28
a 9 28 93
a 9 93 152
a 9 32 152
a 9 152 144
a 9 24 144
a 9 144 65
a 9 65 27
a 9 27 131
a 9 11 131
a 9 131 134
a 9 14 134
a 9 134 49
a 9 49 47
a 9 47 69
a 9 69 148
a 9 28 148
a 9 148 165
a 9 45 165
a 9 165 179
a 9 59 179
a 9 179 213
a 9 93 213
a 9 213 44
a 9 44 81
a 9 81 185
a 9 65 185
a 9 185 73
a 9 73 67
a 9 67 66
a 9 66 169
a 9 49 169
a 9 169 167
a 9 47 167
a 9 167 147
a 9 27 147
a 9 147 50
a 9 50 98
a 9 98 189
a 9 69 189
a 9 189 187
a 9 67 187
a 9 187 164
a 9 44 164
a 9 164 82
a 9 82 95
a 9 95 201
a 9 81 201
a 9 201 110
a 9 110 186
a 9 66 186
a 9 186 70
a 9 70 193
a 9 73 193
a 9 193 96
a 9 96 170
a 9 50 170
a 9 170 71
a 9 71 215
a 9 95 215
a 9 215 202
a 9 82 202
a 9 202 218
a 9 98 218
a 9 218 190
a 9 70 190
a 9 190 119
a 9 119 230
a 9 110 230
a 9 230 75
a 9 75 216
a 9 96 216
a 9 216 113
a 9 113 191
a 9 71 191
a 9 191 74
a 9 74 114
a 9 114 111
a 9 111 195
a 9 75 195
a 9 195 239
a 9 119 239
a 9 239 231
a 9 111 231
a 9 231 233
a 9 113 233
a 9 233 194
a 9 74 194
a 9 194 234
a 9 114 234
a 9 234 241
a 10 240 30
a 10 30 21
a 10 21 5
a 10 5 1
a 10 1 13
a 10 13 150
a 10 30 150
a 10 150 121
a 10 1 121
a 10 121 9
a 10 9 133
a 10 13 133
a 10 133 141
a 10 21 141
a 10 141 26
a 10 26 58
a 10 58 125
a 10 5 125
a 10 125 34
a 10 34 53
a 10 53 25
a 10 25 17
a 10 17 14
a 10 14 129
a 10 9 129
a 10 129 146
a 10 26 146
a 10 146 154
a 10 34 154
a 10 154 178
a 10 58 178
a 10 178 173
a 10 53 173
a 10 173 145
a 10 25 145
a 10 145 59
a 10 59 62
a 10 62 137
a 10 17 137
a 10 137 57
a 10 57 134
a 10 14 134
a 10 134 54
a 10 54 76
a 10 76 49
a 10 49 47
a 10 47 69
a 10 69 179
a 10 59 179
a 10 179 92
a 10 92 80
a 10 80 44
a 10 44 182
a 10 62 182
a 10 182 177
a 10 57 177
a 10 177 174
a 10 54 174
a 10 174 196
a 10 76 196
a 10 196 67
a 10 67 79
a 10 79 66
a 10 66 86
a 10 86 169
a 10 49 169
a 10 169 167
a 10 47 167
a 10 167 50
a 10 50 200
a 10 80 200
a 10 200 64
a 10 64 212
a 10 92 212
a 10 212 189
a 10 69 189
a 10 189 187
a 10 67 187
a 10 187 106
a 10 106 164
a 10 44 164
a 10 164 199
a 10 79 199
a 10 199 110
a 10 110 206
a 10 86 206
a 10 206 186
a 10 66 186
a 10 186 97
a 10 97 90
a 10 90 88
a 10 88 61
a 10 61 170
a 10 50 170
a 10 170 71
a 10 71 184
a 10 64 184
a 10 184 118
a 10 118 116
a 10 116 104
a 10 104 119
a 10 119 210
a 10 90 210
a 10 210 103
a 10 103 226
a 10 106 226
a 10 226 230
a 10 110 230
a 10 230 75
a 10 75 208
a 10 88 208
a 10 208 107
a 10 107 113
a 10 113 112
a 10 112 217
a 10 97 217
a 10 217 181
a 10 61 181
a 10 181 191
a 10 71 191
a 10 191 111
a 10 111 236
a 10 116 236
a 10 236 195
a 10 75 195
a 10 195 232
a 10 112 232
a 10 232 239
a 10 119 239
a 10 239 238
a 10 118 238
a 10 238 227
a 10 107 227
a 10 227 231
a 10 111 231
a 10 231 233
a 10 113 233
a 10 233 224
a 10 104 224
a 10 224 223
a 10 103 223
a 10 223 241
a 11 240 33
a 11 33 21
a 11 21 38
a 11 38 15
a 11 15 10
a 11 10 1
a 11 1 121
a 11 1 121
a 11 121 6
a 11 6 141
a 11 21 141
a 11 141 26
a 11 26 153
a 11 33 153
a 11 153 34
a 11 34 19
a 11 19 135
a 11 15 135
a 11 135 32
a 11 32 25
a 11 25 37
a 11 37 158
a 11 38 158
a 11 158 14
a 11 14 130
a 11 10 130
a 11 130 126
a 11 6 126
a 11 126 146
a 11 26 146
a 11 146 139
a 11 19 139
a 11 139 157
a 11 37 157
a 11 157 154
a 11 34 154
a 11 154 145
a 11 25 145
a 11 145 39
a 11 39 31
a 11 31 28
a 11 28 152
a 11 32 152
a 11 152 65
a 11 65 27
a 11 27 134
a 11 14 134
a 11 134 76
a 11 76 47
a 11 47 148
a 11 28 148
a 11 148 52
a 11 52 80
a 11 80 159
a 11 39 159
a 11 159 151
a 11 31 151
a 11 151 185
a 11 65 185
a 11 185 73
a 11 73 196
a 11 76 196
a 11 196 67
a 11 67 84
a 11 84 167
a 11 47 167
a 11 167 147
a 11 27 147
a 11 147 172
a 11 52 172
a 11 172 98
a 11 98 200
a 11 80 200
a 11 200 64
a 11 64 85
a 11 85 187
a 11 67 187
a 11 187 193
a 11 73 193
a 11 193 204
a 11 84 204
a 11 204 61
a 11 61 205
a 11 85 205
a 11 205 184
a 11 64 184
a 11 184 118
a 11 118 218
a 11 98 218
a 11 218 116
a 11 116 104
a 11 104 105
a 11 105 102
a 11 102 113
a 11 113 112
a 11 112 181
a 11 61 181
a 11 181 77
a 11 77 74
a 11 74 236
a 11 116 236
a 11 236 232
a 11 112 232
a 11 232 238
a 11 118 238
a 11 238 222
a 11 102 222
a 11 222 233
a 11 113 233
a 11 233 194
a 11 74 194
a 11 194 224
a 11 104 224
a 11 224 225
a 11 105 225
a 11 225 197
a 11 77 197
a 11 197 241
a 12 240 30
a 12 30 21
a 12 21 0
a 12 0 38
a 12 38 15
a 12 15 4
a 12 4 2
a 12 2 22
a 12 22 13
a 12 13 150
a 12 30 150
a 12 150 9
a 12 9 133
a 12 13 133
a 12 133 122
a 12 2 122
a 12 122 141
a 12 21 141
a 12 141 120
a 12 0 120
a 12 120 26
a 12 26 135
a 12 15 135
a 12 135 53
a 12 53 32
a 12 32 124
a 12 4 124
a 12 124 12
a 12 12 8
a 12 8 158
a 12 38 158
a 12 158 142
a 12 22 142
a 12 142 11
a 12 11 55
a 12 55 43
a 12 43 17
a 12 17 129
a 12 9 129
a 12 129 146
a 12 26 146
a 12 146 36
a 12 36 35
a 12 35 173
a 12 53 173
a 12 173 31
a 12 31 59
a 12 59 128
a 12 8 128
a 12 128 132
a 12 12 132
a 12 132 175
a 12 55 175
a 12 175 137
a 12 17 137
a 12 137 152
a 12 32 152
a 12 152 131
a 12 11 131
a 12 131 163
a 12 43 163
a 12 163 69
a 12 69 179
a 12 59 179
a 12 179 92
a 12 92 52
a 12 52 155
a 12 35 155
a 12 155 94
a 12 94 156
a 12 36 156
a 12 156 151
a 12 31 151
a 12 151 56
a 12 56 81
a 12 81 73
a 12 73 67
a 12 67 66
a 12 66 89
a 12 89 172
a 12 52 172
a 12 172 176
a 12 56 176
a 12 176 212
a 12 92 212
a 12 212 85
a 12 85 189
a 12 69 189
a 12 189 187
a 12 67 187
a 12 187 83
a 12 83 214
a 12 94 214
a 12 214 106
a 12 106 201
a 12 81 201
a 12 201 209
a 12 89 209
a 12 209 186
a 12 66 186
a 12 186 193
a 12 73 193
a 12 193 97
a 12 97 96
a 12 96 109
a 12 109 71
a 12 71 205
a 12 85 205
a 12 205 118
a 12 118 203
a 12 83 203
a 12 203 105
a 12 105 226
a 12 106 226
a 12 226 117
a 12 117 107
a 12 107 229
a 12 109 229
a 12 229 216
a 12 96 216
a 12 216 113
a 12 113 217
a 12 97 217
a 12 217 191
a 12 71 191
a 12 191 111
a 12 111 238
a 12 118 238
a 12 238 237
a 12 117 237
a 12 237 227
a 12 107 227
a 12 227 231
a 12 111 231
a 12 231 233
a 12 113 233
a 12 233 225
a 12 105 225
a 12 225 241
a 13 240 33
a 13 33 20
a 13 20 21
a 13 21 4
a 13 4 10
a 13 10 2
a 13 2 122
a 13 2 122
a 13 122 141
a 13 21 141
a 13 141 26
a 13 26 153
a 13 33 153
a 13 153 58
a 13 58 124
a 13 4 124
a 13 124 25
a 13 25 8
a 13 8 40
a 13 40 140
a 13 20 140
a 13 140 29
a 13 29 14
a 13 14 130
a 13 10 130
a 13 130 146
a 13 26 146
a 13 146 178
a 13 58 178
a 13 178 145
a 13 25 145
a 13 145 128
a 13 8 128
a 13 128 28
a 13 28 93
a 13 93 160
a 13 40 160
a 13 160 65
a 13 65 149
a 13 29 149
a 13 149 134
a 13 14 134
a 13 134 76
a 13 76 49
a 13 49 148
a 13 28 148
a 13 148 213
a 13 93 213
a 13 213 52
a 13 52 72
a 13 72 94
a 13 94 185
a 13 65 185
a 13 185 196
a 13 76 196
a 13 196 66
a 13 66 89
a 13 89 86
a 13 86 169
a 13 49 169
a 13 169 51
a 13 51 172
a 13 52 172
a 13 172 192
a 13 72 192
a 13 192 100
a 13 100 214
a 13 94 214
a 13 214 106
a 13 106 82
a 13 82 206
a 13 86 206
a 13 206 209
a 13 89 209
a 13 209 186
a 13 66 186
a 13 186 91
a 13 91 97
a 13 97 90
a 13 90 88
a 13 88 171
a 13 51 171
a 13 171 202
a 13 82 202
a 13 202 104
a 13 104 220
a 13 100 220
a 13 220 105
a 13 105 119
a 13 119 210
a 13 90 210
a 13 210 103
a 13 103 226
a 13 106 226
a 13 226 211
a 13 91 211
a 13 211 208
a 13 88 208
a 13 208 117
a 13 117 87
a 13 87 217
a 13 97 217
a 13 217 74
a 13 74 114
a 13 114 239
a 13 119 239
a 13 239 237
a 13 117 237
a 13 237 194
a 13 74 194
a 13 194 224
a 13 104 224
a 13 224 225
a 13 105 225
a 13 225 234
a 13 114 234
a 13 234 207
a 13 87 207
a 13 207 223
a 13 103 223
a 13 223 241
a 14 240 30
a 14 30 18
a 14 18 38
a 14 38 2
a 14 2 5
a 14 5 22
a 14 22 150
a 14 30 150
a 14 150 122
a 14 2 122
a 14 122 6
a 14 6 26
a 14 26 138
a 14 18 138
a 14 138 58
a 14 58 125
a 14 5 125
a 14 125 34
a 14 34 25
a 14 25 8
a 14 8 158
a 14 38 158
a 14 158 142
a 14 22 142
a 14 142 40
a 14 40 55
a 14 55 17
a 14 17 126
a 14 6 126
a 14 126 60
a 14 60 146
a 14 26 146
a 14 146 78
a 14 78 154
a 14 34 154
a 14 154 178
a 14 58 178
a 14 178 145
a 14 25 145
a 14 145 39
a 14 39 59
a 14 59 128
a 14 8 128
a 14 128 28
a 14 28 93
a 14 93 175
a 14 55 175
a 14 175 137
a 14 17 137
a 14 137 160
a 14 40 160
a 14 160 47
a 14 47 180
a 14 60 180
a 14 180 198
a 14 78 198
a 14 198 69
a 14 69 148
a 14 28 148
a 14 148 179
a 14 59 179
a 14 179 213
a 14 93 213
a 14 213 159
a 14 39 159
a 14 159 42
a 14 42 94
a 14 94 73
a 14 73 86
a 14 86 167
a 14 47 167
a 14 167 100
a 14 100 189
a 14 69 189
a 14 189 83
a 14 83 214
a 14 94 214
a 14 214 110
a 14 110 206
a 14 86 206
a 14 206 162
a 14 42 162
a 14 162 193
a 14 73 193
a 14 193 46
a 14 46 96
a 14 96 90
a 14 90 109
a 14 109 116
a 14 116 104
a 14 104 220
a 14 100 220
a 14 220 203
a 14 83 203
a 14 203 119
a 14 119 166
a 14 46 166
a 14 166 210
a 14 90 210
a 14 210 230
a 14 110 230
a 14 230 107
a 14 107 229
a 14 109 229
a 14 229 216
a 14 96 216
a 14 216 87
a 14 87 108
a 14 108 236
a 14 116 236
a 14 236 239
a 14 119 239
a 14 239 227
a 14 107 227
a 14 227 224
a 14 104 224
a 14 224 207
a 14 87 207
a 14 207 228
a 14 108 228
a 14 228 241
a 15 240 7
a 15 7 30
a 15 30 3
a 15 3 20
a 15 20 38
a 15 38 5
a 15 5 22
a 15 22 1
a 15 1 150
a 15 30 150
a 15 150 121
a 15 1 121
a 15 121 9
a 15 9 123
a 15 3 123
a 15 123 127
a 15 7 127
a 15 127 58
a 15 58 125
a 15 5 125
a 15 125 34
a 15 34 25
a 15 25 37
a 15 37 158
a 15 38 158
a 15 158 142
a 15 22 142
a 15 142 24
a 15 24 40
a 15 40 140
a 15 20 140
a 15 140 55
a 15 55 17
a 15 17 129
a 15 9 129
a 15 129 157
a 15 37 157
a 15 157 154
a 15 34 154
a 15 154 36
a 15 36 178
a 15 58 178
a 15 178 145
a 15 25 145
a 15 145 28
a 15 28 175
a 15 55 175
a 15 175 62
a 15 62 137
a 15 17 137
a 15 137 160
a 15 40 160
a 15 160 144
a 15 24 144
a 15 144 148
a 15 28 148
a 15 148 80
a 15 80 42
a 15 42 72
a 15 72 44
a 15 44 156
a 15 36 156
a 15 156 182
a 15 62 182
a 15 182 56
a 15 56 81
a 15 81 79
a 15 79 101
a 15 101 51
a 15 51 50
a 15 50 200
a 15 80 200
a 15 200 176
a 15 56 176
a 15 176 192
a 15 72 192
a 15 192 100
a 15 100 164
a 15 44 164
a 15 164 95
a 15 95 201
a 15 81 201
a 15 201 199
a 15 79 199
a 15 199 162
a 15 42 162
a 15 162 97
a 15 97 96
a 15 96 221
a 15 101 221
a 15 221 88
a 15 88 171
a 15 51 171
a 15 171 170
a 15 50 170
a 15 170 71
a 15 71 215
a 15 95 215
a 15 215 118
a 15 118 104
a 15 104 220
a 15 100 220
a 15 220 105
a 15 105 102
a 15 102 75
a 15 75 208
a 15 88 208
a 15 208 117
a 15 117 216
a 15 96 216
a 15 216 217
a 15 97 217
a 15 217 191
a 15 71 191
a 15 191 195
a 15 75 195
a 15 195 238
a 15 118 238
a 15 238 237
a 15 117 237
a 15 237 222
a 15 102 222
a 15 222 224
a 15 104 224
a 15 224 225
a 15 105 225
a 15 225 241
a 16 240 33
a 16 33 30
a 16 30 16
a 16 16 15
a 16 15 4
a 16 4 10
a 16 10 150
a 16 30 150
a 16 150 153
a 16 33 153
a 16 153 135
a 16 15 135
a 16 135 124
a 16 4 124
a 16 124 25
a 16 25 37
a 16 37 24
a 16 24 43
a 16 43 136
a 16 16 136
a 16 136 17
a 16 17 130
a 16 10 130
a 16 130 60
a 16 60 157
a 16 37 157
a 16 157 78
a 16 78 36
a 16 36 145
a 16 25 145
a 16 145 39
a 16 39 59
a 16 59 45
a 16 45 93
a 16 93 137
a 16 17 137
a 16 137 144
a 16 24 144
a 16 144 65
a 16 65 68
a 16 68 54
a 16 54 163
a 16 43 163
a 16 163 47
a 16 47 180
a 16 60 180
a 16 180 198
a 16 78 198
a 16 198 165
a 16 45 165
a 16 165 179
a 16 59 179
a 16 179 213
a 16 93 213
a 16 213 80
a 16 80 159
a 16 39 159
a 16 159 94
a 16 94 156
a 16 36 156
a 16 156 185
a 16 65 185
a 16 185 174
a 16 54 174
a 16 174 188
a 16 68 188
a 16 188 84
a 16 84 101
a 16 101 167
a 16 47 167
a 16 167 51
a 16 51 50
a 16 50 200
a 16 80 200
a 16 200 64
a 16 64 214
a 16 94 214
a 16 214 91
a 16 91 96
a 16 96 221
a 16 101 221
a 16 221 204
a 16 84 204
a 16 204 88
a 16 88 171
a 16 51 171
a 16 171 61
a 16 61 170
a 16 50 170
a 16 170 71
a 16 71 184
a 16 64 184
a 16 184 118
a 16 118 105
a 16 105 211
a 16 91 211
a 16 211 208
a 16 88 208
a 16 208 107
a 16 107 216
a 16 96 216
a 16 216 181
a 16 61 181
a 16 181 191
a 16 71 191
a 16 191 74
a 16 74 238
a 16 118 238
a 16 238 227
a 16 107 227
a 16 227 194
a 16 74 194
a 16 194 225
a 16 105 225
a 16 225 241
a 17 240 3
a 17 3 21
a 17 21 0
a 17 0 16
a 17 16 18
a 17 18 2
a 17 2 22
a 17 22 13
a 17 13 123
a 17 3 123
a 17 123 133
a 17 13 133
a 17 133 122
a 17 2 122
a 17 122 141
a 17 21 141
a 17 141 120
a 17 0 120
a 17 120 138
a 17 18 138
a 17 138 58
a 17 58 19
a 17 19 32
a 17 32 25
a 17 25 12
a 17 12 142
a 17 22 142
a 17 142 24
a 17 24 136
a 17 16 136
a 17 136 29
a 17 29 139
a 17 19 139
a 17 139 78
a 17 78 36
a 17 36 178
a 17 58 178
a 17 178 35
a 17 35 145
a 17 25 145
a 17 145 59
a 17 59 132
a 17 12 132
a 17 132 45
a 17 45 57
a 17 57 152
a 17 32 152
a 17 152 144
a 17 24 144
a 17 144 65
a 17 65 68
a 17 68 149
a 17 29 149
a 17 149 198
a 17 78 198
a 17 198 165
a 17 45 165
a 17 165 179
a 17 59 179
a 17 179 52
a 17 52 155
a 17 35 155
a 17 155 42
a 17 42 94
a 17 94 156
a 17 36 156
a 17 156 177
a 17 57 177
a 17 177 56
a 17 56 185
a 17 65 185
a 17 185 73
a 17 73 188
a 17 68 188
a 17 188 86
a 17 86 51
a 17 51 172
a 17 52 172
a 17 172 176
a 17 56 176
a 17 176 85
a 17 85 214
a 17 94 214
a 17 214 82
a 17 82 95
a 17 95 48
a 17 48 110
a 17 110 206
a 17 86 206
a 17 206 162
a 17 42 162
a 17 162 70
a 17 70 193
a 17 73 193
a 17 193 46
a 17 46 97
a 17 97 109
a 17 109 171
a 17 51 171
a 17 171 61
a 17 61 205
a 17 85 205
a 17 205 215
a 17 95 215
a 17 215 202
a 17 82 202
a 17 202 190
a 17 70 190
a 17 190 116
a 17 116 104
a 17 104 99
a 17 99 166
a 17 46 166
a 17 166 102
a 17 102 168
a 17 48 168
a 17 168 230
a 17 110 230
a 17 230 107
a 17 107 229
a 17 109 229
a 17 229 113
a 17 113 87
a 17 87 115
a 17 115 217
a 17 97 217
a 17 217 181
a 17 61 181
a 17 181 77
a 17 77 236
a 17 116 236
a 17 236 219
a 17 99 219
a 17 219 222
a 17 102 222
a 17 222 227
a 17 107 227
a 17 227 233
a 17 113 233
a 17 233 224
a 17 104 224
a 17 224 207
a 17 87 207
a 17 207 235
a 17 115 235
a 17 235 197
a 17 77 197
a 17 197 241
a 18 240 33
a 18 33 30
a 18 30 20
a 18 20 23
a 18 23 16
a 18 16 18
a 18 18 38
a 18 38 10
a 18 10 13
a 18 13 150
a 18 30 150
a 18 150 143
a 18 23 143
a 18 143 133
a 18 13 133
a 18 133 6
a 18 6 153
a 18 33 153
a 18 153 138
a 18 18 138
a 18 138 158
a 18 38 158
a 18 158 11
a 18 11 40
a 18 40 140
a 18 20 140
a 18 140 55
a 18 55 43
a 18 43 136
a 18 16 136
a 18 136 17
a 18 17 14
a 18 14 130
a 18 10 130
a 18 130 126
a 18 6 126
a 18 126 60
a 18 60 36
a 18 36 39
a 18 39 31
a 18 31 59
a 18 59 175
a 18 55 175
a 18 175 62
a 18 62 137
a 18 17 137
a 18 137 57
a 18 57 160
a 18 40 160
a 18 160 27
a 18 27 131
a 18 11 131
a 18 131 68
a 18 68 134
a 18 14 134
a 18 134 54
a 18 54 163
a 18 43 163
a 18 163 180
a 18 60 180
a 18 180 179
a 18 59 179
a 18 179 92
a 18 92 159
a 18 39 159
a 18 159 72
a 18 72 44
a 18 44 156
a 18 36 156
a 18 156 151
a 18 31 151
a 18 151 182
a 18 62 182
a 18 182 177
a 18 57 177
a 18 177 81
a 18 81 174
a 18 54 174
a 18 174 79
a 18 79 188
a 18 68 188
a 18 188 84
a 18 84 86
a 18 86 101
a 18 101 147
a 18 27 147
a 18 147 98
a 18 98 212
a 18 92 212
a 18 212 192
a 18 72 192
a 18 192 164
a 18 44 164
a 18 164 201
a 18 81 201
a 18 201 199
a 18 79 199
a 18 199 110
a 18 110 206
a 18 86 206
a 18 206 70
a 18 70 97
a 18 97 221
a 18 101 221
a 18 221 204
a 18 84 204
a 18 204 218
a 18 98 218
a 18 218 190
a 18 70 190
a 18 190 116
a 18 116 104
a 18 104 119
a 18 119 230
a 18 110 230
a 18 230 107
a 18 107 113
a 18 113 87
a 18 87 115
a 18 115 217
a 18 97 217
a 18 217 74
a 18 74 236
a 18 116 236
a 18 236 239
a 18 119 239
a 18 239 227
a 18 107 227
a 18 227 233
a 18 113 233
a 18 233 194
a 18 74 194
a 18 194 224
a 18 104 224
a 18 224 235
a 18 115 235
a 18 235 207
a 18 87 207
a 18 207 241
a 19 240 30
a 19 30 21
a 19 21 23
a 19 23 18
a 19 18 15
a 19 15 4
a 19 4 10
a 19 10 150
a 19 30 150
a 19 150 143
a 19 23 143
a 19 143 6
a 19 6 141
a 19 21 141
a 19 141 138
a 19 18 138
a 19 138 34
a 19 34 19
a 19 19 135
a 19 15 135
a 19 135 32
a 19 32 124
a 19 4 124
a 19 124 37
a 19 37 24
a 19 24 11
a 19 11 55
a 19 55 43
a 19 43 14
a 19 14 130
a 19 10 130
a 19 130 126
a 19 6 126
a 19 126 139
a 19 19 139
a 19 139 157
a 19 37 157
a 19 157 154
a 19 34 154
a 19 154 36
a 19 36 59
a 19 59 45
a 19 45 28
a 19 28 175
a 19 55 175
a 19 175 152
a 19 32 152
a 19 152 144
a 19 24 144
a 19 144 65
a 19 65 27
a 19 27 131
a 19 11 131
a 19 131 134
a 19 14 134
a 19 134 163
a 19 43 163
a 19 163 69
a 19 69 148
a 19 28 148
a 19 148 165
a 19 45 165
a 19 165 179
a 19 59 179
a 19 179 80
a 19 80 72
a 19 72 94
a 19 94 44
a 19 44 156
a 19 36 156
a 19 156 56
a 19 56 185
a 19 65 185
a 19 185 73
a 19 73 67
a 19 67 66
a 19 66 147
a 19 27 147
a 19 147 51
a 19 51 50
a 19 50 200
a 19 80 200
a 19 200 176
a 19 56 176
a 19 176 192
a 19 72 192
a 19 192 85
a 19 85 189
a 19 69 189
a 19 189 187
a 19 67 187
a 19 187 214
a 19 94 214
a 19 214 164
a 19 44 164
a 19 164 82
a 19 82 48
a 19 48 110
a 19 110 186
a 19 66 186
a 19 186 193
a 19 73 193
a 19 193 96
a 19 96 109
a 19 109 171
a 19 51 171
a 19 171 61
a 19 61 170
a 19 50 170
a 19 170 205
a 19 85 205
a 19 205 202
a 19 82 202
a 19 202 105
a 19 105 168
a 19 48 168
a 19 168 230
a 19 110 230
a 19 230 229
a 19 109 229
a 19 229 216
a 19 96 216
a 19 216 87
a 19 87 181
a 19 61 181
a 19 181 77
a 19 77 74
a 19 74 111
a 19 111 231
a 19 111 231
a 19 231 194
a 19 74 194
a 19 194 225
a 19 105 225
a 19 225 207
a 19 87 207
a 19 207 197
a 19 77 197
a 19 197 241
a 20 240 7
a 20 7 33
a 20 33 16
a 20 16 4
a 20 4 10
a 20 10 1
a 20 1 121
a 20 1 121
a 20 121 9
a 20 9 127
a 20 7 127
a 20 127 153
a 20 33 153
a 20 153 58
a 20 58 19
a 20 19 124
a 20 4 124
a 20 124 37
a 20 37 12
a 20 12 11
a 20 11 40
a 20 40 136
a 20 16 136
a 20 136 17
a 20 17 130
a 20 10 130
a 20 130 129
a 20 9 129
a 20 129 139
a 20 19 139
a 20 139 157
a 20 37 157
a 20 157 178
a 20 58 178
a 20 178 35
a 20 35 59
a 20 59 132
a 20 12 132
a 20 132 62
a 20 62 137
a 20 17 137
a 20 137 57
a 20 57 160
a 20 40 160
a 20 160 131
a 20 11 131
a 20 131 54
a 20 54 69
a 20 69 179
a 20 59 179
a 20 179 52
a 20 52 80
a 20 80 155
a 20 35 155
a 20 155 182
a 20 62 182
a 20 182 177
a 20 57 177
a 20 177 81
a 20 81 174
a 20 54 174
a 20 174 66
a 20 66 89
a 20 89 86
a 20 86 172
a 20 52 172
a 20 172 200
a 20 80 200
a 20 200 189
a 20 69 189
a 20 189 106
a 20 106 201
a 20 81 201
a 20 201 48
a 20 48 206
a 20 86 206
a 20 206 209
a 20 89 209
a 20 209 186
a 20 66 186
a 20 186 61
a 20 61 116
a 20 116 105
a 20 105 226
a 20 106 226
a 20 226 168
a 20 48 168
a 20 168 75
a 20 75 117
a 20 117 107
a 20 107 87
a 20 87 181
a 20 61 181
a 20 181 74
a 20 74 111
a 20 111 236
a 20 116 236
a 20 236 195
a 20 75 195
a 20 195 237
a 20 117 237
a 20 237 227
a 20 107 227
a 20 227 231
a 20 111 231
a 20 231 194
a 20 74 194
a 20 194 225
a 20 105 225
a 20 225 207
a 20 87 207
a 20 207 241
a 21 240 30
a 21 30 16
a 21 16 4
a 21 4 5
a 21 5 1
a 21 1 150
a 21 30 150
a 21 150 121
a 21 1 121
a 21 121 9
a 21 9 125
a 21 5 125
a 21 125 34
a 21 34 53
a 21 53 124
a 21 4 124
a 21 124 37
a 21 37 43
a 21 43 136
a 21 16 136
a 21 136 29
a 21 29 129
a 21 9 129
a 21 129 157
a 21 37 157
a 21 157 154
a 21 34 154
a 21 154 36
a 21 36 35
a 21 35 173
a 21 53 173
a 21 173 59
a 21 59 28
a 21 28 63
a 21 63 68
a 21 68 149
a 21 29 149
a 21 149 163
a 21 43 163
a 21 163 47
a 21 47 69
a 21 69 148
a 21 28 148
a 21 148 179
a 21 59 179
a 21 179 92
a 21 92 155
a 21 35 155
a 21 155 44
a 21 44 156
a 21 36 156
a 21 156 56
a 21 56 73
a 21 73 183
a 21 63 183
a 21 183 188
a 21 68 188
a 21 188 66
a 21 66 84
a 21 84 86
a 21 86 167
a 21 47 167
a 21 167 51
a 21 51 98
a 21 98 176
a 21 56 176
a 21 176 212
a 21 92 212
a 21 212 85
a 21 85 100
a 21 100 189
a 21 69 189
a 21 189 83
a 21 83 106
a 21 106 164
a 21 44 164
a 21 164 48
a 21 48 110
a 21 110 206
a 21 86 206
a 21 206 186
a 21 66 186
a 21 186 193
a 21 73 193
a 21 193 204
a 21 84 204
a 21 204 88
a 21 88 171
a 21 51 171
a 21 171 71
a 21 71 205
a 21 85 205
a 21 205 218
a 21 98 218
a 21 218 104
a 21 104 99
a 21 99 220
a 21 100 220
a 21 220 203
a 21 83 203
a 21 203 226
a 21 106 226
a 21 226 168
a 21 48 168
a 21 168 230
a 21 110 230
a 21 230 75
a 21 75 208
a 21 88 208
a 21 208 107
a 21 107 112
a 21 112 115
a 21 115 191
a 21 71 191
a 21 191 77
a 21 77 74
a 21 74 114
a 21 114 111
a 21 111 219
a 21 99 219
a 21 219 195
a 21 75 195
a 21 195 232
a 21 112 232
a 21 232 231
a 21 111 231
a 21 231 227
a 21 107 227
a 21 227 194
a 21 74 194
a 21 194 224
a 21 104 224
a 21 224 234
a 21 114 234
a 21 234 235
a 21 115 235
a 21 235 197
a 21 77 197
a 21 197 241
a 22 240 30
a 22 30 23
a 22 23 4
a 22 4 5
a 22 5 2
a 22 2 22
a 22 22 150
a 22 30 150
a 22 150 9
a 22 9 143
a 22 23 143
a 22 143 122
a 22 2 122
a 22 122 58
a 22 58 125
a 22 5 125
a 22 125 124
a 22 4 124
a 22 124 37
a 22 37 8
a 22 8 142
a 22 22 142
a 22 142 11
a 22 11 40
a 22 40 129
a 22 9 129
a 22 129 157
a 22 37 157
a 22 157 36
a 22 36 178
a 22 58 178
a 22 178 59
a 22 59 128
a 22 8 128
a 22 128 62
a 22 62 160
a 22 40 160
a 22 160 65
a 22 65 27
a 22 27 131
a 22 11 131
a 22 131 63
a 22 63 68
a 22 68 69
a 22 69 179
a 22 59 179
a 22 179 52
a 22 52 44
a 22 44 156
a 22 36 156
a 22 156 182
a 22 62 182
a 22 182 185
a 22 65 185
a 22 185 183
a 22 63 183
a 22 183 188
a 22 68 188
a 22 188 86
a 22 86 147
a 22 27 147
a 22 147 50
a 22 50 172
a 22 52 172
a 22 172 98
a 22 98 64
a 22 64 100
a 22 100 189
a 22 69 189
a 22 189 106
a 22 106 164
a 22 44 164
a 22 164 48
a 22 48 206
a 22 86 206
a 22 206 170
a 22 50 170
a 22 170 71
a 22 71 184
a 22 64 184
a 22 184 218
a 22 98 218
a 22 218 104
a 22 104 220
a 22 100 220
a 22 220 102
a 22 102 226
a 22 106 226
a 22 226 168
a 22 48 168
a 22 168 75
a 22 75 117
a 22 117 108
a 22 108 191
a 22 71 191
a 22 191 77
a 22 77 74
a 22 74 195
a 22 75 195
a 22 195 237
a 22 117 237
a 22 237 222
a 22 102 222
a 22 222 194
a 22 74 194
a 22 194 224
a 22 104 224
a 22 224 228
a 22 108 228
a 22 228 197
a 22 77 197
a 22 197 241
a 23 240 3
a 23 3 0
a 23 0 16
a 23 16 18
a 23 18 4
a 23 4 10
a 23 10 1
a 23 1 13
a 23 13 121
a 23 1 121
a 23 121 123
a 23 3 123
a 23 123 133
a 23 13 133
a 23 133 120
a 23 0 120
a 23 120 26
a 23 26 138
a 23 18 138
a 23 138 19
a 23 19 124
a 23 4 124
a 23 124 11
a 23 11 55
a 23 55 136
a 23 16 136
a 23 136 14
a 23 14 130
a 23 10 130
a 23 130 60
a 23 60 146
a 23 26 146
a 23 146 139
a 23 19 139
a 23 139 36
a 23 36 39
a 23 39 59
a 23 59 45
a 23 45 93
a 23 93 175
a 23 55 175
a 23 175 65
a 23 65 131
a 23 11 131
a 23 131 68
a 23 68 134
a 23 14 134
a 23 134 76
a 23 76 47
a 23 47 180
a 23 60 180
a 23 180 165
a 23 45 165
a 23 165 179
a 23 59 179
a 23 179 213
a 23 93 213
a 23 213 92
a 23 92 159
a 23 39 159
a 23 159 42
a 23 42 44
a 23 44 156
a 23 36 156
a 23 156 56
a 23 56 81
a 23 81 185
a 23 65 185
a 23 185 196
a 23 76 196
a 23 196 79
a 23 79 67
a 23 67 188
a 23 68 188
a 23 188 66
a 23 66 86
a 23 86 101
a 23 101 167
a 23 47 167
a 23 167 98
a 23 98 176
a 23 56 176
a 23 176 212
a 23 92 212
a 23 212 100
a 23 100 187
a 23 67 187
a 23 187 164
a 23 44 164
a 23 164 201
a 23 81 201
a 23 201 199
a 23 79 199
a 23 199 110
a 23 110 206
a 23 86 206
a 23 206 186
a 23 66 186
a 23 186 162
a 23 42 162
a 23 162 70
a 23 70 96
a 23 96 221
a 23 101 221
a 23 221 90
a 23 90 61
a 23 61 71
a 23 71 118
a 23 118 218
a 23 98 218
a 23 218 190
a 23 70 190
a 23 190 104
a 23 104 99
a 23 99 220
a 23 100 220
a 23 220 210
a 23 90 210
a 23 210 102
a 23 102 230
a 23 110 230
a 23 230 117
a 23 117 216
a 23 96 216
a 23 216 108
a 23 108 181
a 23 61 181
a 23 181 191
a 23 71 191
a 23 191 219
a 23 99 219
a 23 219 238
a 23 118 238
a 23 238 237
a 23 117 237
a 23 237 222
a 23 102 222
a 23 222 224
a 23 104 224
a 23 224 228
a 23 108 228
a 23 228 241
a 24 240 30
a 24 30 20
a 24 20 21
a 24 21 0
a 24 0 2
a 24 2 22
a 24 22 1
a 24 1 150
a 24 30 150
a 24 150 121
a 24 1 121
a 24 121 9
a 24 9 122
a 24 2 122
a 24 122 6
a 24 6 141
a 24 21 141
a 24 141 120
a 24 0 120
a 24 120 58
a 24 58 19
a 24 19 32
a 24 32 25
a 24 25 12
a 24 12 142
a 24 22 142
a 24 142 24
a 24 24 40
a 24 40 140
a 24 20 140
a 24 140 55
a 24 55 29
a 24 29 126
a 24 6 126
a 24 126 129
a 24 9 129
a 24 129 139
a 24 19 139
a 24 139 178
a 24 58 178
a 24 178 145
a 24 25 145
a 24 145 59
a 24 59 132
a 24 12 132
a 24 132 28
a 24 28 175
a 24 55 175
a 24 175 62
a 24 62 160
a 24 40 160
a 24 160 152
a 24 32 152
a 24 152 144
a 24 24 144
a 24 144 65
a 24 65 149
a 24 29 149
a 24 149 47
a 24 47 148
a 24 28 148
a 24 148 179
a 24 59 179
a 24 179 92
a 24 92 52
a 24 52 44
a 24 44 182
a 24 62 182
a 24 182 56
a 24 56 81
a 24 81 185
a 24 65 185
a 24 185 73
a 24 73 79
a 24 79 84
a 24 84 167
a 24 47 167
a 24 167 50
a 24 50 172
a 24 52 172
a 24 172 98
a 24 98 64
a 24 64 176
a 24 56 176
a 24 176 212
a 24 92 212
a 24 212 164
a 24 44 164
a 24 164 201
a 24 81 201
a 24 201 199
a 24 79 199
a 24 199 110
a 24 110 91
a 24 91 193
a 24 73 193
a 24 193 204
a 24 84 204
a 24 204 170
a 24 50 170
a 24 170 184
a 24 64 184
a 24 184 218
a 24 98 218
a 24 218 116
a 24 116 104
a 24 104 99
a 24 99 105
a 24 105 102
a 24 102 211
a 24 91 211
a 24 211 230
a 24 110 230
a 24 230 107
a 24 107 113
a 24 113 108
a 24 108 236
a 24 116 236
a 24 236 219
a 24 99 219
a 24 219 222
a 24 102 222
a 24 222 227
a 24 107 227
a 24 227 233
a 24 113 233
a 24 233 224
a 24 104 224
a 24 224 225
a 24 105 225
a 24 225 228
a 24 108 228
a 24 228 241
