c Shift Minimisation Personnel Task Scheduling Problem (SMPTSP)
c data_9_49_104_33
c
c problem jobs shifts
p smptsp 104 49
c
c job start finish 
c 0 14 426
c 1 17 436
c 2 19 523
c 3 1 585
c 4 4 410
c 5 4 418
c 6 139 624
c 7 283 890
c 8 12 689
c 9 21 672
c 10 445 883
c 11 16 580
c 12 895 1426
c 13 15 540
c 14 1 375
c 15 10 530
c 16 763 1384
c 17 4 534
c 18 0 577
c 19 17 385
c 20 3 585
c 21 440 965
c 22 0 396
c 23 24 531
c 24 182 699
c 25 51 556
c 26 594 966
c 27 14 494
c 28 32 538
c 29 3 538
c 30 443 974
c 31 26 578
c 32 582 981
c 33 139 753
c 34 148 816
c 35 586 1031
c 36 7 456
c 37 12 530
c 38 987 1439
c 39 589 1066
c 40 56 646
c 41 532 961
c 42 17 460
c 43 20 544
c 44 33 618
c 45 5 406
c 46 400 863
c 47 1037 1438
c 48 459 1021
c 49 577 972
c 50 536 1131
c 51 648 1127
c 52 2 443
c 53 386 968
c 54 580 998
c 55 948 1428
c 56 866 1437
c 57 413 961
c 58 50 540
c 59 1068 1433
c 60 545 977
c 61 557 992
c 62 971 1438
c 63 557 980
c 64 16 688
c 65 606 1268
c 66 460 1001
c 67 972 1409
c 68 797 1305
c 69 1038 1438
c 70 984 1417
c 71 973 1439
c 72 386 963
c 73 782 1436
c 74 445 854
c 75 973 1418
c 76 0 444
c 77 4 574
c 78 596 1263
c 79 547 958
c 80 581 978
c 81 918 1425
c 82 779 1261
c 83 464 870
c 84 808 1285
c 85 695 1338
c 86 1004 1431
c 87 1012 1435
c 88 890 1431
c 89 858 1393
c 90 974 1439
c 91 980 1433
c 92 1002 1410
c 93 973 1413
c 94 996 1421
c 95 1002 1439
c 96 996 1434
c 97 971 1437
c 98 727 1420
c 99 689 1206
c 100 892 1390
c 101 630 1291
c 102 419 865
c 103 876 1433
c
c shift cost source target num_qualifications qualifications
k 0 1 208 209 36 11 32 38 2 9 10 15 16 17 19 20 26 27 28 31 35 36 37 40 45 48 53 54 63 64 67 72 82 89 90 93 94 96 97 100 102
k 1 1 208 209 38 77 80 91 1 2 5 10 11 13 21 24 28 29 35 37 42 51 52 53 62 64 66 68 73 74 78 79 82 84 85 87 89 90 95 96 98 99 103
k 2 1 208 209 33 22 46 56 1 6 10 12 13 18 25 32 34 37 43 48 51 52 53 55 61 63 64 72 77 81 82 84 86 90 95 96 100 103
k 3 1 208 209 46 14 72 90 1 3 6 8 11 12 13 15 16 19 21 22 24 26 27 31 34 35 37 39 41 42 44 45 47 48 49 52 64 66 67 69 70 75 77 78 81 82 83 87 91 94 97
k 4 1 208 209 40 18 49 71 1 3 4 7 8 9 11 13 16 19 21 23 24 27 32 35 37 41 44 51 52 53 54 58 62 64 69 70 84 85 87 93 98 99 100 102 103
k 5 1 208 209 33 20 26 97 0 2 3 7 10 13 15 16 28 32 38 40 41 43 44 48 52 53 56 57 59 60 62 63 70 71 84 86 90 103
k 6 1 208 209 37 19 53 62 0 1 2 4 5 8 13 14 29 30 34 37 45 49 59 61 64 65 73 76 79 80 81 82 83 90 92 93 95 96 97 98 99 103
k 7 1 208 209 34 3 39 59 1 9 10 20 21 25 27 28 30 31 32 33 36 40 42 49 56 58 61 76 77 79 85 86 92 94 95 97 98 100 101
k 8 1 208 209 34 44 84 10 14 22 23 32 33 34 37 42 43 45 46 51 52 55 57 64 65 66 70 71 72 73 81 82 88 90 93 94 98 102 103
k 9 1 208 209 36 40 51 0 2 5 7 13 15 16 21 22 24 27 28 34 35 38 42 48 49 50 55 58 60 61 66 68 71 74 75 77 79 87 88 89 96
k 10 1 208 209 33 27 50 2 9 10 11 13 14 19 22 33 36 38 39 43 44 45 48 49 54 55 56 57 63 66 70 76 80 82 83 93 97 103
k 11 1 208 209 35 7 55 0 4 6 8 12 13 15 17 25 26 28 29 31 32 33 35 37 38 43 44 51 53 60 65 66 72 76 81 88 89 95 97 100
k 12 1 208 209 36 33 82 5 6 7 8 10 13 14 16 20 26 27 29 32 34 35 39 41 44 46 47 48 56 58 59 63 67 75 79 81 90 96 99 101 102
k 13 1 208 209 32 6 16 1 12 14 15 17 24 25 29 31 32 42 43 45 46 51 54 55 58 63 64 66 67 72 76 77 81 83 86 91 99
k 14 1 208 209 30 58 85 0 1 4 11 17 20 22 24 26 35 37 43 44 62 63 68 73 78 79 81 83 86 88 89 94 95 97 101
k 15 1 208 209 32 9 100 2 3 12 15 16 20 27 29 30 32 34 38 40 47 50 52 53 56 57 63 67 72 73 76 81 82 90 96 99 103
k 16 1 208 209 34 2 73 6 13 16 18 19 20 25 32 36 37 46 48 49 51 52 53 55 60 69 75 79 82 84 85 86 89 95 96 97 100 101 102
k 17 1 208 209 42 25 101 3 11 12 15 17 18 26 29 31 33 35 36 40 42 46 47 52 53 57 59 61 63 65 70 73 74 75 76 77 78 80 82 85 88 90 92 94 99 102 103
k 18 1 208 209 39 28 65 2 3 4 5 6 7 8 21 24 26 42 43 50 51 53 56 59 61 63 66 67 71 72 76 77 80 81 83 84 87 89 90 94 95 96 99 101
k 19 1 208 209 32 23 78 0 6 8 9 15 16 17 18 19 20 21 33 36 40 43 45 48 60 65 70 75 76 84 87 90 92 94 99 100 102
k 20 1 208 209 36 34 81 3 4 5 6 7 10 12 21 23 28 30 31 36 39 43 46 50 51 53 62 63 64 65 67 74 75 80 86 88 89 91 94 101 102
k 21 1 208 209 28 64 68 0 2 5 8 10 16 18 25 32 33 43 45 51 53 62 65 66 70 71 83 87 95 96 99 100 103
k 22 1 208 209 41 8 99 0 3 5 9 11 12 13 17 18 19 21 25 26 27 30 32 38 39 40 41 43 46 47 49 51 54 59 60 61 64 66 67 68 71 75 80 83 85 88
k 23 1 208 209 43 24 98 1 3 4 5 20 21 22 25 26 29 34 38 45 49 57 59 60 62 63 65 66 67 68 69 70 71 75 79 83 86 87 88 89 94 95 96 99 100 101 102 103
k 24 1 208 209 37 37 41 86 1 2 4 6 9 12 17 18 20 22 24 27 39 40 43 49 50 51 55 56 60 61 63 64 65 68 72 73 74 76 85 89 98 101
k 25 1 208 209 34 15 60 94 3 6 10 11 18 20 21 22 24 28 31 32 37 47 49 50 53 54 56 57 69 72 74 75 79 82 86 88 90 96 97
k 26 1 208 209 32 43 63 70 2 11 13 21 30 31 32 33 35 47 48 54 60 62 64 65 71 76 83 84 87 89 90 92 93 98 99 100 101
k 27 1 208 209 35 13 61 87 0 3 12 16 22 27 28 29 31 35 37 43 46 47 50 51 52 54 57 58 62 64 65 66 68 81 82 90 91 97 100 103
k 28 1 208 209 42 1 21 67 0 6 8 12 15 16 17 20 24 25 27 28 33 35 36 41 43 49 51 52 53 54 57 62 63 64 66 68 76 78 80 83 84 91 92 93 95 97 102
k 29 1 208 209 34 17 54 95 1 3 5 6 7 10 16 18 20 22 28 30 32 34 37 47 48 52 57 58 62 64 67 69 72 74 76 89 92 97 100
k 30 1 208 209 37 5 30 96 2 3 4 10 13 14 16 17 18 20 21 24 37 40 41 43 46 47 49 60 62 67 69 71 73 74 76 78 85 87 88 89 94 102
k 31 1 208 209 32 0 10 12 1 6 8 14 16 18 22 23 26 28 31 38 41 42 43 51 53 55 58 59 69 74 78 91 94 99 101 102 103
k 32 1 208 209 35 29 79 93 4 12 13 17 18 21 24 26 27 28 34 38 44 51 53 56 61 63 72 74 76 77 81 83 84 85 87 90 92 95 99 101
k 33 1 208 209 38 52 74 89 3 4 5 8 9 14 15 18 19 23 25 31 32 36 38 41 44 46 48 53 54 61 66 71 73 76 79 80 81 83 88 93 96 100 101
k 34 1 208 209 30 42 66 92 0 2 4 5 8 11 12 14 17 21 23 24 32 48 50 58 60 64 70 79 89 90 94 95 99 100 101
k 35 1 208 209 35 76 83 88 3 7 8 10 14 20 21 27 31 34 40 43 44 47 48 49 53 58 59 61 63 66 70 74 78 79 86 87 92 93 97 100
k 36 1 208 209 49 4 57 75 0 1 2 3 10 15 24 27 29 32 34 35 36 37 38 39 43 47 48 51 55 60 63 67 68 69 71 73 74 76 77 79 81 82 83 85 88 89 91 92 94 95 96 97 101 102
k 37 1 208 209 34 31 35 47 1 3 4 5 6 9 14 15 21 24 27 34 36 37 50 56 58 68 73 74 75 79 81 85 87 90 91 94 98 99 100
k 38 1 208 209 32 45 102 103 10 12 13 14 18 28 30 31 33 37 39 40 43 47 50 51 52 54 56 57 61 62 72 74 79 81 91 93 97
k 39 1 208 209 34 36 48 69 0 14 15 18 22 25 26 27 29 31 32 35 42 45 53 56 60 62 63 64 66 71 81 82 83 89 90 96 97 98 102
k 40 1 208 209 46 75 2 78 65 8 30 22 68 64 92 23 36 35 48 15 24 90 14 95 89 20 55 21 102 100 59 80 66 6 40 71 67 46 70 31 34 18 45 54 10 69 41 60 32 53 27
k 41 1 208 209 28 8 76 69 95 31 5 38 74 52 4 82 34 29 83 39 25 80 93 85 88 37 15 27 68 44 47 71 100
k 42 1 208 209 35 37 20 3 18 58 78 46 39 32 57 77 40 86 33 79 101 34 31 66 15 95 48 28 87 51 96 75 71 52 74 24 93 22 56 73
k 43 1 208 209 48 4 84 24 1 14 32 44 5 23 68 33 86 15 66 90 41 98 57 93 28 36 26 85 72 31 54 77 12 78 2 6 74 8 38 17 19 30 16 0 40 42 63 73 13 61 92 64 62
k 44 1 208 209 48 72 80 77 65 21 3 84 51 19 16 52 69 18 43 32 10 22 85 56 102 99 14 59 63 82 9 67 66 93 29 87 96 89 92 57 76 91 4 78 26 0 98 60 90 55 38 58 24
k 45 1 208 209 29 101 27 89 7 15 67 46 72 39 10 45 19 88 16 71 90 73 52 91 20 47 87 99 78 59 64 98 70 21
k 46 1 208 209 46 59 77 36 102 100 85 38 6 2 33 94 99 81 80 68 29 67 64 51 90 23 22 65 82 86 10 57 84 97 78 39 71 91 37 48 73 26 21 62 15 89 83 14 45 49 13
k 47 1 208 209 38 6 4 75 17 31 28 77 25 3 12 72 70 11 14 53 60 40 10 99 62 48 23 69 49 1 97 103 66 90 30 94 63 2 65 52 51 47 24
k 48 1 208 209 35 4 72 15 102 47 81 88 53 71 48 85 41 99 84 80 30 50 37 100 62 79 24 98 27 75 17 20 18 25 96 33 23 90 87 69
c
c graph source target
a 0 208 20
a 0 20 17
a 0 17 45
a 0 45 36
a 0 36 15
a 0 15 37
a 0 37 27
a 0 27 11
a 0 11 64
a 0 64 19
a 0 19 2
a 0 2 9
a 0 9 31
a 0 31 28
a 0 28 40
a 0 40 123
a 0 19 123
a 0 123 53
a 0 53 72
a 0 72 149
a 0 45 149
a 0 149 102
a 0 102 10
a 0 10 140
a 0 36 140
a 0 140 48
a 0 48 131
a 0 27 131
a 0 131 106
a 0 2 106
a 0 106 119
a 0 15 119
a 0 119 141
a 0 37 141
a 0 141 121
a 0 17 121
a 0 121 132
a 0 28 132
a 0 132 63
a 0 63 135
a 0 31 135
a 0 135 54
a 0 54 115
a 0 11 115
a 0 115 32
a 0 32 124
a 0 20 124
a 0 124 35
a 0 35 26
a 0 26 144
a 0 40 144
a 0 144 113
a 0 9 113
a 0 113 168
a 0 64 168
a 0 168 16
a 0 16 82
a 0 82 89
a 0 89 206
a 0 102 206
a 0 206 114
a 0 10 114
a 0 114 100
a 0 100 176
a 0 72 176
a 0 176 130
a 0 26 130
a 0 130 157
a 0 53 157
a 0 157 97
a 0 97 67
a 0 67 93
a 0 93 90
a 0 90 167
a 0 63 167
a 0 167 136
a 0 32 136
a 0 136 38
a 0 38 94
a 0 94 96
a 0 96 158
a 0 54 158
a 0 158 152
a 0 48 152
a 0 152 139
a 0 35 139
a 0 139 186
a 0 82 186
a 0 186 120
a 0 16 120
a 0 120 204
a 0 100 204
a 0 204 193
a 0 89 193
a 0 193 171
a 0 67 171
a 0 171 197
a 0 93 197
a 0 197 198
a 0 94 198
a 0 198 200
a 0 96 200
a 0 200 201
a 0 97 201
a 0 201 142
a 0 38 142
a 0 142 194
a 0 90 194
a 0 194 209
a 1 208 52
a 1 52 29
a 1 29 77
a 1 77 5
a 1 5 37
a 1 37 13
a 1 13 11
a 1 11 64
a 1 64 1
a 1 1 42
a 1 42 2
a 1 2 28
a 1 28 24
a 1 24 53
a 1 53 109
a 1 5 109
a 1 109 105
a 1 1 105
a 1 105 21
a 1 21 156
a 1 52 156
a 1 156 10
a 1 10 74
a 1 74 66
a 1 66 146
a 1 42 146
a 1 146 106
a 1 2 106
a 1 106 141
a 1 37 141
a 1 141 132
a 1 28 132
a 1 132 133
a 1 29 133
a 1 133 117
a 1 13 117
a 1 117 79
a 1 79 181
a 1 77 181
a 1 181 115
a 1 11 115
a 1 115 80
a 1 80 35
a 1 35 78
a 1 78 51
a 1 51 168
a 1 64 168
a 1 168 99
a 1 99 85
a 1 85 128
a 1 24 128
a 1 128 98
a 1 98 82
a 1 82 73
a 1 73 68
a 1 68 84
a 1 84 178
a 1 74 178
a 1 178 89
a 1 89 103
a 1 103 114
a 1 10 114
a 1 114 183
a 1 79 183
a 1 183 125
a 1 21 125
a 1 125 157
a 1 53 157
a 1 157 62
a 1 62 90
a 1 90 184
a 1 80 184
a 1 184 91
a 1 91 96
a 1 96 170
a 1 66 170
a 1 170 95
a 1 95 87
a 1 87 139
a 1 35 139
a 1 139 155
a 1 51 155
a 1 155 203
a 1 99 203
a 1 203 186
a 1 82 186
a 1 186 182
a 1 78 182
a 1 182 188
a 1 84 188
a 1 188 172
a 1 68 172
a 1 172 189
a 1 85 189
a 1 189 193
a 1 89 193
a 1 193 202
a 1 98 202
a 1 202 195
a 1 91 195
a 1 195 207
a 1 103 207
a 1 207 200
a 1 96 200
a 1 200 191
a 1 87 191
a 1 191 177
a 1 73 177
a 1 177 166
a 1 62 166
a 1 166 194
a 1 90 194
a 1 194 199
a 1 95 199
a 1 199 209
a 2 208 22
a 2 22 18
a 2 18 52
a 2 52 77
a 2 77 37
a 2 37 13
a 2 13 64
a 2 64 1
a 2 1 43
a 2 43 25
a 2 25 6
a 2 6 34
a 2 34 53
a 2 53 72
a 2 72 126
a 2 22 126
a 2 126 46
a 2 46 105
a 2 1 105
a 2 105 156
a 2 52 156
a 2 156 10
a 2 10 48
a 2 48 141
a 2 37 141
a 2 141 117
a 2 13 117
a 2 117 147
a 2 43 147
a 2 147 129
a 2 25 129
a 2 129 61
a 2 61 63
a 2 63 181
a 2 77 181
a 2 181 122
a 2 18 122
a 2 122 32
a 2 32 110
a 2 6 110
a 2 110 51
a 2 51 168
a 2 64 168
a 2 168 82
a 2 82 84
a 2 84 138
a 2 34 138
a 2 138 150
a 2 46 150
a 2 150 56
a 2 56 103
a 2 103 114
a 2 10 114
a 2 114 100
a 2 100 12
a 2 12 81
a 2 81 55
a 2 55 176
a 2 72 176
a 2 176 157
a 2 53 157
a 2 157 90
a 2 90 167
a 2 63 167
a 2 167 136
a 2 32 136
a 2 136 165
a 2 61 165
a 2 165 96
a 2 96 95
a 2 95 86
a 2 86 152
a 2 48 152
a 2 152 155
a 2 51 155
a 2 155 186
a 2 82 186
a 2 186 188
a 2 84 188
a 2 188 204
a 2 100 204
a 2 204 185
a 2 81 185
a 2 185 116
a 2 12 116
a 2 116 159
a 2 55 159
a 2 159 190
a 2 86 190
a 2 190 207
a 2 103 207
a 2 207 200
a 2 96 200
a 2 200 160
a 2 56 160
a 2 160 194
a 2 90 194
a 2 194 199
a 2 95 199
a 2 199 209
a 3 208 22
a 3 22 14
a 3 14 3
a 3 3 52
a 3 52 77
a 3 77 45
a 3 45 15
a 3 15 8
a 3 8 37
a 3 37 27
a 3 27 13
a 3 13 11
a 3 11 64
a 3 64 1
a 3 1 19
a 3 19 42
a 3 42 31
a 3 31 44
a 3 44 6
a 3 6 34
a 3 34 24
a 3 24 118
a 3 14 118
a 3 118 123
a 3 19 123
a 3 123 72
a 3 72 126
a 3 22 126
a 3 126 149
a 3 45 149
a 3 149 105
a 3 1 105
a 3 105 21
a 3 21 156
a 3 52 156
a 3 156 48
a 3 48 66
a 3 66 146
a 3 42 146
a 3 146 83
a 3 83 131
a 3 27 131
a 3 131 119
a 3 15 119
a 3 119 141
a 3 37 141
a 3 141 41
a 3 41 117
a 3 13 117
a 3 117 181
a 3 77 181
a 3 181 49
a 3 49 135
a 3 31 135
a 3 135 115
a 3 11 115
a 3 115 107
a 3 3 107
a 3 107 35
a 3 35 39
a 3 39 26
a 3 26 78
a 3 78 148
a 3 44 148
a 3 148 110
a 3 6 110
a 3 110 168
a 3 64 168
a 3 168 112
a 3 8 112
a 3 112 128
a 3 24 128
a 3 128 16
a 3 16 82
a 3 82 138
a 3 34 138
a 3 138 187
a 3 83 187
a 3 187 12
a 3 12 81
a 3 81 145
a 3 41 145
a 3 145 176
a 3 72 176
a 3 176 125
a 3 21 125
a 3 125 130
a 3 26 130
a 3 130 97
a 3 97 67
a 3 67 153
a 3 49 153
a 3 153 75
a 3 75 90
a 3 90 91
a 3 91 70
a 3 70 94
a 3 94 170
a 3 66 170
a 3 170 87
a 3 87 152
a 3 48 152
a 3 152 139
a 3 35 139
a 3 139 47
a 3 47 69
a 3 69 143
a 3 39 143
a 3 143 186
a 3 82 186
a 3 186 182
a 3 78 182
a 3 182 120
a 3 16 120
a 3 120 171
a 3 67 171
a 3 171 174
a 3 70 174
a 3 174 179
a 3 75 179
a 3 179 198
a 3 94 198
a 3 198 185
a 3 81 185
a 3 185 116
a 3 12 116
a 3 116 195
a 3 91 195
a 3 195 191
a 3 87 191
a 3 191 201
a 3 97 201
a 3 201 151
a 3 47 151
a 3 151 173
a 3 69 173
a 3 173 194
a 3 90 194
a 3 194 209
a 4 208 18
a 4 18 3
a 4 3 52
a 4 52 4
a 4 4 8
a 4 8 37
a 4 37 27
a 4 27 13
a 4 13 11
a 4 11 64
a 4 64 1
a 4 1 19
a 4 19 9
a 4 9 23
a 4 23 44
a 4 44 58
a 4 58 24
a 4 24 7
a 4 7 123
a 4 19 123
a 4 123 53
a 4 53 108
a 4 4 108
a 4 108 102
a 4 102 105
a 4 1 105
a 4 105 21
a 4 21 156
a 4 52 156
a 4 156 131
a 4 27 131
a 4 131 141
a 4 37 141
a 4 141 127
a 4 23 127
a 4 127 41
a 4 41 117
a 4 13 117
a 4 117 162
a 4 58 162
a 4 162 49
a 4 49 122
a 4 18 122
a 4 122 54
a 4 54 115
a 4 11 115
a 4 115 32
a 4 32 107
a 4 3 107
a 4 107 35
a 4 35 148
a 4 44 148
a 4 148 51
a 4 51 113
a 4 9 113
a 4 113 168
a 4 64 168
a 4 168 99
a 4 99 112
a 4 8 112
a 4 112 85
a 4 85 128
a 4 24 128
a 4 128 98
a 4 98 16
a 4 16 84
a 4 84 206
a 4 102 206
a 4 206 103
a 4 103 111
a 4 7 111
a 4 111 100
a 4 100 145
a 4 41 145
a 4 145 125
a 4 21 125
a 4 125 157
a 4 53 157
a 4 157 62
a 4 62 153
a 4 49 153
a 4 153 71
a 4 71 93
a 4 93 136
a 4 32 136
a 4 136 70
a 4 70 158
a 4 54 158
a 4 158 87
a 4 87 139
a 4 35 139
a 4 139 69
a 4 69 155
a 4 51 155
a 4 155 203
a 4 99 203
a 4 203 188
a 4 84 188
a 4 188 189
a 4 85 189
a 4 189 120
a 4 16 120
a 4 120 204
a 4 100 204
a 4 204 197
a 4 93 197
a 4 197 174
a 4 70 174
a 4 174 202
a 4 98 202
a 4 202 207
a 4 103 207
a 4 207 191
a 4 87 191
a 4 191 166
a 4 62 166
a 4 166 173
a 4 69 173
a 4 173 175
a 4 71 175
a 4 175 209
a 5 208 3
a 5 3 52
a 5 52 20
a 5 20 15
a 5 15 0
a 5 0 13
a 5 13 2
a 5 2 43
a 5 43 28
a 5 28 44
a 5 44 40
a 5 40 7
a 5 7 53
a 5 53 57
a 5 57 104
a 5 0 104
a 5 104 156
a 5 52 156
a 5 156 10
a 5 10 48
a 5 48 106
a 5 2 106
a 5 106 119
a 5 15 119
a 5 119 41
a 5 41 132
a 5 28 132
a 5 132 117
a 5 13 117
a 5 117 147
a 5 43 147
a 5 147 60
a 5 60 63
a 5 63 32
a 5 32 124
a 5 20 124
a 5 124 107
a 5 3 107
a 5 107 26
a 5 26 148
a 5 44 148
a 5 148 144
a 5 40 144
a 5 144 16
a 5 16 84
a 5 84 56
a 5 56 103
a 5 103 114
a 5 10 114
a 5 114 111
a 5 7 111
a 5 111 145
a 5 41 145
a 5 145 161
a 5 57 161
a 5 161 130
a 5 26 130
a 5 130 157
a 5 53 157
a 5 157 97
a 5 97 62
a 5 62 71
a 5 71 90
a 5 90 164
a 5 60 164
a 5 164 167
a 5 63 167
a 5 167 136
a 5 32 136
a 5 136 70
a 5 70 38
a 5 38 86
a 5 86 152
a 5 48 152
a 5 152 59
a 5 59 188
a 5 84 188
a 5 188 120
a 5 16 120
a 5 120 174
a 5 70 174
a 5 174 190
a 5 86 190
a 5 190 163
a 5 59 163
a 5 163 207
a 5 103 207
a 5 207 201
a 5 97 201
a 5 201 160
a 5 56 160
a 5 160 166
a 5 62 166
a 5 166 142
a 5 38 142
a 5 142 175
a 5 71 175
a 5 175 194
a 5 90 194
a 5 194 209
a 6 208 76
a 6 76 14
a 6 14 29
a 6 29 4
a 6 4 5
a 6 5 45
a 6 45 8
a 6 8 37
a 6 37 0
a 6 0 13
a 6 13 64
a 6 64 19
a 6 19 1
a 6 1 2
a 6 2 34
a 6 34 118
a 6 14 118
a 6 118 123
a 6 19 123
a 6 123 53
a 6 53 149
a 6 45 149
a 6 149 108
a 6 4 108
a 6 108 109
a 6 5 109
a 6 109 104
a 6 0 104
a 6 104 105
a 6 1 105
a 6 105 30
a 6 30 180
a 6 76 180
a 6 180 83
a 6 83 106
a 6 2 106
a 6 106 141
a 6 37 141
a 6 141 133
a 6 29 133
a 6 133 117
a 6 13 117
a 6 117 79
a 6 79 61
a 6 61 49
a 6 49 80
a 6 80 65
a 6 65 168
a 6 64 168
a 6 168 99
a 6 99 112
a 6 8 112
a 6 112 98
a 6 98 82
a 6 82 73
a 6 73 138
a 6 34 138
a 6 138 187
a 6 83 187
a 6 187 103
a 6 103 81
a 6 81 183
a 6 79 183
a 6 183 157
a 6 53 157
a 6 157 62
a 6 62 97
a 6 97 153
a 6 49 153
a 6 153 93
a 6 93 90
a 6 90 134
a 6 30 134
a 6 134 184
a 6 80 184
a 6 184 165
a 6 61 165
a 6 165 96
a 6 96 92
a 6 92 95
a 6 95 59
a 6 59 203
a 6 99 203
a 6 203 186
a 6 82 186
a 6 186 169
a 6 65 169
a 6 169 196
a 6 92 196
a 6 196 197
a 6 93 197
a 6 197 202
a 6 98 202
a 6 202 185
a 6 81 185
a 6 185 163
a 6 59 163
a 6 163 207
a 6 103 207
a 6 207 200
a 6 96 200
a 6 200 177
a 6 73 177
a 6 177 201
a 6 97 201
a 6 201 166
a 6 62 166
a 6 166 194
a 6 90 194
a 6 194 199
a 6 95 199
a 6 199 209
a 7 208 76
a 7 76 3
a 7 3 20
a 7 20 77
a 7 77 36
a 7 36 27
a 7 27 1
a 7 1 42
a 7 42 9
a 7 9 31
a 7 31 28
a 7 28 58
a 7 58 25
a 7 25 40
a 7 40 33
a 7 33 105
a 7 1 105
a 7 105 21
a 7 21 30
a 7 30 180
a 7 76 180
a 7 180 10
a 7 10 140
a 7 36 140
a 7 140 146
a 7 42 146
a 7 146 131
a 7 27 131
a 7 131 132
a 7 28 132
a 7 132 162
a 7 58 162
a 7 162 79
a 7 79 129
a 7 25 129
a 7 129 61
a 7 61 181
a 7 77 181
a 7 181 49
a 7 49 135
a 7 31 135
a 7 135 32
a 7 32 107
a 7 3 107
a 7 107 124
a 7 20 124
a 7 124 39
a 7 39 101
a 7 101 144
a 7 40 144
a 7 144 113
a 7 9 113
a 7 113 85
a 7 85 98
a 7 98 137
a 7 33 137
a 7 137 56
a 7 56 114
a 7 10 114
a 7 114 100
a 7 100 183
a 7 79 183
a 7 183 125
a 7 21 125
a 7 125 97
a 7 97 153
a 7 49 153
a 7 153 134
a 7 30 134
a 7 134 136
a 7 32 136
a 7 136 165
a 7 61 165
a 7 165 94
a 7 94 92
a 7 92 95
a 7 95 86
a 7 86 143
a 7 39 143
a 7 143 59
a 7 59 205
a 7 101 205
a 7 205 189
a 7 85 189
a 7 189 204
a 7 100 204
a 7 204 196
a 7 92 196
a 7 196 202
a 7 98 202
a 7 202 198
a 7 94 198
a 7 198 190
a 7 86 190
a 7 190 163
a 7 59 163
a 7 163 160
a 7 56 160
a 7 160 201
a 7 97 201
a 7 201 199
a 7 95 199
a 7 199 209
a 8 208 22
a 8 22 14
a 8 14 52
a 8 52 45
a 8 45 37
a 8 37 64
a 8 64 42
a 8 42 43
a 8 43 23
a 8 23 44
a 8 44 33
a 8 33 34
a 8 34 118
a 8 14 118
a 8 118 72
a 8 72 126
a 8 22 126
a 8 126 46
a 8 46 149
a 8 45 149
a 8 149 57
a 8 57 102
a 8 102 156
a 8 52 156
a 8 156 10
a 8 10 66
a 8 66 146
a 8 42 146
a 8 146 141
a 8 37 141
a 8 141 127
a 8 23 127
a 8 127 147
a 8 43 147
a 8 147 32
a 8 32 65
a 8 65 148
a 8 44 148
a 8 148 51
a 8 51 168
a 8 64 168
a 8 168 98
a 8 98 137
a 8 33 137
a 8 137 82
a 8 82 73
a 8 73 84
a 8 84 138
a 8 34 138
a 8 138 150
a 8 46 150
a 8 150 206
a 8 102 206
a 8 206 103
a 8 103 114
a 8 10 114
a 8 114 88
a 8 88 81
a 8 81 55
a 8 55 161
a 8 57 161
a 8 161 176
a 8 72 176
a 8 176 71
a 8 71 93
a 8 93 90
a 8 90 136
a 8 32 136
a 8 136 70
a 8 70 94
a 8 94 170
a 8 66 170
a 8 170 155
a 8 51 155
a 8 155 186
a 8 82 186
a 8 186 169
a 8 65 169
a 8 169 188
a 8 84 188
a 8 188 197
a 8 93 197
a 8 197 174
a 8 70 174
a 8 174 202
a 8 98 202
a 8 202 198
a 8 94 198
a 8 198 185
a 8 81 185
a 8 185 159
a 8 55 159
a 8 159 192
a 8 88 192
a 8 192 207
a 8 103 207
a 8 207 177
a 8 73 177
a 8 177 175
a 8 71 175
a 8 175 194
a 8 90 194
a 8 194 209
a 9 208 22
a 9 22 5
a 9 5 77
a 9 77 15
a 9 15 0
a 9 0 27
a 9 27 13
a 9 13 42
a 9 42 2
a 9 2 28
a 9 28 58
a 9 58 40
a 9 40 34
a 9 34 24
a 9 24 7
a 9 7 126
a 9 22 126
a 9 126 109
a 9 5 109
a 9 109 104
a 9 0 104
a 9 104 21
a 9 21 74
a 9 74 48
a 9 48 66
a 9 66 146
a 9 42 146
a 9 146 131
a 9 27 131
a 9 131 106
a 9 2 106
a 9 106 119
a 9 15 119
a 9 119 50
a 9 50 132
a 9 28 132
a 9 132 117
a 9 13 117
a 9 117 162
a 9 58 162
a 9 162 60
a 9 60 79
a 9 79 61
a 9 61 181
a 9 77 181
a 9 181 49
a 9 49 35
a 9 35 144
a 9 40 144
a 9 144 51
a 9 51 128
a 9 24 128
a 9 128 16
a 9 16 68
a 9 68 138
a 9 34 138
a 9 138 178
a 9 74 178
a 9 178 89
a 9 89 88
a 9 88 111
a 9 7 111
a 9 111 55
a 9 55 183
a 9 79 183
a 9 183 125
a 9 21 125
a 9 125 153
a 9 49 153
a 9 153 71
a 9 71 75
a 9 75 164
a 9 60 164
a 9 164 38
a 9 38 165
a 9 61 165
a 9 165 96
a 9 96 170
a 9 66 170
a 9 170 87
a 9 87 152
a 9 48 152
a 9 152 139
a 9 35 139
a 9 139 155
a 9 51 155
a 9 155 154
a 9 50 154
a 9 154 172
a 9 68 172
a 9 172 120
a 9 16 120
a 9 120 193
a 9 89 193
a 9 193 179
a 9 75 179
a 9 179 159
a 9 55 159
a 9 159 192
a 9 88 192
a 9 192 200
a 9 96 200
a 9 200 191
a 9 87 191
a 9 191 142
a 9 38 142
a 9 142 175
a 9 71 175
a 9 175 209
a 10 208 22
a 10 22 76
a 10 76 14
a 10 14 45
a 10 45 36
a 10 36 27
a 10 27 13
a 10 13 11
a 10 11 19
a 10 19 2
a 10 2 43
a 10 43 9
a 10 9 44
a 10 44 33
a 10 33 118
a 10 14 118
a 10 118 123
a 10 19 123
a 10 123 126
a 10 22 126
a 10 126 149
a 10 45 149
a 10 149 57
a 10 57 180
a 10 76 180
a 10 180 10
a 10 10 140
a 10 36 140
a 10 140 48
a 10 48 66
a 10 66 83
a 10 83 131
a 10 27 131
a 10 131 106
a 10 2 106
a 10 106 50
a 10 50 117
a 10 13 117
a 10 117 147
a 10 43 147
a 10 147 63
a 10 63 49
a 10 49 54
a 10 54 115
a 10 11 115
a 10 115 80
a 10 80 39
a 10 39 148
a 10 44 148
a 10 148 113
a 10 9 113
a 10 113 137
a 10 33 137
a 10 137 82
a 10 82 56
a 10 56 187
a 10 83 187
a 10 187 103
a 10 103 114
a 10 10 114
a 10 114 55
a 10 55 161
a 10 57 161
a 10 161 97
a 10 97 153
a 10 49 153
a 10 153 93
a 10 93 184
a 10 80 184
a 10 184 167
a 10 63 167
a 10 167 70
a 10 70 38
a 10 38 158
a 10 54 158
a 10 158 170
a 10 66 170
a 10 170 152
a 10 48 152
a 10 152 143
a 10 39 143
a 10 143 154
a 10 50 154
a 10 154 186
a 10 82 186
a 10 186 197
a 10 93 197
a 10 197 174
a 10 70 174
a 10 174 159
a 10 55 159
a 10 159 207
a 10 103 207
a 10 207 160
a 10 56 160
a 10 160 201
a 10 97 201
a 10 201 142
a 10 38 142
a 10 142 209
a 11 208 76
a 11 76 29
a 11 29 4
a 11 4 17
a 11 17 15
a 11 15 8
a 11 8 37
a 11 37 0
a 11 0 13
a 11 13 43
a 11 43 31
a 11 31 28
a 11 28 44
a 11 44 25
a 11 25 6
a 11 6 33
a 11 33 7
a 11 7 53
a 11 53 72
a 11 72 108
a 11 4 108
a 11 108 104
a 11 0 104
a 11 104 180
a 11 76 180
a 11 180 66
a 11 66 119
a 11 15 119
a 11 119 141
a 11 37 141
a 11 141 121
a 11 17 121
a 11 121 132
a 11 28 132
a 11 132 133
a 11 29 133
a 11 133 117
a 11 13 117
a 11 117 147
a 11 43 147
a 11 147 60
a 11 60 129
a 11 25 129
a 11 129 135
a 11 31 135
a 11 135 32
a 11 32 35
a 11 35 26
a 11 26 65
a 11 65 148
a 11 44 148
a 11 148 110
a 11 6 110
a 11 110 51
a 11 51 112
a 11 8 112
a 11 112 137
a 11 33 137
a 11 137 89
a 11 89 88
a 11 88 111
a 11 7 111
a 11 111 100
a 11 100 12
a 11 12 81
a 11 81 55
a 11 55 176
a 11 72 176
a 11 176 130
a 11 26 130
a 11 130 157
a 11 53 157
a 11 157 97
a 11 97 164
a 11 60 164
a 11 164 136
a 11 32 136
a 11 136 38
a 11 38 170
a 11 66 170
a 11 170 95
a 11 95 139
a 11 35 139
a 11 139 155
a 11 51 155
a 11 155 169
a 11 65 169
a 11 169 204
a 11 100 204
a 11 204 193
a 11 89 193
a 11 193 185
a 11 81 185
a 11 185 116
a 11 12 116
a 11 116 159
a 11 55 159
a 11 159 192
a 11 88 192
a 11 192 201
a 11 97 201
a 11 201 142
a 11 38 142
a 11 142 199
a 11 95 199
a 11 199 209
a 12 208 14
a 12 14 20
a 12 20 29
a 12 29 5
a 12 5 8
a 12 8 27
a 12 27 13
a 12 13 44
a 12 44 58
a 12 58 33
a 12 33 6
a 12 6 34
a 12 34 7
a 12 7 118
a 12 14 118
a 12 118 46
a 12 46 109
a 12 5 109
a 12 109 102
a 12 102 10
a 12 10 48
a 12 48 131
a 12 27 131
a 12 131 41
a 12 41 133
a 12 29 133
a 12 133 117
a 12 13 117
a 12 117 162
a 12 58 162
a 12 162 79
a 12 79 63
a 12 63 32
a 12 32 124
a 12 20 124
a 12 124 35
a 12 35 39
a 12 39 26
a 12 26 148
a 12 44 148
a 12 148 110
a 12 6 110
a 12 110 101
a 12 101 99
a 12 99 112
a 12 8 112
a 12 112 137
a 12 33 137
a 12 137 16
a 12 16 82
a 12 82 138
a 12 34 138
a 12 138 150
a 12 46 150
a 12 150 206
a 12 102 206
a 12 206 56
a 12 56 114
a 12 10 114
a 12 114 111
a 12 7 111
a 12 111 81
a 12 81 183
a 12 79 183
a 12 183 145
a 12 41 145
a 12 145 130
a 12 26 130
a 12 130 67
a 12 67 75
a 12 75 90
a 12 90 167
a 12 63 167
a 12 167 136
a 12 32 136
a 12 136 96
a 12 96 152
a 12 48 152
a 12 152 139
a 12 35 139
a 12 139 47
a 12 47 143
a 12 39 143
a 12 143 59
a 12 59 203
a 12 99 203
a 12 203 186
a 12 82 186
a 12 186 205
a 12 101 205
a 12 205 120
a 12 16 120
a 12 120 171
a 12 67 171
a 12 171 179
a 12 75 179
a 12 179 185
a 12 81 185
a 12 185 163
a 12 59 163
a 12 163 200
a 12 96 200
a 12 200 160
a 12 56 160
a 12 160 151
a 12 47 151
a 12 151 194
a 12 90 194
a 12 194 209
a 13 208 76
a 13 76 14
a 13 14 29
a 13 29 17
a 13 17 77
a 13 77 45
a 13 45 15
a 13 15 64
a 13 64 1
a 13 1 42
a 13 42 43
a 13 43 31
a 13 31 58
a 13 58 25
a 13 25 6
a 13 6 24
a 13 24 118
a 13 14 118
a 13 118 72
a 13 72 46
a 13 46 149
a 13 45 149
a 13 149 105
a 13 1 105
a 13 105 180
a 13 76 180
a 13 180 66
a 13 66 146
a 13 42 146
a 13 146 83
a 13 83 119
a 13 15 119
a 13 119 121
a 13 17 121
a 13 121 133
a 13 29 133
a 13 133 162
a 13 58 162
a 13 162 147
a 13 43 147
a 13 147 129
a 13 25 129
a 13 129 63
a 13 63 181
a 13 77 181
a 13 181 135
a 13 31 135
a 13 135 54
a 13 54 32
a 13 32 110
a 13 6 110
a 13 110 51
a 13 51 168
a 13 64 168
a 13 168 99
a 13 99 128
a 13 24 128
a 13 128 16
a 13 16 150
a 13 46 150
a 13 150 187
a 13 83 187
a 13 187 12
a 13 12 81
a 13 81 55
a 13 55 176
a 13 72 176
a 13 176 67
a 13 67 91
a 13 91 167
a 13 63 167
a 13 167 136
a 13 32 136
a 13 136 158
a 13 54 158
a 13 158 170
a 13 66 170
a 13 170 86
a 13 86 155
a 13 51 155
a 13 155 203
a 13 99 203
a 13 203 120
a 13 16 120
a 13 120 171
a 13 67 171
a 13 171 185
a 13 81 185
a 13 185 116
a 13 12 116
a 13 116 159
a 13 55 159
a 13 159 190
a 13 86 190
a 13 190 195
a 13 91 195
a 13 195 209
a 14 208 22
a 14 22 20
a 14 20 4
a 14 4 17
a 14 17 37
a 14 37 0
a 14 0 11
a 14 11 1
a 14 1 43
a 14 43 44
a 14 44 58
a 14 58 24
a 14 24 126
a 14 22 126
a 14 126 108
a 14 4 108
a 14 108 104
a 14 0 104
a 14 104 105
a 14 1 105
a 14 105 83
a 14 83 141
a 14 37 141
a 14 141 121
a 14 17 121
a 14 121 162
a 14 58 162
a 14 162 147
a 14 43 147
a 14 147 79
a 14 79 63
a 14 63 115
a 14 11 115
a 14 115 124
a 14 20 124
a 14 124 35
a 14 35 26
a 14 26 78
a 14 78 148
a 14 44 148
a 14 148 101
a 14 101 85
a 14 85 128
a 14 24 128
a 14 128 73
a 14 73 68
a 14 68 89
a 14 89 187
a 14 83 187
a 14 187 88
a 14 88 81
a 14 81 183
a 14 79 183
a 14 183 130
a 14 26 130
a 14 130 62
a 14 62 97
a 14 97 167
a 14 63 167
a 14 167 94
a 14 94 95
a 14 95 86
a 14 86 139
a 14 35 139
a 14 139 182
a 14 78 182
a 14 182 205
a 14 101 205
a 14 205 172
a 14 68 172
a 14 172 189
a 14 85 189
a 14 189 193
a 14 89 193
a 14 193 198
a 14 94 198
a 14 198 185
a 14 81 185
a 14 185 190
a 14 86 190
a 14 190 192
a 14 88 192
a 14 192 177
a 14 73 177
a 14 177 201
a 14 97 201
a 14 201 166
a 14 62 166
a 14 166 199
a 14 95 199
a 14 199 209
a 15 208 76
a 15 76 3
a 15 3 52
a 15 52 20
a 15 20 29
a 15 29 15
a 15 15 27
a 15 27 2
a 15 2 9
a 15 9 40
a 15 40 34
a 15 34 53
a 15 53 72
a 15 72 57
a 15 57 30
a 15 30 156
a 15 52 156
a 15 156 180
a 15 76 180
a 15 180 131
a 15 27 131
a 15 131 106
a 15 2 106
a 15 106 119
a 15 15 119
a 15 119 50
a 15 50 133
a 15 29 133
a 15 133 63
a 15 63 32
a 15 32 107
a 15 3 107
a 15 107 124
a 15 20 124
a 15 124 144
a 15 40 144
a 15 144 113
a 15 9 113
a 15 113 99
a 15 99 16
a 15 16 82
a 15 82 73
a 15 73 138
a 15 34 138
a 15 138 56
a 15 56 103
a 15 103 100
a 15 100 12
a 15 12 81
a 15 81 161
a 15 57 161
a 15 161 176
a 15 72 176
a 15 176 157
a 15 53 157
a 15 157 67
a 15 67 90
a 15 90 134
a 15 30 134
a 15 134 167
a 15 63 167
a 15 167 136
a 15 32 136
a 15 136 38
a 15 38 96
a 15 96 47
a 15 47 154
a 15 50 154
a 15 154 203
a 15 99 203
a 15 203 186
a 15 82 186
a 15 186 120
a 15 16 120
a 15 120 204
a 15 100 204
a 15 204 171
a 15 67 171
a 15 171 185
a 15 81 185
a 15 185 116
a 15 12 116
a 15 116 207
a 15 103 207
a 15 207 200
a 15 96 200
a 15 200 177
a 15 73 177
a 15 177 160
a 15 56 160
a 15 160 151
a 15 47 151
a 15 151 142
a 15 38 142
a 15 142 194
a 15 90 194
a 15 194 209
a 16 208 18
a 16 18 52
a 16 52 20
a 16 20 36
a 16 36 37
a 16 37 13
a 16 13 19
a 16 19 2
a 16 2 25
a 16 25 6
a 16 6 123
a 16 19 123
a 16 123 53
a 16 53 46
a 16 46 102
a 16 102 156
a 16 52 156
a 16 156 140
a 16 36 140
a 16 140 48
a 16 48 106
a 16 2 106
a 16 106 141
a 16 37 141
a 16 141 117
a 16 13 117
a 16 117 60
a 16 60 79
a 16 79 129
a 16 25 129
a 16 129 49
a 16 49 122
a 16 18 122
a 16 122 32
a 16 32 124
a 16 20 124
a 16 124 110
a 16 6 110
a 16 110 101
a 16 101 51
a 16 51 85
a 16 85 16
a 16 16 82
a 16 82 73
a 16 73 84
a 16 84 89
a 16 89 150
a 16 46 150
a 16 150 206
a 16 102 206
a 16 206 100
a 16 100 55
a 16 55 183
a 16 79 183
a 16 183 157
a 16 53 157
a 16 157 97
a 16 97 153
a 16 49 153
a 16 153 75
a 16 75 164
a 16 60 164
a 16 164 136
a 16 32 136
a 16 136 96
a 16 96 95
a 16 95 86
a 16 86 152
a 16 48 152
a 16 152 69
a 16 69 155
a 16 51 155
a 16 155 186
a 16 82 186
a 16 186 188
a 16 84 188
a 16 188 205
a 16 101 205
a 16 205 189
a 16 85 189
a 16 189 120
a 16 16 120
a 16 120 204
a 16 100 204
a 16 204 193
a 16 89 193
a 16 193 179
a 16 75 179
a 16 179 159
a 16 55 159
a 16 159 190
a 16 86 190
a 16 190 200
a 16 96 200
a 16 200 177
a 16 73 177
a 16 177 201
a 16 97 201
a 16 201 173
a 16 69 173
a 16 173 199
a 16 95 199
a 16 199 209
a 17 208 18
a 17 18 76
a 17 76 3
a 17 3 52
a 17 52 29
a 17 29 17
a 17 17 77
a 17 77 36
a 17 36 15
a 17 15 11
a 17 11 42
a 17 42 31
a 17 31 25
a 17 25 40
a 17 40 33
a 17 33 53
a 17 53 46
a 17 46 57
a 17 57 102
a 17 102 156
a 17 52 156
a 17 156 180
a 17 76 180
a 17 180 74
a 17 74 140
a 17 36 140
a 17 140 146
a 17 42 146
a 17 146 119
a 17 15 119
a 17 119 121
a 17 17 121
a 17 121 133
a 17 29 133
a 17 133 129
a 17 25 129
a 17 129 61
a 17 61 63
a 17 63 181
a 17 77 181
a 17 181 122
a 17 18 122
a 17 122 135
a 17 31 135
a 17 135 115
a 17 11 115
a 17 115 80
a 17 80 107
a 17 3 107
a 17 107 35
a 17 35 26
a 17 26 78
a 17 78 65
a 17 65 101
a 17 101 144
a 17 40 144
a 17 144 99
a 17 99 85
a 17 85 137
a 17 33 137
a 17 137 82
a 17 82 73
a 17 73 178
a 17 74 178
a 17 178 150
a 17 46 150
a 17 150 206
a 17 102 206
a 17 206 103
a 17 103 88
a 17 88 12
a 17 12 161
a 17 57 161
a 17 161 130
a 17 26 130
a 17 130 157
a 17 53 157
a 17 157 75
a 17 75 90
a 17 90 184
a 17 80 184
a 17 184 167
a 17 63 167
a 17 167 70
a 17 70 165
a 17 61 165
a 17 165 94
a 17 94 92
a 17 92 139
a 17 35 139
a 17 139 47
a 17 47 59
a 17 59 203
a 17 99 203
a 17 203 186
a 17 82 186
a 17 186 182
a 17 78 182
a 17 182 169
a 17 65 169
a 17 169 205
a 17 101 205
a 17 205 189
a 17 85 189
a 17 189 196
a 17 92 196
a 17 196 174
a 17 70 174
a 17 174 179
a 17 75 179
a 17 179 198
a 17 94 198
a 17 198 116
a 17 12 116
a 17 116 192
a 17 88 192
a 17 192 163
a 17 59 163
a 17 163 207
a 17 103 207
a 17 207 177
a 17 73 177
a 17 177 151
a 17 47 151
a 17 151 194
a 17 90 194
a 17 194 209
a 18 208 76
a 18 76 3
a 18 3 4
a 18 4 5
a 18 5 77
a 18 77 8
a 18 8 42
a 18 42 2
a 18 2 43
a 18 43 28
a 18 28 6
a 18 6 24
a 18 24 7
a 18 7 53
a 18 53 72
a 18 72 108
a 18 4 108
a 18 108 109
a 18 5 109
a 18 109 21
a 18 21 180
a 18 76 180
a 18 180 66
a 18 66 146
a 18 42 146
a 18 146 83
a 18 83 106
a 18 2 106
a 18 106 50
a 18 50 132
a 18 28 132
a 18 132 147
a 18 43 147
a 18 147 61
a 18 61 63
a 18 63 181
a 18 77 181
a 18 181 80
a 18 80 107
a 18 3 107
a 18 107 26
a 18 26 65
a 18 65 110
a 18 6 110
a 18 110 101
a 18 101 51
a 18 51 99
a 18 99 112
a 18 8 112
a 18 112 128
a 18 24 128
a 18 128 84
a 18 84 89
a 18 89 56
a 18 56 187
a 18 83 187
a 18 187 111
a 18 7 111
a 18 111 81
a 18 81 176
a 18 72 176
a 18 176 125
a 18 21 125
a 18 125 130
a 18 26 130
a 18 130 157
a 18 53 157
a 18 157 67
a 18 67 71
a 18 71 90
a 18 90 184
a 18 80 184
a 18 184 167
a 18 63 167
a 18 167 165
a 18 61 165
a 18 165 94
a 18 94 96
a 18 96 170
a 18 66 170
a 18 170 95
a 18 95 87
a 18 87 59
a 18 59 155
a 18 51 155
a 18 155 154
a 18 50 154
a 18 154 203
a 18 99 203
a 18 203 169
a 18 65 169
a 18 169 188
a 18 84 188
a 18 188 205
a 18 101 205
a 18 205 193
a 18 89 193
a 18 193 171
a 18 67 171
a 18 171 198
a 18 94 198
a 18 198 185
a 18 81 185
a 18 185 163
a 18 59 163
a 18 163 200
a 18 96 200
a 18 200 191
a 18 87 191
a 18 191 160
a 18 56 160
a 18 160 175
a 18 71 175
a 18 175 194
a 18 90 194
a 18 194 199
a 18 95 199
a 18 199 209
a 19 208 18
a 19 18 76
a 19 76 20
a 19 20 17
a 19 17 45
a 19 45 36
a 19 36 15
a 19 15 8
a 19 8 0
a 19 0 19
a 19 19 43
a 19 43 9
a 19 9 23
a 19 23 40
a 19 40 6
a 19 6 33
a 19 33 123
a 19 19 123
a 19 123 149
a 19 45 149
a 19 149 102
a 19 102 104
a 19 0 104
a 19 104 21
a 19 21 180
a 19 76 180
a 19 180 140
a 19 36 140
a 19 140 48
a 19 48 119
a 19 15 119
a 19 119 127
a 19 23 127
a 19 127 121
a 19 17 121
a 19 121 147
a 19 43 147
a 19 147 60
a 19 60 122
a 19 18 122
a 19 122 124
a 19 20 124
a 19 124 78
a 19 78 65
a 19 65 110
a 19 6 110
a 19 110 144
a 19 40 144
a 19 144 113
a 19 9 113
a 19 113 99
a 19 99 112
a 19 8 112
a 19 112 137
a 19 33 137
a 19 137 16
a 19 16 84
a 19 84 206
a 19 102 206
a 19 206 100
a 19 100 125
a 19 21 125
a 19 125 75
a 19 75 90
a 19 90 164
a 19 60 164
a 19 164 70
a 19 70 94
a 19 94 92
a 19 92 87
a 19 87 152
a 19 48 152
a 19 152 203
a 19 99 203
a 19 203 182
a 19 78 182
a 19 182 169
a 19 65 169
a 19 169 188
a 19 84 188
a 19 188 120
a 19 16 120
a 19 120 204
a 19 100 204
a 19 204 196
a 19 92 196
a 19 196 174
a 19 70 174
a 19 174 179
a 19 75 179
a 19 179 198
a 19 94 198
a 19 198 191
a 19 87 191
a 19 191 194
a 19 90 194
a 19 194 209
a 20 208 3
a 20 3 4
a 20 4 5
a 20 5 36
a 20 36 64
a 20 64 43
a 20 43 23
a 20 23 31
a 20 31 28
a 20 28 6
a 20 6 34
a 20 34 7
a 20 7 53
a 20 53 46
a 20 46 108
a 20 4 108
a 20 108 109
a 20 5 109
a 20 109 102
a 20 102 21
a 20 21 30
a 20 30 10
a 20 10 74
a 20 74 140
a 20 36 140
a 20 140 127
a 20 23 127
a 20 127 50
a 20 50 132
a 20 28 132
a 20 132 147
a 20 43 147
a 20 147 63
a 20 63 135
a 20 31 135
a 20 135 80
a 20 80 107
a 20 3 107
a 20 107 39
a 20 39 65
a 20 65 110
a 20 6 110
a 20 110 101
a 20 101 51
a 20 51 168
a 20 64 168
a 20 168 138
a 20 34 138
a 20 138 178
a 20 74 178
a 20 178 89
a 20 89 150
a 20 46 150
a 20 150 206
a 20 102 206
a 20 206 114
a 20 10 114
a 20 114 88
a 20 88 111
a 20 7 111
a 20 111 12
a 20 12 81
a 20 81 125
a 20 21 125
a 20 125 157
a 20 53 157
a 20 157 62
a 20 62 67
a 20 67 75
a 20 75 134
a 20 30 134
a 20 134 184
a 20 80 184
a 20 184 91
a 20 91 167
a 20 63 167
a 20 167 94
a 20 94 86
a 20 86 143
a 20 39 143
a 20 143 155
a 20 51 155
a 20 155 154
a 20 50 154
a 20 154 169
a 20 65 169
a 20 169 205
a 20 101 205
a 20 205 193
a 20 89 193
a 20 193 171
a 20 67 171
a 20 171 179
a 20 75 179
a 20 179 198
a 20 94 198
a 20 198 185
a 20 81 185
a 20 185 116
a 20 12 116
a 20 116 190
a 20 86 190
a 20 190 192
a 20 88 192
a 20 192 195
a 20 91 195
a 20 195 166
a 20 62 166
a 20 166 209
a 21 208 18
a 21 18 5
a 21 5 45
a 21 45 8
a 21 8 0
a 21 0 64
a 21 64 2
a 21 2 43
a 21 43 25
a 21 25 33
a 21 33 53
a 21 53 149
a 21 45 149
a 21 149 109
a 21 5 109
a 21 109 104
a 21 0 104
a 21 104 10
a 21 10 66
a 21 66 83
a 21 83 106
a 21 2 106
a 21 106 147
a 21 43 147
a 21 147 129
a 21 25 129
a 21 129 122
a 21 18 122
a 21 122 32
a 21 32 65
a 21 65 51
a 21 51 168
a 21 64 168
a 21 168 99
a 21 99 112
a 21 8 112
a 21 112 137
a 21 33 137
a 21 137 16
a 21 16 68
a 21 68 187
a 21 83 187
a 21 187 103
a 21 103 114
a 21 10 114
a 21 114 100
a 21 100 157
a 21 53 157
a 21 157 62
a 21 62 71
a 21 71 136
a 21 32 136
a 21 136 70
a 21 70 96
a 21 96 170
a 21 66 170
a 21 170 95
a 21 95 87
a 21 87 155
a 21 51 155
a 21 155 203
a 21 99 203
a 21 203 169
a 21 65 169
a 21 169 172
a 21 68 172
a 21 172 120
a 21 16 120
a 21 120 204
a 21 100 204
a 21 204 174
a 21 70 174
a 21 174 207
a 21 103 207
a 21 207 200
a 21 96 200
a 21 200 191
a 21 87 191
a 21 191 166
a 21 62 166
a 21 166 175
a 21 71 175
a 21 175 199
a 21 95 199
a 21 199 209
a 22 208 18
a 22 18 3
a 22 3 5
a 22 5 17
a 22 17 8
a 22 8 0
a 22 0 27
a 22 27 13
a 22 13 11
a 22 11 64
a 22 64 19
a 22 19 43
a 22 43 9
a 22 9 25
a 22 25 40
a 22 40 123
a 22 19 123
a 22 123 46
a 22 46 109
a 22 5 109
a 22 109 104
a 22 0 104
a 22 104 21
a 22 21 30
a 22 30 66
a 22 66 83
a 22 83 131
a 22 27 131
a 22 131 41
a 22 41 121
a 22 17 121
a 22 121 117
a 22 13 117
a 22 117 147
a 22 43 147
a 22 147 60
a 22 60 129
a 22 25 129
a 22 129 61
a 22 61 49
a 22 49 122
a 22 18 122
a 22 122 54
a 22 54 115
a 22 11 115
a 22 115 80
a 22 80 32
a 22 32 107
a 22 3 107
a 22 107 39
a 22 39 26
a 22 26 144
a 22 40 144
a 22 144 51
a 22 51 113
a 22 9 113
a 22 113 168
a 22 64 168
a 22 168 99
a 22 99 112
a 22 8 112
a 22 112 85
a 22 85 68
a 22 68 150
a 22 46 150
a 22 150 187
a 22 83 187
a 22 187 88
a 22 88 12
a 22 12 145
a 22 41 145
a 22 145 125
a 22 21 125
a 22 125 130
a 22 26 130
a 22 130 67
a 22 67 153
a 22 49 153
a 22 153 71
a 22 71 75
a 22 75 134
a 22 30 134
a 22 134 164
a 22 60 164
a 22 164 184
a 22 80 184
a 22 184 136
a 22 32 136
a 22 136 38
a 22 38 165
a 22 61 165
a 22 165 158
a 22 54 158
a 22 158 170
a 22 66 170
a 22 170 47
a 22 47 143
a 22 39 143
a 22 143 59
a 22 59 155
a 22 51 155
a 22 155 203
a 22 99 203
a 22 203 172
a 22 68 172
a 22 172 189
a 22 85 189
a 22 189 171
a 22 67 171
a 22 171 179
a 22 75 179
a 22 179 116
a 22 12 116
a 22 116 192
a 22 88 192
a 22 192 163
a 22 59 163
a 22 163 151
a 22 47 151
a 22 151 142
a 22 38 142
a 22 142 175
a 22 71 175
a 22 175 209
a 23 208 22
a 23 22 3
a 23 3 20
a 23 20 29
a 23 29 4
a 23 4 5
a 23 5 45
a 23 45 1
a 23 1 25
a 23 25 34
a 23 34 24
a 23 24 126
a 23 22 126
a 23 126 149
a 23 45 149
a 23 149 108
a 23 4 108
a 23 108 57
a 23 57 109
a 23 5 109
a 23 109 102
a 23 102 105
a 23 1 105
a 23 105 21
a 23 21 66
a 23 66 83
a 23 83 133
a 23 29 133
a 23 133 60
a 23 60 79
a 23 79 129
a 23 25 129
a 23 129 63
a 23 63 49
a 23 49 107
a 23 3 107
a 23 107 124
a 23 20 124
a 23 124 26
a 23 26 65
a 23 65 101
a 23 101 99
a 23 99 128
a 23 24 128
a 23 128 98
a 23 98 68
a 23 68 138
a 23 34 138
a 23 138 89
a 23 89 206
a 23 102 206
a 23 206 187
a 23 83 187
a 23 187 103
a 23 103 88
a 23 88 100
a 23 100 183
a 23 79 183
a 23 183 161
a 23 57 161
a 23 161 125
a 23 21 125
a 23 125 130
a 23 26 130
a 23 130 62
a 23 62 67
a 23 67 153
a 23 49 153
a 23 153 71
a 23 71 75
a 23 75 164
a 23 60 164
a 23 164 167
a 23 63 167
a 23 167 70
a 23 70 38
a 23 38 94
a 23 94 96
a 23 96 170
a 23 66 170
a 23 170 95
a 23 95 86
a 23 86 87
a 23 87 69
a 23 69 59
a 23 59 203
a 23 99 203
a 23 203 169
a 23 65 169
a 23 169 205
a 23 101 205
a 23 205 172
a 23 68 172
a 23 172 204
a 23 100 204
a 23 204 193
a 23 89 193
a 23 193 171
a 23 67 171
a 23 171 174
a 23 70 174
a 23 174 179
a 23 75 179
a 23 179 202
a 23 98 202
a 23 202 198
a 23 94 198
a 23 198 190
a 23 86 190
a 23 190 192
a 23 88 192
a 23 192 163
a 23 59 163
a 23 163 207
a 23 103 207
a 23 207 200
a 23 96 200
a 23 200 191
a 23 87 191
a 23 191 166
a 23 62 166
a 23 166 173
a 23 69 173
a 23 173 142
a 23 38 142
a 23 142 175
a 23 71 175
a 23 175 199
a 23 95 199
a 23 199 209
a 24 208 18
a 24 18 22
a 24 22 76
a 24 76 20
a 24 20 4
a 24 4 17
a 24 17 37
a 24 37 27
a 24 27 64
a 24 64 1
a 24 1 2
a 24 2 43
a 24 43 9
a 24 9 40
a 24 40 6
a 24 6 24
a 24 24 72
a 24 72 126
a 24 22 126
a 24 126 108
a 24 4 108
a 24 108 105
a 24 1 105
a 24 105 180
a 24 76 180
a 24 180 74
a 24 74 131
a 24 27 131
a 24 131 106
a 24 2 106
a 24 106 141
a 24 37 141
a 24 141 41
a 24 41 121
a 24 17 121
a 24 121 50
a 24 50 147
a 24 43 147
a 24 147 60
a 24 60 61
a 24 61 63
a 24 63 49
a 24 49 122
a 24 18 122
a 24 122 124
a 24 20 124
a 24 124 39
a 24 39 65
a 24 65 110
a 24 6 110
a 24 110 101
a 24 101 144
a 24 40 144
a 24 144 51
a 24 51 113
a 24 9 113
a 24 113 168
a 24 64 168
a 24 168 85
a 24 85 128
a 24 24 128
a 24 128 98
a 24 98 73
a 24 73 68
a 24 68 178
a 24 74 178
a 24 178 89
a 24 89 56
a 24 56 12
a 24 12 55
a 24 55 145
a 24 41 145
a 24 145 176
a 24 72 176
a 24 176 153
a 24 49 153
a 24 153 164
a 24 60 164
a 24 164 167
a 24 63 167
a 24 167 165
a 24 61 165
a 24 165 86
a 24 86 143
a 24 39 143
a 24 143 155
a 24 51 155
a 24 155 154
a 24 50 154
a 24 154 169
a 24 65 169
a 24 169 205
a 24 101 205
a 24 205 172
a 24 68 172
a 24 172 189
a 24 85 189
a 24 189 193
a 24 89 193
a 24 193 202
a 24 98 202
a 24 202 116
a 24 12 116
a 24 116 159
a 24 55 159
a 24 159 190
a 24 86 190
a 24 190 177
a 24 73 177
a 24 177 160
a 24 56 160
a 24 160 209
a 25 208 18
a 25 18 22
a 25 22 3
a 25 3 20
a 25 20 15
a 25 15 37
a 25 37 11
a 25 11 31
a 25 31 28
a 25 28 6
a 25 6 24
a 25 24 53
a 25 53 72
a 25 72 126
a 25 22 126
a 25 126 57
a 25 57 21
a 25 21 10
a 25 10 74
a 25 74 119
a 25 15 119
a 25 119 141
a 25 37 141
a 25 141 50
a 25 50 132
a 25 28 132
a 25 132 60
a 25 60 79
a 25 79 49
a 25 49 122
a 25 18 122
a 25 122 135
a 25 31 135
a 25 135 54
a 25 54 115
a 25 11 115
a 25 115 32
a 25 32 107
a 25 3 107
a 25 107 124
a 25 20 124
a 25 124 110
a 25 6 110
a 25 110 128
a 25 24 128
a 25 128 82
a 25 82 178
a 25 74 178
a 25 178 56
a 25 56 114
a 25 10 114
a 25 114 88
a 25 88 183
a 25 79 183
a 25 183 161
a 25 57 161
a 25 161 176
a 25 72 176
a 25 176 125
a 25 21 125
a 25 125 157
a 25 53 157
a 25 157 97
a 25 97 153
a 25 49 153
a 25 153 75
a 25 75 90
a 25 90 164
a 25 60 164
a 25 164 136
a 25 32 136
a 25 136 94
a 25 94 96
a 25 96 158
a 25 54 158
a 25 158 86
a 25 86 47
a 25 47 69
a 25 69 154
a 25 50 154
a 25 154 186
a 25 82 186
a 25 186 179
a 25 75 179
a 25 179 198
a 25 94 198
a 25 198 190
a 25 86 190
a 25 190 192
a 25 88 192
a 25 192 200
a 25 96 200
a 25 200 160
a 25 56 160
a 25 160 201
a 25 97 201
a 25 201 151
a 25 47 151
a 25 151 173
a 25 69 173
a 25 173 194
a 25 90 194
a 25 194 209
a 26 208 76
a 26 76 13
a 26 13 11
a 26 11 64
a 26 64 2
a 26 2 43
a 26 43 31
a 26 31 33
a 26 33 21
a 26 21 30
a 26 30 180
a 26 76 180
a 26 180 48
a 26 48 83
a 26 83 106
a 26 2 106
a 26 106 117
a 26 13 117
a 26 117 147
a 26 43 147
a 26 147 60
a 26 60 63
a 26 63 135
a 26 31 135
a 26 135 54
a 26 54 115
a 26 11 115
a 26 115 32
a 26 32 35
a 26 35 65
a 26 65 101
a 26 101 168
a 26 64 168
a 26 168 99
a 26 99 98
a 26 98 137
a 26 33 137
a 26 137 84
a 26 84 89
a 26 89 187
a 26 83 187
a 26 187 100
a 26 100 125
a 26 21 125
a 26 125 62
a 26 62 71
a 26 71 93
a 26 93 90
a 26 90 134
a 26 30 134
a 26 134 164
a 26 60 164
a 26 164 167
a 26 63 167
a 26 167 136
a 26 32 136
a 26 136 70
a 26 70 158
a 26 54 158
a 26 158 92
a 26 92 87
a 26 87 152
a 26 48 152
a 26 152 139
a 26 35 139
a 26 139 47
a 26 47 203
a 26 99 203
a 26 203 169
a 26 65 169
a 26 169 188
a 26 84 188
a 26 188 205
a 26 101 205
a 26 205 204
a 26 100 204
a 26 204 193
a 26 89 193
a 26 193 196
a 26 92 196
a 26 196 197
a 26 93 197
a 26 197 174
a 26 70 174
a 26 174 202
a 26 98 202
a 26 202 191
a 26 87 191
a 26 191 151
a 26 47 151
a 26 151 166
a 26 62 166
a 26 166 175
a 26 71 175
a 26 175 194
a 26 90 194
a 26 194 209
a 27 208 22
a 27 22 3
a 27 3 52
a 27 52 29
a 27 29 37
a 27 37 0
a 27 0 27
a 27 27 13
a 27 13 64
a 27 64 43
a 27 43 31
a 27 31 28
a 27 28 58
a 27 58 126
a 27 22 126
a 27 126 46
a 27 46 57
a 27 57 104
a 27 0 104
a 27 104 156
a 27 52 156
a 27 156 66
a 27 66 131
a 27 27 131
a 27 131 141
a 27 37 141
a 27 141 50
a 27 50 132
a 27 28 132
a 27 132 133
a 27 29 133
a 27 133 117
a 27 13 117
a 27 117 162
a 27 58 162
a 27 162 147
a 27 43 147
a 27 147 61
a 27 61 135
a 27 31 135
a 27 135 54
a 27 54 107
a 27 3 107
a 27 107 35
a 27 35 65
a 27 65 51
a 27 51 168
a 27 64 168
a 27 168 16
a 27 16 82
a 27 82 68
a 27 68 150
a 27 46 150
a 27 150 103
a 27 103 100
a 27 100 12
a 27 12 81
a 27 81 161
a 27 57 161
a 27 161 62
a 27 62 97
a 27 97 90
a 27 90 91
a 27 91 165
a 27 61 165
a 27 165 158
a 27 54 158
a 27 158 170
a 27 66 170
a 27 170 87
a 27 87 139
a 27 35 139
a 27 139 47
a 27 47 155
a 27 51 155
a 27 155 154
a 27 50 154
a 27 154 186
a 27 82 186
a 27 186 169
a 27 65 169
a 27 169 172
a 27 68 172
a 27 172 120
a 27 16 120
a 27 120 204
a 27 100 204
a 27 204 185
a 27 81 185
a 27 185 116
a 27 12 116
a 27 116 195
a 27 91 195
a 27 195 207
a 27 103 207
a 27 207 191
a 27 87 191
a 27 191 201
a 27 97 201
a 27 201 151
a 27 47 151
a 27 151 166
a 27 62 166
a 27 166 194
a 27 90 194
a 27 194 209
a 28 208 76
a 28 76 52
a 28 52 20
a 28 20 17
a 28 17 36
a 28 36 15
a 28 15 8
a 28 8 0
a 28 0 27
a 28 27 64
a 28 64 1
a 28 1 43
a 28 43 28
a 28 28 25
a 28 25 6
a 28 6 33
a 28 33 24
a 28 24 53
a 28 53 57
a 28 57 102
a 28 102 104
a 28 0 104
a 28 104 105
a 28 1 105
a 28 105 21
a 28 21 156
a 28 52 156
a 28 156 180
a 28 76 180
a 28 180 140
a 28 36 140
a 28 140 66
a 28 66 83
a 28 83 131
a 28 27 131
a 28 131 119
a 28 15 119
a 28 119 41
a 28 41 121
a 28 17 121
a 28 121 132
a 28 28 132
a 28 132 147
a 28 43 147
a 28 147 129
a 28 25 129
a 28 129 63
a 28 63 49
a 28 49 54
a 28 54 80
a 28 80 124
a 28 20 124
a 28 124 35
a 28 35 78
a 28 78 110
a 28 6 110
a 28 110 51
a 28 51 168
a 28 64 168
a 28 168 112
a 28 8 112
a 28 112 128
a 28 24 128
a 28 128 137
a 28 33 137
a 28 137 16
a 28 16 68
a 28 68 84
a 28 84 206
a 28 102 206
a 28 206 187
a 28 83 187
a 28 187 12
a 28 12 145
a 28 41 145
a 28 145 161
a 28 57 161
a 28 161 125
a 28 21 125
a 28 125 157
a 28 53 157
a 28 157 62
a 28 62 97
a 28 97 67
a 28 67 153
a 28 49 153
a 28 153 93
a 28 93 184
a 28 80 184
a 28 184 91
a 28 91 167
a 28 63 167
a 28 167 158
a 28 54 158
a 28 158 170
a 28 66 170
a 28 170 92
a 28 92 95
a 28 95 139
a 28 35 139
a 28 139 155
a 28 51 155
a 28 155 182
a 28 78 182
a 28 182 188
a 28 84 188
a 28 188 172
a 28 68 172
a 28 172 120
a 28 16 120
a 28 120 171
a 28 67 171
a 28 171 196
a 28 92 196
a 28 196 197
a 28 93 197
a 28 197 116
a 28 12 116
a 28 116 195
a 28 91 195
a 28 195 201
a 28 97 201
a 28 201 166
a 28 62 166
a 28 166 199
a 28 95 199
a 28 199 209
a 29 208 18
a 29 18 22
a 29 22 76
a 29 76 3
a 29 3 52
a 29 52 20
a 29 20 17
a 29 17 5
a 29 5 37
a 29 37 64
a 29 64 1
a 29 1 28
a 29 28 58
a 29 58 6
a 29 6 34
a 29 34 7
a 29 7 72
a 29 72 126
a 29 22 126
a 29 126 57
a 29 57 109
a 29 5 109
a 29 109 105
a 29 1 105
a 29 105 30
a 29 30 156
a 29 52 156
a 29 156 180
a 29 76 180
a 29 180 10
a 29 10 74
a 29 74 48
a 29 48 141
a 29 37 141
a 29 141 121
a 29 17 121
a 29 121 132
a 29 28 132
a 29 132 162
a 29 58 162
a 29 162 122
a 29 18 122
a 29 122 54
a 29 54 32
a 29 32 107
a 29 3 107
a 29 107 124
a 29 20 124
a 29 124 110
a 29 6 110
a 29 110 168
a 29 64 168
a 29 168 16
a 29 16 138
a 29 34 138
a 29 138 178
a 29 74 178
a 29 178 89
a 29 89 114
a 29 10 114
a 29 114 111
a 29 7 111
a 29 111 100
a 29 100 161
a 29 57 161
a 29 161 176
a 29 72 176
a 29 176 62
a 29 62 97
a 29 97 67
a 29 67 134
a 29 30 134
a 29 134 136
a 29 32 136
a 29 136 158
a 29 54 158
a 29 158 95
a 29 95 92
a 29 92 152
a 29 48 152
a 29 152 47
a 29 47 69
a 29 69 120
a 29 16 120
a 29 120 204
a 29 100 204
a 29 204 193
a 29 89 193
a 29 193 171
a 29 67 171
a 29 171 196
a 29 92 196
a 29 196 201
a 29 97 201
a 29 201 151
a 29 47 151
a 29 151 166
a 29 62 166
a 29 166 173
a 29 69 173
a 29 173 199
a 29 95 199
a 29 199 209
a 30 208 18
a 30 18 76
a 30 76 3
a 30 3 14
a 30 14 20
a 30 20 5
a 30 5 4
a 30 4 17
a 30 17 37
a 30 37 13
a 30 13 2
a 30 2 43
a 30 43 40
a 30 40 24
a 30 24 118
a 30 14 118
a 30 118 46
a 30 46 108
a 30 4 108
a 30 108 109
a 30 5 109
a 30 109 102
a 30 102 21
a 30 21 30
a 30 30 180
a 30 76 180
a 30 180 10
a 30 10 74
a 30 74 106
a 30 2 106
a 30 106 141
a 30 37 141
a 30 141 41
a 30 41 121
a 30 17 121
a 30 121 117
a 30 13 117
a 30 117 147
a 30 43 147
a 30 147 60
a 30 60 49
a 30 49 122
a 30 18 122
a 30 122 107
a 30 3 107
a 30 107 124
a 30 20 124
a 30 124 78
a 30 78 144
a 30 40 144
a 30 144 85
a 30 85 128
a 30 24 128
a 30 128 16
a 30 16 73
a 30 73 178
a 30 74 178
a 30 178 89
a 30 89 150
a 30 46 150
a 30 150 206
a 30 102 206
a 30 206 114
a 30 10 114
a 30 114 88
a 30 88 145
a 30 41 145
a 30 145 125
a 30 21 125
a 30 125 62
a 30 62 67
a 30 67 153
a 30 49 153
a 30 153 71
a 30 71 134
a 30 30 134
a 30 134 164
a 30 60 164
a 30 164 96
a 30 96 94
a 30 94 87
a 30 87 47
a 30 47 69
a 30 69 182
a 30 78 182
a 30 182 189
a 30 85 189
a 30 189 120
a 30 16 120
a 30 120 193
a 30 89 193
a 30 193 171
a 30 67 171
a 30 171 198
a 30 94 198
a 30 198 192
a 30 88 192
a 30 192 200
a 30 96 200
a 30 200 191
a 30 87 191
a 30 191 177
a 30 73 177
a 30 177 151
a 30 47 151
a 30 151 166
a 30 62 166
a 30 166 173
a 30 69 173
a 30 173 175
a 30 71 175
a 30 175 209
a 31 208 18
a 31 18 22
a 31 22 14
a 31 14 8
a 31 8 0
a 31 0 1
a 31 1 42
a 31 42 43
a 31 43 23
a 31 23 31
a 31 31 28
a 31 28 58
a 31 58 6
a 31 6 118
a 31 14 118
a 31 118 53
a 31 53 126
a 31 22 126
a 31 126 102
a 31 102 104
a 31 0 104
a 31 104 105
a 31 1 105
a 31 105 10
a 31 10 74
a 31 74 146
a 31 42 146
a 31 146 127
a 31 23 127
a 31 127 41
a 31 41 132
a 31 28 132
a 31 132 162
a 31 58 162
a 31 162 147
a 31 43 147
a 31 147 122
a 31 18 122
a 31 122 135
a 31 31 135
a 31 135 26
a 31 26 78
a 31 78 110
a 31 6 110
a 31 110 101
a 31 101 51
a 31 51 99
a 31 99 112
a 31 8 112
a 31 112 16
a 31 16 178
a 31 74 178
a 31 178 206
a 31 102 206
a 31 206 103
a 31 103 114
a 31 10 114
a 31 114 12
a 31 12 55
a 31 55 145
a 31 41 145
a 31 145 130
a 31 26 130
a 31 130 157
a 31 53 157
a 31 157 91
a 31 91 38
a 31 38 94
a 31 94 69
a 31 69 59
a 31 59 155
a 31 51 155
a 31 155 203
a 31 99 203
a 31 203 182
a 31 78 182
a 31 182 205
a 31 101 205
a 31 205 120
a 31 16 120
a 31 120 198
a 31 94 198
a 31 198 116
a 31 12 116
a 31 116 159
a 31 55 159
a 31 159 163
a 31 59 163
a 31 163 195
a 31 91 195
a 31 195 207
a 31 103 207
a 31 207 173
a 31 69 173
a 31 173 142
a 31 38 142
a 31 142 209
a 32 208 18
a 32 18 76
a 32 76 29
a 32 29 4
a 32 4 17
a 32 17 77
a 32 77 27
a 32 27 13
a 32 13 28
a 32 28 44
a 32 44 34
a 32 34 24
a 32 24 53
a 32 53 72
a 32 72 108
a 32 4 108
a 32 108 21
a 32 21 180
a 32 76 180
a 32 180 74
a 32 74 83
a 32 83 131
a 32 27 131
a 32 131 121
a 32 17 121
a 32 121 133
a 32 29 133
a 32 133 132
a 32 28 132
a 32 132 117
a 32 13 117
a 32 117 79
a 32 79 61
a 32 61 63
a 32 63 181
a 32 77 181
a 32 181 122
a 32 18 122
a 32 122 26
a 32 26 148
a 32 44 148
a 32 148 101
a 32 101 51
a 32 51 99
a 32 99 85
a 32 85 128
a 32 24 128
a 32 128 84
a 32 84 138
a 32 34 138
a 32 138 178
a 32 74 178
a 32 178 56
a 32 56 187
a 32 83 187
a 32 187 12
a 32 12 81
a 32 81 183
a 32 79 183
a 32 183 176
a 32 72 176
a 32 176 125
a 32 21 125
a 32 125 130
a 32 26 130
a 32 130 157
a 32 53 157
a 32 157 93
a 32 93 90
a 32 90 167
a 32 63 167
a 32 167 38
a 32 38 165
a 32 61 165
a 32 165 92
a 32 92 95
a 32 95 87
a 32 87 155
a 32 51 155
a 32 155 203
a 32 99 203
a 32 203 188
a 32 84 188
a 32 188 205
a 32 101 205
a 32 205 189
a 32 85 189
a 32 189 196
a 32 92 196
a 32 196 197
a 32 93 197
a 32 197 185
a 32 81 185
a 32 185 116
a 32 12 116
a 32 116 191
a 32 87 191
a 32 191 160
a 32 56 160
a 32 160 142
a 32 38 142
a 32 142 194
a 32 90 194
a 32 194 199
a 32 95 199
a 32 199 209
a 33 208 18
a 33 18 76
a 33 76 3
a 33 3 14
a 33 14 52
a 33 52 4
a 33 4 5
a 33 5 36
a 33 36 15
a 33 15 8
a 33 8 19
a 33 19 9
a 33 9 23
a 33 23 31
a 33 31 44
a 33 44 25
a 33 25 118
a 33 14 118
a 33 118 123
a 33 19 123
a 33 123 53
a 33 53 46
a 33 46 108
a 33 4 108
a 33 108 109
a 33 5 109
a 33 109 156
a 33 52 156
a 33 156 180
a 33 76 180
a 33 180 74
a 33 74 140
a 33 36 140
a 33 140 48
a 33 48 66
a 33 66 83
a 33 83 119
a 33 15 119
a 33 119 127
a 33 23 127
a 33 127 41
a 33 41 79
a 33 79 129
a 33 25 129
a 33 129 61
a 33 61 122
a 33 18 122
a 33 122 135
a 33 31 135
a 33 135 54
a 33 54 80
a 33 80 32
a 33 32 107
a 33 3 107
a 33 107 148
a 33 44 148
a 33 148 101
a 33 101 113
a 33 9 113
a 33 113 112
a 33 8 112
a 33 112 73
a 33 73 178
a 33 74 178
a 33 178 89
a 33 89 150
a 33 46 150
a 33 150 187
a 33 83 187
a 33 187 88
a 33 88 100
a 33 100 81
a 33 81 183
a 33 79 183
a 33 183 145
a 33 41 145
a 33 145 157
a 33 53 157
a 33 157 71
a 33 71 93
a 33 93 184
a 33 80 184
a 33 184 136
a 33 32 136
a 33 136 38
a 33 38 165
a 33 61 165
a 33 165 96
a 33 96 158
a 33 54 158
a 33 158 170
a 33 66 170
a 33 170 152
a 33 48 152
a 33 152 205
a 33 101 205
a 33 205 204
a 33 100 204
a 33 204 193
a 33 89 193
a 33 193 197
a 33 93 197
a 33 197 185
a 33 81 185
a 33 185 192
a 33 88 192
a 33 192 200
a 33 96 200
a 33 200 177
a 33 73 177
a 33 177 142
a 33 38 142
a 33 142 175
a 33 71 175
a 33 175 209
a 34 208 14
a 34 14 4
a 34 4 5
a 34 5 17
a 34 17 8
a 34 8 0
a 34 0 11
a 34 11 64
a 34 64 42
a 34 42 2
a 34 2 23
a 34 23 58
a 34 58 24
a 34 24 118
a 34 14 118
a 34 118 108
a 34 4 108
a 34 108 109
a 34 5 109
a 34 109 104
a 34 0 104
a 34 104 21
a 34 21 48
a 34 48 66
a 34 66 146
a 34 42 146
a 34 146 106
a 34 2 106
a 34 106 127
a 34 23 127
a 34 127 121
a 34 17 121
a 34 121 50
a 34 50 162
a 34 58 162
a 34 162 60
a 34 60 79
a 34 79 115
a 34 11 115
a 34 115 32
a 34 32 101
a 34 101 168
a 34 64 168
a 34 168 99
a 34 99 112
a 34 8 112
a 34 112 128
a 34 24 128
a 34 128 89
a 34 89 100
a 34 100 12
a 34 12 183
a 34 79 183
a 34 183 125
a 34 21 125
a 34 125 90
a 34 90 164
a 34 60 164
a 34 164 136
a 34 32 136
a 34 136 70
a 34 70 94
a 34 94 170
a 34 66 170
a 34 170 92
a 34 92 95
a 34 95 152
a 34 48 152
a 34 152 154
a 34 50 154
a 34 154 203
a 34 99 203
a 34 203 205
a 34 101 205
a 34 205 204
a 34 100 204
a 34 204 193
a 34 89 193
a 34 193 196
a 34 92 196
a 34 196 174
a 34 70 174
a 34 174 198
a 34 94 198
a 34 198 116
a 34 12 116
a 34 116 194
a 34 90 194
a 34 194 199
a 34 95 199
a 34 199 209
a 35 208 76
a 35 76 3
a 35 3 14
a 35 14 20
a 35 20 8
a 35 8 27
a 35 27 43
a 35 43 31
a 35 31 44
a 35 44 58
a 35 58 40
a 35 40 34
a 35 34 7
a 35 7 118
a 35 14 118
a 35 118 53
a 35 53 21
a 35 21 180
a 35 76 180
a 35 180 10
a 35 10 74
a 35 74 48
a 35 48 66
a 35 66 83
a 35 83 131
a 35 27 131
a 35 131 162
a 35 58 162
a 35 162 147
a 35 43 147
a 35 147 79
a 35 79 61
a 35 61 63
a 35 63 49
a 35 49 135
a 35 31 135
a 35 135 107
a 35 3 107
a 35 107 124
a 35 20 124
a 35 124 78
a 35 78 148
a 35 44 148
a 35 148 144
a 35 40 144
a 35 144 112
a 35 8 112
a 35 112 138
a 35 34 138
a 35 138 178
a 35 74 178
a 35 178 187
a 35 83 187
a 35 187 114
a 35 10 114
a 35 114 88
a 35 88 111
a 35 7 111
a 35 111 100
a 35 100 183
a 35 79 183
a 35 183 125
a 35 21 125
a 35 125 157
a 35 53 157
a 35 157 97
a 35 97 153
a 35 49 153
a 35 153 93
a 35 93 167
a 35 63 167
a 35 167 70
a 35 70 165
a 35 61 165
a 35 165 170
a 35 66 170
a 35 170 92
a 35 92 86
a 35 86 87
a 35 87 152
a 35 48 152
a 35 152 47
a 35 47 59
a 35 59 182
a 35 78 182
a 35 182 204
a 35 100 204
a 35 204 196
a 35 92 196
a 35 196 197
a 35 93 197
a 35 197 174
a 35 70 174
a 35 174 192
a 35 88 192
a 35 192 190
a 35 86 190
a 35 190 163
a 35 59 163
a 35 163 191
a 35 87 191
a 35 191 201
a 35 97 201
a 35 201 151
a 35 47 151
a 35 151 209
a 36 208 76
a 36 76 3
a 36 3 29
a 36 29 4
a 36 4 77
a 36 77 36
a 36 36 15
a 36 15 37
a 36 37 0
a 36 0 27
a 36 27 1
a 36 1 2
a 36 2 43
a 36 43 34
a 36 34 24
a 36 24 108
a 36 4 108
a 36 108 57
a 36 57 102
a 36 102 104
a 36 0 104
a 36 104 105
a 36 1 105
a 36 105 180
a 36 76 180
a 36 180 10
a 36 10 74
a 36 74 140
a 36 36 140
a 36 140 48
a 36 48 83
a 36 83 131
a 36 27 131
a 36 131 106
a 36 2 106
a 36 106 119
a 36 15 119
a 36 119 141
a 36 37 141
a 36 141 133
a 36 29 133
a 36 133 147
a 36 43 147
a 36 147 60
a 36 60 79
a 36 79 63
a 36 63 181
a 36 77 181
a 36 181 32
a 36 32 107
a 36 3 107
a 36 107 35
a 36 35 39
a 36 39 101
a 36 101 51
a 36 51 85
a 36 85 128
a 36 24 128
a 36 128 82
a 36 82 73
a 36 73 68
a 36 68 138
a 36 34 138
a 36 138 178
a 36 74 178
a 36 178 89
a 36 89 206
a 36 102 206
a 36 206 187
a 36 83 187
a 36 187 114
a 36 10 114
a 36 114 88
a 36 88 81
a 36 81 55
a 36 55 183
a 36 79 183
a 36 183 161
a 36 57 161
a 36 161 97
a 36 97 67
a 36 67 75
a 36 75 71
a 36 71 164
a 36 60 164
a 36 164 91
a 36 91 167
a 36 63 167
a 36 167 136
a 36 32 136
a 36 136 38
a 36 38 94
a 36 94 96
a 36 96 92
a 36 92 95
a 36 95 152
a 36 48 152
a 36 152 139
a 36 35 139
a 36 139 47
a 36 47 69
a 36 69 143
a 36 39 143
a 36 143 155
a 36 51 155
a 36 155 186
a 36 82 186
a 36 186 205
a 36 101 205
a 36 205 172
a 36 68 172
a 36 172 189
a 36 85 189
a 36 189 193
a 36 89 193
a 36 193 171
a 36 67 171
a 36 171 196
a 36 92 196
a 36 196 179
a 36 75 179
a 36 179 198
a 36 94 198
a 36 198 185
a 36 81 185
a 36 185 159
a 36 55 159
a 36 159 192
a 36 88 192
a 36 192 195
a 36 91 195
a 36 195 200
a 36 96 200
a 36 200 177
a 36 73 177
a 36 177 201
a 36 97 201
a 36 201 151
a 36 47 151
a 36 151 173
a 36 69 173
a 36 173 142
a 36 38 142
a 36 142 175
a 36 71 175
a 36 175 199
a 36 95 199
a 36 199 209
a 37 208 3
a 37 3 14
a 37 14 4
a 37 4 5
a 37 5 36
a 37 36 15
a 37 15 37
a 37 37 27
a 37 27 1
a 37 1 9
a 37 9 31
a 37 31 58
a 37 58 6
a 37 6 34
a 37 34 24
a 37 24 118
a 37 14 118
a 37 118 108
a 37 4 108
a 37 108 109
a 37 5 109
a 37 109 105
a 37 1 105
a 37 105 21
a 37 21 74
a 37 74 140
a 37 36 140
a 37 140 131
a 37 27 131
a 37 131 119
a 37 15 119
a 37 119 141
a 37 37 141
a 37 141 50
a 37 50 162
a 37 58 162
a 37 162 79
a 37 79 135
a 37 31 135
a 37 135 107
a 37 3 107
a 37 107 35
a 37 35 110
a 37 6 110
a 37 110 113
a 37 9 113
a 37 113 99
a 37 99 85
a 37 85 128
a 37 24 128
a 37 128 98
a 37 98 73
a 37 73 68
a 37 68 138
a 37 34 138
a 37 138 178
a 37 74 178
a 37 178 56
a 37 56 100
a 37 100 81
a 37 81 183
a 37 79 183
a 37 183 125
a 37 21 125
a 37 125 75
a 37 75 90
a 37 90 91
a 37 91 94
a 37 94 87
a 37 87 139
a 37 35 139
a 37 139 47
a 37 47 154
a 37 50 154
a 37 154 203
a 37 99 203
a 37 203 172
a 37 68 172
a 37 172 189
a 37 85 189
a 37 189 204
a 37 100 204
a 37 204 179
a 37 75 179
a 37 179 202
a 37 98 202
a 37 202 198
a 37 94 198
a 37 198 185
a 37 81 185
a 37 185 195
a 37 91 195
a 37 195 191
a 37 87 191
a 37 191 177
a 37 73 177
a 37 177 160
a 37 56 160
a 37 160 151
a 37 47 151
a 37 151 194
a 37 90 194
a 37 194 209
a 38 208 18
a 38 18 14
a 38 14 52
a 38 52 45
a 38 45 37
a 38 37 13
a 38 13 43
a 38 43 31
a 38 31 28
a 38 28 40
a 38 40 33
a 38 33 118
a 38 14 118
a 38 118 72
a 38 72 149
a 38 45 149
a 38 149 57
a 38 57 102
a 38 102 30
a 38 30 156
a 38 52 156
a 38 156 10
a 38 10 74
a 38 74 141
a 38 37 141
a 38 141 50
a 38 50 132
a 38 28 132
a 38 132 117
a 38 13 117
a 38 117 147
a 38 43 147
a 38 147 79
a 38 79 61
a 38 61 122
a 38 18 122
a 38 122 135
a 38 31 135
a 38 135 54
a 38 54 39
a 38 39 144
a 38 40 144
a 38 144 51
a 38 51 137
a 38 33 137
a 38 137 178
a 38 74 178
a 38 178 206
a 38 102 206
a 38 206 56
a 38 56 103
a 38 103 114
a 38 10 114
a 38 114 12
a 38 12 81
a 38 81 183
a 38 79 183
a 38 183 161
a 38 57 161
a 38 161 176
a 38 72 176
a 38 176 62
a 38 62 97
a 38 97 93
a 38 93 134
a 38 30 134
a 38 134 91
a 38 91 165
a 38 61 165
a 38 165 158
a 38 54 158
a 38 158 47
a 38 47 143
a 38 39 143
a 38 143 155
a 38 51 155
a 38 155 154
a 38 50 154
a 38 154 197
a 38 93 197
a 38 197 185
a 38 81 185
a 38 185 116
a 38 12 116
a 38 116 207
a 38 103 207
a 38 207 195
a 38 91 195
a 38 195 160
a 38 56 160
a 38 160 201
a 38 97 201
a 38 201 151
a 38 47 151
a 38 151 166
a 38 62 166
a 38 166 209
a 39 208 18
a 39 18 22
a 39 22 14
a 39 14 29
a 39 29 45
a 39 45 36
a 39 36 15
a 39 15 0
a 39 0 27
a 39 27 64
a 39 64 42
a 39 42 31
a 39 31 25
a 39 25 118
a 39 14 118
a 39 118 53
a 39 53 126
a 39 22 126
a 39 126 149
a 39 45 149
a 39 149 102
a 39 102 104
a 39 0 104
a 39 104 140
a 39 36 140
a 39 140 48
a 39 48 66
a 39 66 146
a 39 42 146
a 39 146 83
a 39 83 131
a 39 27 131
a 39 131 119
a 39 15 119
a 39 119 133
a 39 29 133
a 39 133 60
a 39 60 129
a 39 25 129
a 39 129 63
a 39 63 122
a 39 18 122
a 39 122 135
a 39 31 135
a 39 135 32
a 39 32 35
a 39 35 26
a 39 26 168
a 39 64 168
a 39 168 98
a 39 98 82
a 39 82 89
a 39 89 206
a 39 102 206
a 39 206 56
a 39 56 187
a 39 83 187
a 39 187 81
a 39 81 130
a 39 26 130
a 39 130 157
a 39 53 157
a 39 157 62
a 39 62 97
a 39 97 71
a 39 71 90
a 39 90 164
a 39 60 164
a 39 164 167
a 39 63 167
a 39 167 136
a 39 32 136
a 39 136 96
a 39 96 170
a 39 66 170
a 39 170 152
a 39 48 152
a 39 152 139
a 39 35 139
a 39 139 69
a 39 69 186
a 39 82 186
a 39 186 193
a 39 89 193
a 39 193 202
a 39 98 202
a 39 202 185
a 39 81 185
a 39 185 200
a 39 96 200
a 39 200 160
a 39 56 160
a 39 160 201
a 39 97 201
a 39 201 173
a 39 69 173
a 39 173 166
a 39 62 166
a 39 166 175
a 39 71 175
a 39 175 194
a 39 90 194
a 39 194 209
a 40 208 22
a 40 22 18
a 40 18 14
a 40 14 20
a 40 20 45
a 40 45 36
a 40 36 15
a 40 15 8
a 40 8 27
a 40 27 64
a 40 64 2
a 40 2 23
a 40 23 31
a 40 31 40
a 40 40 6
a 40 6 34
a 40 34 24
a 40 24 118
a 40 14 118
a 40 118 53
a 40 53 126
a 40 22 126
a 40 126 46
a 40 46 149
a 40 45 149
a 40 149 102
a 40 102 21
a 40 21 30
a 40 30 10
a 40 10 140
a 40 36 140
a 40 140 48
a 40 48 66
a 40 66 131
a 40 27 131
a 40 131 106
a 40 2 106
a 40 106 119
a 40 15 119
a 40 119 127
a 40 23 127
a 40 127 41
a 40 41 60
a 40 60 122
a 40 18 122
a 40 122 135
a 40 31 135
a 40 135 54
a 40 54 80
a 40 80 32
a 40 32 124
a 40 20 124
a 40 124 35
a 40 35 78
a 40 78 65
a 40 65 110
a 40 6 110
a 40 110 144
a 40 40 144
a 40 144 168
a 40 64 168
a 40 168 112
a 40 8 112
a 40 112 128
a 40 24 128
a 40 128 68
a 40 68 138
a 40 34 138
a 40 138 89
a 40 89 150
a 40 46 150
a 40 150 206
a 40 102 206
a 40 206 114
a 40 10 114
a 40 114 100
a 40 100 55
a 40 55 145
a 40 41 145
a 40 145 125
a 40 21 125
a 40 125 157
a 40 53 157
a 40 157 67
a 40 67 75
a 40 75 71
a 40 71 90
a 40 90 134
a 40 30 134
a 40 134 164
a 40 60 164
a 40 164 184
a 40 80 184
a 40 184 136
a 40 32 136
a 40 136 70
a 40 70 158
a 40 54 158
a 40 158 170
a 40 66 170
a 40 170 92
a 40 92 95
a 40 95 152
a 40 48 152
a 40 152 139
a 40 35 139
a 40 139 69
a 40 69 59
a 40 59 182
a 40 78 182
a 40 182 169
a 40 65 169
a 40 169 172
a 40 68 172
a 40 172 204
a 40 100 204
a 40 204 193
a 40 89 193
a 40 193 171
a 40 67 171
a 40 171 196
a 40 92 196
a 40 196 174
a 40 70 174
a 40 174 179
a 40 75 179
a 40 179 159
a 40 55 159
a 40 159 163
a 40 59 163
a 40 163 173
a 40 69 173
a 40 173 194
a 40 90 194
a 40 194 199
a 40 95 199
a 40 199 175
a 40 71 175
a 40 175 209
a 41 208 76
a 41 76 52
a 41 52 29
a 41 29 5
a 41 5 4
a 41 4 15
a 41 15 8
a 41 8 37
a 41 37 27
a 41 27 31
a 41 31 44
a 41 44 25
a 41 25 34
a 41 34 108
a 41 4 108
a 41 108 109
a 41 5 109
a 41 109 156
a 41 52 156
a 41 156 180
a 41 76 180
a 41 180 74
a 41 74 83
a 41 83 131
a 41 27 131
a 41 131 141
a 41 37 141
a 41 141 119
a 41 15 119
a 41 119 133
a 41 29 133
a 41 133 129
a 41 25 129
a 41 129 135
a 41 31 135
a 41 135 80
a 41 80 39
a 41 39 148
a 41 44 148
a 41 148 112
a 41 8 112
a 41 112 85
a 41 85 82
a 41 82 68
a 41 68 138
a 41 34 138
a 41 138 178
a 41 74 178
a 41 178 187
a 41 83 187
a 41 187 88
a 41 88 100
a 41 100 93
a 41 93 71
a 41 71 184
a 41 80 184
a 41 184 38
a 41 38 95
a 41 95 47
a 41 47 69
a 41 69 143
a 41 39 143
a 41 143 186
a 41 82 186
a 41 186 172
a 41 68 172
a 41 172 189
a 41 85 189
a 41 189 204
a 41 100 204
a 41 204 197
a 41 93 197
a 41 197 192
a 41 88 192
a 41 192 173
a 41 69 173
a 41 173 151
a 41 47 151
a 41 151 199
a 41 95 199
a 41 199 142
a 41 38 142
a 41 142 175
a 41 71 175
a 41 175 209
a 42 208 18
a 42 18 22
a 42 22 3
a 42 3 52
a 42 52 20
a 42 20 77
a 42 77 15
a 42 15 37
a 42 37 31
a 42 31 28
a 42 28 58
a 42 58 40
a 42 40 33
a 42 33 34
a 42 34 24
a 42 24 126
a 42 22 126
a 42 126 46
a 42 46 57
a 42 57 156
a 42 52 156
a 42 156 74
a 42 74 48
a 42 48 66
a 42 66 141
a 42 37 141
a 42 141 119
a 42 15 119
a 42 119 132
a 42 28 132
a 42 132 162
a 42 58 162
a 42 162 79
a 42 79 181
a 42 77 181
a 42 181 122
a 42 18 122
a 42 122 135
a 42 31 135
a 42 135 32
a 42 32 124
a 42 20 124
a 42 124 107
a 42 3 107
a 42 107 39
a 42 39 78
a 42 78 101
a 42 101 144
a 42 40 144
a 42 144 51
a 42 51 128
a 42 24 128
a 42 128 137
a 42 33 137
a 42 137 73
a 42 73 138
a 42 34 138
a 42 138 178
a 42 74 178
a 42 178 150
a 42 46 150
a 42 150 56
a 42 56 183
a 42 79 183
a 42 183 161
a 42 57 161
a 42 161 75
a 42 75 71
a 42 71 93
a 42 93 136
a 42 32 136
a 42 136 96
a 42 96 170
a 42 66 170
a 42 170 95
a 42 95 86
a 42 86 87
a 42 87 152
a 42 48 152
a 42 152 143
a 42 39 143
a 42 143 155
a 42 51 155
a 42 155 182
a 42 78 182
a 42 182 205
a 42 101 205
a 42 205 197
a 42 93 197
a 42 197 179
a 42 75 179
a 42 179 190
a 42 86 190
a 42 190 200
a 42 96 200
a 42 200 191
a 42 87 191
a 42 191 177
a 42 73 177
a 42 177 160
a 42 56 160
a 42 160 199
a 42 95 199
a 42 199 175
a 42 71 175
a 42 175 209
a 43 208 14
a 43 14 4
a 43 4 5
a 43 5 77
a 43 77 17
a 43 17 36
a 43 36 15
a 43 15 8
a 43 8 0
a 43 0 13
a 43 13 64
a 43 64 1
a 43 1 19
a 43 19 42
a 43 42 2
a 43 2 23
a 43 23 31
a 43 31 28
a 43 28 44
a 43 44 40
a 43 40 33
a 43 33 6
a 43 6 24
a 43 24 118
a 43 14 118
a 43 118 123
a 43 19 123
a 43 123 72
a 43 72 108
a 43 4 108
a 43 108 57
a 43 57 109
a 43 5 109
a 43 109 104
a 43 0 104
a 43 104 105
a 43 1 105
a 43 105 30
a 43 30 74
a 43 74 140
a 43 36 140
a 43 140 66
a 43 66 146
a 43 42 146
a 43 146 106
a 43 2 106
a 43 106 119
a 43 15 119
a 43 119 127
a 43 23 127
a 43 127 41
a 43 41 121
a 43 17 121
a 43 121 132
a 43 28 132
a 43 132 117
a 43 13 117
a 43 117 63
a 43 63 61
a 43 61 181
a 43 77 181
a 43 181 135
a 43 31 135
a 43 135 54
a 43 54 32
a 43 32 26
a 43 26 78
a 43 78 148
a 43 44 148
a 43 148 110
a 43 6 110
a 43 110 144
a 43 40 144
a 43 144 168
a 43 64 168
a 43 168 112
a 43 8 112
a 43 112 85
a 43 85 128
a 43 24 128
a 43 128 98
a 43 98 137
a 43 33 137
a 43 137 16
a 43 16 73
a 43 73 68
a 43 68 84
a 43 84 178
a 43 74 178
a 43 178 12
a 43 12 145
a 43 41 145
a 43 145 161
a 43 57 161
a 43 161 176
a 43 72 176
a 43 176 130
a 43 26 130
a 43 130 62
a 43 62 93
a 43 93 90
a 43 90 134
a 43 30 134
a 43 134 167
a 43 63 167
a 43 167 136
a 43 32 136
a 43 136 38
a 43 38 165
a 43 61 165
a 43 165 158
a 43 54 158
a 43 158 170
a 43 66 170
a 43 170 92
a 43 92 86
a 43 86 182
a 43 78 182
a 43 182 188
a 43 84 188
a 43 188 172
a 43 68 172
a 43 172 189
a 43 85 189
a 43 189 120
a 43 16 120
a 43 120 196
a 43 92 196
a 43 196 197
a 43 93 197
a 43 197 202
a 43 98 202
a 43 202 116
a 43 12 116
a 43 116 190
a 43 86 190
a 43 190 177
a 43 73 177
a 43 177 166
a 43 62 166
a 43 166 194
a 43 90 194
a 43 194 142
a 43 38 142
a 43 142 209
a 44 208 18
a 44 18 22
a 44 22 76
a 44 76 3
a 44 3 14
a 44 14 52
a 44 52 29
a 44 29 77
a 44 77 4
a 44 4 0
a 44 0 19
a 44 19 43
a 44 43 9
a 44 9 58
a 44 58 24
a 44 24 118
a 44 14 118
a 44 118 123
a 44 19 123
a 44 123 72
a 44 72 126
a 44 22 126
a 44 126 108
a 44 4 108
a 44 108 57
a 44 57 102
a 44 102 104
a 44 0 104
a 44 104 21
a 44 21 156
a 44 52 156
a 44 156 180
a 44 76 180
a 44 180 10
a 44 10 66
a 44 66 133
a 44 29 133
a 44 133 162
a 44 58 162
a 44 162 147
a 44 43 147
a 44 147 60
a 44 60 63
a 44 63 181
a 44 77 181
a 44 181 122
a 44 18 122
a 44 122 80
a 44 80 32
a 44 32 107
a 44 3 107
a 44 107 26
a 44 26 78
a 44 78 65
a 44 65 51
a 44 51 113
a 44 9 113
a 44 113 99
a 44 99 85
a 44 85 128
a 44 24 128
a 44 128 98
a 44 98 16
a 44 16 82
a 44 82 84
a 44 84 89
a 44 89 206
a 44 102 206
a 44 206 56
a 44 56 114
a 44 10 114
a 44 114 55
a 44 55 161
a 44 57 161
a 44 161 176
a 44 72 176
a 44 176 125
a 44 21 125
a 44 125 130
a 44 26 130
a 44 130 67
a 44 67 93
a 44 93 90
a 44 90 164
a 44 60 164
a 44 164 184
a 44 80 184
a 44 184 91
a 44 91 167
a 44 63 167
a 44 167 136
a 44 32 136
a 44 136 38
a 44 38 96
a 44 96 170
a 44 66 170
a 44 170 92
a 44 92 87
a 44 87 69
a 44 69 59
a 44 59 155
a 44 51 155
a 44 155 203
a 44 99 203
a 44 203 186
a 44 82 186
a 44 186 182
a 44 78 182
a 44 182 169
a 44 65 169
a 44 169 188
a 44 84 188
a 44 188 189
a 44 85 189
a 44 189 120
a 44 16 120
a 44 120 193
a 44 89 193
a 44 193 171
a 44 67 171
a 44 171 196
a 44 92 196
a 44 196 197
a 44 93 197
a 44 197 202
a 44 98 202
a 44 202 159
a 44 55 159
a 44 159 163
a 44 59 163
a 44 163 195
a 44 91 195
a 44 195 200
a 44 96 200
a 44 200 191
a 44 87 191
a 44 191 160
a 44 56 160
a 44 160 173
a 44 69 173
a 44 173 194
a 44 90 194
a 44 194 142
a 44 38 142
a 44 142 209
a 45 208 52
a 45 52 20
a 45 20 45
a 45 45 15
a 45 15 27
a 45 27 64
a 45 64 19
a 45 19 7
a 45 7 123
a 45 19 123
a 45 123 72
a 45 72 46
a 45 46 149
a 45 45 149
a 45 149 21
a 45 21 156
a 45 52 156
a 45 156 10
a 45 10 131
a 45 27 131
a 45 131 119
a 45 15 119
a 45 119 124
a 45 20 124
a 45 124 39
a 45 39 78
a 45 78 101
a 45 101 168
a 45 64 168
a 45 168 99
a 45 99 98
a 45 98 16
a 45 16 73
a 45 73 89
a 45 89 150
a 45 46 150
a 45 150 114
a 45 10 114
a 45 114 88
a 45 88 111
a 45 7 111
a 45 111 176
a 45 72 176
a 45 176 125
a 45 21 125
a 45 125 67
a 45 67 71
a 45 71 90
a 45 90 91
a 45 91 70
a 45 70 87
a 45 87 47
a 45 47 143
a 45 39 143
a 45 143 59
a 45 59 203
a 45 99 203
a 45 203 182
a 45 78 182
a 45 182 205
a 45 101 205
a 45 205 120
a 45 16 120
a 45 120 193
a 45 89 193
a 45 193 171
a 45 67 171
a 45 171 174
a 45 70 174
a 45 174 202
a 45 98 202
a 45 202 192
a 45 88 192
a 45 192 195
a 45 91 195
a 45 195 163
a 45 59 163
a 45 163 191
a 45 87 191
a 45 191 177
a 45 73 177
a 45 177 151
a 45 47 151
a 45 151 175
a 45 71 175
a 45 175 194
a 45 90 194
a 45 194 209
a 46 208 22
a 46 22 14
a 46 14 29
a 46 29 77
a 46 77 45
a 46 45 36
a 46 36 15
a 46 15 37
a 46 37 13
a 46 13 64
a 46 64 2
a 46 2 23
a 46 23 6
a 46 6 33
a 46 33 118
a 46 14 118
a 46 118 126
a 46 22 126
a 46 126 149
a 46 45 149
a 46 149 57
a 46 57 102
a 46 102 21
a 46 21 10
a 46 10 140
a 46 36 140
a 46 140 48
a 46 48 83
a 46 83 106
a 46 2 106
a 46 106 141
a 46 37 141
a 46 141 119
a 46 15 119
a 46 119 127
a 46 23 127
a 46 127 133
a 46 29 133
a 46 133 117
a 46 13 117
a 46 117 181
a 46 77 181
a 46 181 49
a 46 49 80
a 46 80 39
a 46 39 26
a 46 26 78
a 46 78 65
a 46 65 110
a 46 6 110
a 46 110 51
a 46 51 168
a 46 64 168
a 46 168 99
a 46 99 85
a 46 85 137
a 46 33 137
a 46 137 82
a 46 82 73
a 46 73 68
a 46 68 84
a 46 84 89
a 46 89 206
a 46 102 206
a 46 206 187
a 46 83 187
a 46 187 114
a 46 10 114
a 46 114 100
a 46 100 81
a 46 81 161
a 46 57 161
a 46 161 125
a 46 21 125
a 46 125 130
a 46 26 130
a 46 130 97
a 46 97 62
a 46 62 67
a 46 67 153
a 46 49 153
a 46 153 71
a 46 71 90
a 46 90 184
a 46 80 184
a 46 184 91
a 46 91 38
a 46 38 94
a 46 94 86
a 46 86 152
a 46 48 152
a 46 152 143
a 46 39 143
a 46 143 59
a 46 59 155
a 46 51 155
a 46 155 203
a 46 99 203
a 46 203 186
a 46 82 186
a 46 186 182
a 46 78 182
a 46 182 169
a 46 65 169
a 46 169 188
a 46 84 188
a 46 188 172
a 46 68 172
a 46 172 189
a 46 85 189
a 46 189 204
a 46 100 204
a 46 204 193
a 46 89 193
a 46 193 171
a 46 67 171
a 46 171 198
a 46 94 198
a 46 198 185
a 46 81 185
a 46 185 190
a 46 86 190
a 46 190 163
a 46 59 163
a 46 163 195
a 46 91 195
a 46 195 177
a 46 73 177
a 46 177 201
a 46 97 201
a 46 201 166
a 46 62 166
a 46 166 142
a 46 38 142
a 46 142 194
a 46 90 194
a 46 194 175
a 46 71 175
a 46 175 209
a 47 208 3
a 47 3 14
a 47 14 52
a 47 52 4
a 47 4 17
a 47 17 77
a 47 77 11
a 47 11 1
a 47 1 2
a 47 2 23
a 47 23 31
a 47 31 28
a 47 28 25
a 47 25 40
a 47 40 6
a 47 6 24
a 47 24 118
a 47 14 118
a 47 118 72
a 47 72 53
a 47 53 108
a 47 4 108
a 47 108 105
a 47 1 105
a 47 105 30
a 47 30 156
a 47 52 156
a 47 156 10
a 47 10 48
a 47 48 66
a 47 66 106
a 47 2 106
a 47 106 127
a 47 23 127
a 47 127 121
a 47 17 121
a 47 121 132
a 47 28 132
a 47 132 60
a 47 60 129
a 47 25 129
a 47 129 63
a 47 63 181
a 47 77 181
a 47 181 49
a 47 49 135
a 47 31 135
a 47 135 115
a 47 11 115
a 47 115 107
a 47 3 107
a 47 107 65
a 47 65 110
a 47 6 110
a 47 110 144
a 47 40 144
a 47 144 51
a 47 51 99
a 47 99 128
a 47 24 128
a 47 128 103
a 47 103 114
a 47 10 114
a 47 114 12
a 47 12 176
a 47 72 176
a 47 176 157
a 47 53 157
a 47 157 62
a 47 62 97
a 47 97 153
a 47 49 153
a 47 153 75
a 47 75 90
a 47 90 134
a 47 30 134
a 47 134 164
a 47 60 164
a 47 164 167
a 47 63 167
a 47 167 70
a 47 70 94
a 47 94 170
a 47 66 170
a 47 170 152
a 47 48 152
a 47 152 47
a 47 47 69
a 47 69 155
a 47 51 155
a 47 155 203
a 47 99 203
a 47 203 169
a 47 65 169
a 47 169 174
a 47 70 174
a 47 174 179
a 47 75 179
a 47 179 198
a 47 94 198
a 47 198 116
a 47 12 116
a 47 116 207
a 47 103 207
a 47 207 201
a 47 97 201
a 47 201 166
a 47 62 166
a 47 166 173
a 47 69 173
a 47 173 151
a 47 47 151
a 47 151 194
a 47 90 194
a 47 194 209
a 48 208 18
a 48 18 20
a 48 20 4
a 48 4 17
a 48 17 15
a 48 15 37
a 48 37 27
a 48 27 23
a 48 23 25
a 48 25 33
a 48 33 24
a 48 24 72
a 48 72 53
a 48 53 108
a 48 4 108
a 48 108 102
a 48 102 30
a 48 30 48
a 48 48 131
a 48 27 131
a 48 131 119
a 48 15 119
a 48 119 141
a 48 37 141
a 48 141 127
a 48 23 127
a 48 127 41
a 48 41 121
a 48 17 121
a 48 121 50
a 48 50 79
a 48 79 129
a 48 25 129
a 48 129 122
a 48 18 122
a 48 122 80
a 48 80 124
a 48 20 124
a 48 124 99
a 48 99 85
a 48 85 128
a 48 24 128
a 48 128 98
a 48 98 137
a 48 33 137
a 48 137 84
a 48 84 206
a 48 102 206
a 48 206 88
a 48 88 100
a 48 100 81
a 48 81 183
a 48 79 183
a 48 183 145
a 48 41 145
a 48 145 176
a 48 72 176
a 48 176 157
a 48 53 157
a 48 157 62
a 48 62 71
a 48 71 75
a 48 75 90
a 48 90 134
a 48 30 134
a 48 134 184
a 48 80 184
a 48 184 96
a 48 96 87
a 48 87 152
a 48 48 152
a 48 152 47
a 48 47 69
a 48 69 154
a 48 50 154
a 48 154 203
a 48 99 203
a 48 203 188
a 48 84 188
a 48 188 189
a 48 85 189
a 48 189 204
a 48 100 204
a 48 204 179
a 48 75 179
a 48 179 202
a 48 98 202
a 48 202 185
a 48 81 185
a 48 185 192
a 48 88 192
a 48 192 200
a 48 96 200
a 48 200 191
a 48 87 191
a 48 191 151
a 48 47 151
a 48 151 166
a 48 62 166
a 48 166 173
a 48 69 173
a 48 173 175
a 48 71 175
a 48 175 194
a 48 90 194
a 48 194 209
