c Shift Minimisation Personnel Task Scheduling Problem (SMPTSP)
c data_6_48_80_66
c
c problem jobs shifts
p smptsp 80 48
c
c job start finish 
c 0 50 537
c 1 207 702
c 2 770 1299
c 3 262 801
c 4 15 490
c 5 247 785
c 6 41 540
c 7 222 720
c 8 187 708
c 9 20 528
c 10 88 628
c 11 77 606
c 12 165 677
c 13 216 719
c 14 396 864
c 15 126 649
c 16 8 509
c 17 325 801
c 18 16 504
c 19 81 568
c 20 23 539
c 21 676 1209
c 22 131 678
c 23 184 684
c 24 123 614
c 25 710 1231
c 26 665 1170
c 27 598 1145
c 28 838 1354
c 29 819 1286
c 30 77 614
c 31 142 608
c 32 763 1297
c 33 625 1120
c 34 218 725
c 35 39 554
c 36 365 883
c 37 354 818
c 38 859 1367
c 39 653 1142
c 40 790 1292
c 41 260 756
c 42 81 582
c 43 109 578
c 44 153 683
c 45 139 639
c 46 769 1281
c 47 852 1356
c 48 889 1372
c 49 818 1351
c 50 772 1258
c 51 28 527
c 52 865 1383
c 53 866 1378
c 54 833 1344
c 55 638 1160
c 56 802 1305
c 57 740 1268
c 58 853 1389
c 59 557 1033
c 60 781 1320
c 61 815 1348
c 62 99 620
c 63 104 612
c 64 54 573
c 65 760 1293
c 66 801 1285
c 67 695 1166
c 68 872 1360
c 69 726 1262
c 70 826 1322
c 71 813 1273
c 72 218 714
c 73 737 1278
c 74 212 732
c 75 577 1098
c 76 728 1263
c 77 841 1372
c 78 866 1352
c 79 639 1152
c
c shift cost source target num_qualifications qualifications
k 0 1 160 161 57 11 33 1 2 3 4 5 6 7 8 9 10 13 14 15 17 18 21 23 24 25 27 30 31 32 36 38 39 40 41 43 44 46 47 48 49 51 52 53 54 55 56 57 59 61 62 63 67 68 70 71 72 73 75 76 77 78
k 1 1 160 161 58 1 2 0 3 4 5 6 7 9 10 12 13 15 17 18 20 22 23 25 26 29 31 32 33 34 37 39 40 42 43 44 46 47 48 49 51 53 54 55 56 57 58 59 61 62 63 64 67 68 70 72 73 74 75 76 77 78 79
k 2 1 160 161 49 44 70 2 3 5 7 8 11 12 13 14 15 17 18 19 20 22 24 25 26 27 29 30 31 32 34 38 42 43 46 48 49 50 51 52 53 55 58 60 61 62 63 64 68 73 75 77 78 79
k 3 1 160 161 63 72 77 0 1 2 3 5 6 7 10 11 12 13 15 16 18 19 20 21 23 24 25 26 27 28 29 30 31 32 33 34 35 36 37 38 39 40 42 43 44 47 49 51 52 54 55 57 58 60 61 62 63 66 67 69 70 71 73 74 75 76 78 79
k 4 1 160 161 49 41 49 1 2 4 5 6 7 8 11 12 17 18 19 21 22 23 24 25 26 29 37 39 40 42 44 46 48 51 53 54 55 56 57 58 59 60 61 65 66 68 69 70 71 74 75 76 78 79
k 5 1 160 161 54 7 65 0 1 2 5 6 8 10 13 15 16 17 18 19 20 21 22 23 24 27 28 29 30 32 33 35 38 39 40 41 42 43 44 45 46 47 48 49 50 52 53 56 59 60 62 63 64 66 67 71 75 78 79
k 6 1 160 161 55 51 61 0 1 3 4 5 6 7 9 12 14 15 16 21 22 23 24 25 26 27 28 29 31 33 35 36 37 38 39 40 41 42 44 45 46 47 48 49 52 53 54 55 58 60 64 67 68 69 70 72 75 77 78 79
k 7 1 160 161 56 6 21 1 4 5 7 9 12 13 14 20 22 23 24 26 27 28 29 30 31 32 33 34 35 36 38 39 40 41 42 44 45 46 47 48 50 52 54 55 56 57 58 59 61 62 65 66 68 70 72 73 74 75 76 77 78
k 8 1 160 161 53 23 32 0 1 3 5 7 8 10 11 12 13 14 15 16 17 20 21 22 25 26 27 29 31 34 38 39 40 41 43 45 46 47 51 52 55 56 58 62 63 64 65 66 67 69 71 72 73 74 76 77 78 79
k 9 1 160 161 52 45 76 2 5 6 8 10 12 13 14 16 18 19 20 21 23 24 25 28 31 35 37 38 42 43 46 48 49 51 52 53 54 55 56 57 58 59 60 62 63 65 66 67 68 69 70 71 74 75 77 78 79
k 10 1 160 161 57 42 69 0 1 5 6 7 9 10 11 12 13 15 16 17 18 19 22 23 24 25 26 28 29 30 35 36 37 38 40 41 43 44 45 47 49 52 54 55 56 57 59 60 62 63 64 65 67 68 70 71 72 74 75 76 78 79
k 11 1 160 161 53 16 58 0 1 3 4 5 6 7 10 11 12 13 15 17 19 20 22 24 26 27 28 30 33 34 37 38 39 41 42 47 49 50 51 52 53 54 57 59 60 61 62 65 67 68 69 71 72 73 74 75 76 78
k 12 1 160 161 52 30 40 0 1 2 4 5 7 10 11 12 13 14 15 16 17 18 21 22 23 24 27 31 32 33 35 36 38 42 43 45 46 47 49 50 51 52 53 54 57 59 61 64 65 66 67 70 74 75 76 77 78
k 13 1 160 161 51 5 56 0 2 3 4 6 10 12 15 16 18 20 21 22 23 25 27 28 29 30 34 35 36 38 39 40 41 42 43 44 45 46 47 51 52 59 60 61 63 64 66 68 69 70 71 73 74 75 77 79
k 14 1 160 161 61 13 60 2 3 4 5 6 7 8 10 11 12 15 16 17 18 19 20 21 22 23 24 25 28 29 30 31 32 33 35 36 38 40 41 42 43 45 46 47 48 49 50 51 52 53 54 55 56 58 61 63 64 66 67 68 71 73 74 75 76 78
k 15 1 160 161 56 3 47 0 1 2 4 5 6 7 8 9 10 11 13 14 15 17 19 20 21 24 28 29 31 32 34 35 37 38 40 44 45 46 48 49 51 52 53 56 58 59 60 62 63 65 66 70 71 72 73 74 75 76 77 78 79
k 16 1 160 161 50 10 26 1 3 4 8 9 12 13 14 15 17 18 19 20 21 22 23 29 31 32 34 35 37 38 40 42 44 45 46 47 49 51 52 53 55 57 58 59 61 63 65 67 70 71 72 73 75 76 78
k 17 1 160 161 53 34 73 0 1 2 3 4 6 7 8 9 10 13 15 16 17 18 19 21 23 25 27 29 30 32 33 36 37 38 39 40 42 43 45 46 47 48 52 60 63 65 66 67 68 69 70 71 74 75 76 77 78 79
k 18 1 160 161 61 9 27 0 1 3 4 6 7 10 12 15 16 17 18 19 20 21 22 23 24 25 26 28 29 31 32 33 34 39 40 42 43 44 45 46 47 48 49 51 52 54 55 56 58 61 62 63 64 65 66 67 68 70 71 72 73 74 75 77 78 79
k 19 1 160 161 44 22 38 0 1 2 3 4 5 6 7 11 12 14 15 17 19 24 27 30 31 33 34 37 39 41 43 46 53 54 55 56 59 60 61 63 64 69 70 71 72 73 74 75 76
k 20 1 160 161 50 63 71 0 1 5 6 8 9 10 11 13 14 15 16 19 20 21 22 26 27 28 29 32 35 38 42 45 46 47 48 50 51 52 55 56 57 58 60 61 64 65 66 67 69 70 72 73 75 76 79
k 21 1 160 161 53 37 54 0 3 4 5 6 10 11 13 16 17 21 23 24 26 28 29 31 32 33 36 38 39 40 43 44 45 47 49 50 51 52 55 56 58 59 61 62 63 65 66 67 68 69 71 72 73 74 75 77 78 79
k 22 1 160 161 53 31 46 0 1 2 3 4 6 9 10 11 13 15 16 17 18 19 20 21 22 24 25 26 27 28 30 33 34 36 38 40 41 42 44 47 49 50 51 52 53 54 55 58 59 64 65 66 68 71 72 73 76 79
k 23 1 160 161 52 12 29 0 1 3 4 7 8 11 13 14 15 17 21 24 25 26 27 28 30 31 33 35 36 39 40 42 44 45 46 47 48 49 50 51 53 54 56 57 58 60 61 62 63 64 65 66 73 75 76 77 78
k 24 1 160 161 54 14 53 0 2 3 4 6 8 9 11 13 17 18 19 21 22 23 25 26 27 28 30 31 33 35 36 38 39 40 41 43 44 45 46 47 48 49 51 52 54 55 58 60 62 64 65 66 68 71 72 73 74 76 79
k 25 1 160 161 57 43 79 0 1 2 3 4 5 6 8 10 11 12 13 14 16 17 18 21 22 24 26 27 28 30 31 32 33 34 35 37 38 40 41 42 44 45 47 48 50 51 52 53 54 56 57 58 62 63 66 67 72 73 74 75 77 78
k 26 1 160 161 54 35 67 0 1 3 4 5 9 10 11 13 15 17 18 22 25 26 27 28 29 32 33 36 37 39 41 42 43 45 46 47 48 51 52 53 55 56 57 58 59 60 61 63 64 66 68 69 72 73 74 75 76 77 79
k 27 1 160 161 50 4 28 2 3 6 7 9 11 17 19 21 23 24 25 26 27 29 30 32 33 34 36 39 40 41 43 44 45 46 48 49 50 52 53 54 55 60 61 62 63 65 66 68 69 70 73 74 76 78 79
k 28 1 160 161 48 20 59 1 5 6 10 11 12 13 14 17 18 19 21 23 24 25 26 27 28 30 33 36 39 40 41 43 44 46 47 48 50 54 55 56 58 61 65 66 67 68 73 74 75 76 77 78 79
k 29 1 160 161 64 17 52 1 3 4 5 6 7 8 9 10 12 14 15 16 18 19 22 23 25 27 29 30 31 32 33 34 35 36 37 38 40 41 42 46 47 48 49 50 51 53 56 57 58 59 60 61 62 63 64 65 66 67 68 69 70 71 72 73 74 76 77 78 79
k 30 1 160 161 56 36 48 0 1 4 7 8 9 10 12 14 15 17 18 19 20 21 22 24 25 26 29 31 32 33 34 35 38 41 42 43 44 45 46 47 49 51 52 53 56 57 59 60 62 63 64 68 69 70 71 73 75 76 77 78 79
k 31 1 160 161 51 64 66 0 1 2 3 5 9 11 15 17 19 20 23 25 26 30 31 33 34 37 38 40 41 42 44 45 46 47 48 49 50 51 52 53 54 55 56 58 59 60 61 63 69 71 73 74 75 76 78 79
k 32 1 160 161 59 74 78 1 2 3 5 6 9 10 11 12 13 14 15 16 19 20 21 22 23 27 29 30 32 33 34 35 36 40 42 43 44 46 47 49 50 51 52 53 54 56 58 59 60 61 62 63 64 65 66 68 69 70 71 72 73 76 77 79
k 33 1 160 161 55 8 50 0 2 5 6 7 9 11 13 15 16 17 19 21 22 24 25 26 27 28 30 31 32 33 34 37 38 39 40 41 43 44 45 46 47 48 53 54 55 58 59 60 61 62 63 65 66 69 71 72 73 74 76 79
k 34 1 160 161 50 0 25 1 3 4 6 8 10 11 12 13 15 17 19 21 24 26 27 29 30 31 32 33 35 36 37 38 43 44 46 47 48 49 50 51 52 53 55 57 58 59 60 61 63 64 65 68 74 75 79
k 35 1 160 161 49 19 75 0 1 2 3 5 6 9 13 15 16 17 18 20 21 24 26 27 29 30 33 34 37 38 40 41 43 45 46 47 51 52 53 54 56 58 60 61 62 64 66 69 70 71 72 73 78 79
k 36 1 160 161 50 62 68 0 1 3 6 7 15 17 18 19 20 21 22 24 25 26 27 29 32 34 36 38 39 43 45 46 47 49 50 52 53 54 57 58 59 60 61 63 64 66 67 69 70 71 73 75 76 77 79
k 37 1 160 161 54 18 55 0 1 2 3 4 5 7 8 10 11 13 16 17 21 24 25 26 27 28 32 33 34 35 36 37 39 40 42 44 46 47 49 50 51 52 53 56 57 58 59 60 61 64 66 67 68 69 73 74 75 76 79
k 38 1 160 161 60 15 39 0 1 2 3 4 5 6 7 8 9 10 12 13 17 18 21 26 27 28 29 32 33 34 35 36 37 38 40 41 43 44 45 47 48 49 50 51 52 53 54 55 56 57 58 59 60 63 64 65 66 67 68 74 75 76 77 78 79
k 39 1 160 161 53 24 57 0 2 3 4 5 6 8 9 11 12 14 15 17 18 19 20 21 22 26 28 31 32 34 35 36 40 41 42 43 44 45 46 48 49 50 52 53 54 59 60 61 65 67 70 71 72 73 74 75 77 79
k 40 1 160 161 45 7 76 30 61 25 21 12 10 44 55 64 26 40 31 46 60 22 11 37 68 33 74 29 34 57 1 63 27 4 8 14 0 15 78 72 59 35 43 73 6 24 3 17 54 53
k 41 1 160 161 50 33 1 34 25 21 8 72 52 19 27 15 63 56 39 14 53 57 26 60 75 76 20 49 46 0 9 79 66 74 58 13 5 29 78 22 71 48 4 44 23 24 45 28 51 3 62 70 16 11 6
k 42 1 160 161 63 13 68 7 4 36 66 40 32 41 65 30 69 3 48 72 75 14 67 26 62 49 44 79 64 55 78 43 18 53 47 6 39 71 57 21 45 56 70 42 17 61 76 27 25 9 19 28 10 0 5 63 2 34 16 12 54 73 37 15 74 38 29 33
k 43 1 160 161 60 52 14 77 40 74 20 9 12 69 21 66 59 46 49 68 10 32 58 65 47 56 67 1 6 35 54 23 48 55 8 5 15 53 27 45 26 2 78 25 29 44 16 63 37 24 0 41 60 38 61 17 33 34 50 76 36 31 19 57 22
k 44 1 160 161 52 75 14 38 51 0 30 39 77 61 54 55 33 73 35 22 13 18 58 45 42 74 60 78 41 2 7 72 44 23 36 9 43 21 34 31 32 40 50 48 3 70 29 69 62 59 25 24 56 68 10 19 79
k 45 1 160 161 54 74 15 71 77 65 42 45 46 40 68 59 63 9 49 73 72 79 44 3 35 69 17 60 25 0 39 36 19 70 62 66 61 51 55 56 5 48 38 64 32 47 33 57 21 20 43 78 37 27 41 16 10 28 12
k 46 1 160 161 61 79 71 70 23 55 43 49 75 6 13 59 5 3 11 74 12 14 54 4 15 56 76 31 68 38 16 42 61 21 33 51 44 41 53 48 58 27 26 73 39 57 47 62 37 24 10 60 1 7 9 19 77 72 18 17 35 25 2 46 8 50
k 47 1 160 161 62 77 17 16 63 44 13 56 22 24 26 71 12 21 20 79 30 45 15 43 61 40 41 57 62 59 31 76 72 23 46 35 49 38 47 10 4 55 51 19 14 69 11 25 28 50 67 73 75 68 3 52 1 74 42 7 9 54 70 65 5 33 0
c
c graph source target
a 0 160 4
a 0 4 18
a 0 18 9
a 0 9 51
a 0 51 6
a 0 6 11
a 0 11 30
a 0 30 10
a 0 10 62
a 0 62 63
a 0 63 43
a 0 43 24
a 0 24 15
a 0 15 31
a 0 31 44
a 0 44 23
a 0 23 8
a 0 8 1
a 0 1 13
a 0 13 72
a 0 72 7
a 0 7 5
a 0 5 41
a 0 41 3
a 0 3 17
a 0 17 36
a 0 36 14
a 0 14 84
a 0 4 84
a 0 84 98
a 0 18 98
a 0 98 131
a 0 51 131
a 0 131 89
a 0 9 89
a 0 89 86
a 0 6 86
a 0 86 59
a 0 59 75
a 0 75 123
a 0 43 123
a 0 123 27
a 0 27 91
a 0 11 91
a 0 91 111
a 0 31 111
a 0 111 143
a 0 63 143
a 0 143 104
a 0 24 104
a 0 104 110
a 0 30 110
a 0 110 142
a 0 62 142
a 0 142 33
a 0 33 90
a 0 10 90
a 0 90 55
a 0 55 95
a 0 15 95
a 0 95 39
a 0 39 21
a 0 21 124
a 0 44 124
a 0 124 103
a 0 23 103
a 0 103 67
a 0 67 81
a 0 1 81
a 0 81 88
a 0 8 88
a 0 88 25
a 0 25 152
a 0 72 152
a 0 152 93
a 0 13 93
a 0 93 87
a 0 7 87
a 0 87 76
a 0 76 73
a 0 73 57
a 0 57 121
a 0 41 121
a 0 121 32
a 0 32 46
a 0 46 2
a 0 2 85
a 0 5 85
a 0 85 40
a 0 40 83
a 0 3 83
a 0 83 97
a 0 17 97
a 0 97 56
a 0 56 71
a 0 71 61
a 0 61 49
a 0 49 70
a 0 70 54
a 0 54 77
a 0 77 47
a 0 47 38
a 0 38 94
a 0 14 94
a 0 94 52
a 0 52 53
a 0 53 78
a 0 78 68
a 0 68 116
a 0 36 116
a 0 116 48
a 0 48 139
a 0 59 139
a 0 139 155
a 0 75 155
a 0 155 113
a 0 33 113
a 0 113 119
a 0 39 119
a 0 119 107
a 0 27 107
a 0 107 135
a 0 55 135
a 0 135 147
a 0 67 147
a 0 147 101
a 0 21 101
a 0 101 105
a 0 25 105
a 0 105 156
a 0 76 156
a 0 156 137
a 0 57 137
a 0 137 151
a 0 71 151
a 0 151 153
a 0 73 153
a 0 153 126
a 0 46 126
a 0 126 120
a 0 40 120
a 0 120 112
a 0 32 112
a 0 112 82
a 0 2 82
a 0 82 136
a 0 56 136
a 0 136 150
a 0 70 150
a 0 150 134
a 0 54 134
a 0 134 141
a 0 61 141
a 0 141 129
a 0 49 129
a 0 129 158
a 0 78 158
a 0 158 127
a 0 47 127
a 0 127 148
a 0 68 148
a 0 148 118
a 0 38 118
a 0 118 128
a 0 48 128
a 0 128 157
a 0 77 157
a 0 157 133
a 0 53 133
a 0 133 132
a 0 52 132
a 0 132 161
a 1 160 4
a 1 4 18
a 1 18 9
a 1 9 20
a 1 20 51
a 1 51 6
a 1 6 0
a 1 0 64
a 1 64 42
a 1 42 10
a 1 10 62
a 1 62 63
a 1 63 43
a 1 43 15
a 1 15 22
a 1 22 31
a 1 31 44
a 1 44 12
a 1 12 23
a 1 23 1
a 1 1 74
a 1 74 13
a 1 13 34
a 1 34 72
a 1 72 7
a 1 7 5
a 1 5 3
a 1 3 17
a 1 17 37
a 1 37 84
a 1 4 84
a 1 84 98
a 1 18 98
a 1 98 131
a 1 51 131
a 1 131 89
a 1 9 89
a 1 89 80
a 1 0 80
a 1 80 100
a 1 20 100
a 1 100 86
a 1 6 86
a 1 86 59
a 1 59 144
a 1 64 144
a 1 144 75
a 1 75 123
a 1 43 123
a 1 123 122
a 1 42 122
a 1 122 111
a 1 31 111
a 1 111 143
a 1 63 143
a 1 143 142
a 1 62 142
a 1 142 33
a 1 33 90
a 1 10 90
a 1 90 55
a 1 55 79
a 1 79 95
a 1 15 95
a 1 95 39
a 1 39 26
a 1 26 92
a 1 12 92
a 1 92 102
a 1 22 102
a 1 102 124
a 1 44 124
a 1 124 103
a 1 23 103
a 1 103 67
a 1 67 81
a 1 1 81
a 1 81 25
a 1 25 152
a 1 72 152
a 1 152 93
a 1 13 93
a 1 93 87
a 1 7 87
a 1 87 114
a 1 34 114
a 1 114 76
a 1 76 154
a 1 74 154
a 1 154 73
a 1 73 57
a 1 57 32
a 1 32 46
a 1 46 2
a 1 2 85
a 1 5 85
a 1 85 40
a 1 40 83
a 1 3 83
a 1 83 97
a 1 17 97
a 1 97 56
a 1 56 61
a 1 61 49
a 1 49 117
a 1 37 117
a 1 117 29
a 1 29 70
a 1 70 54
a 1 54 77
a 1 77 47
a 1 47 58
a 1 58 53
a 1 53 78
a 1 78 68
a 1 68 48
a 1 48 139
a 1 59 139
a 1 139 155
a 1 75 155
a 1 155 113
a 1 33 113
a 1 113 119
a 1 39 119
a 1 119 159
a 1 79 159
a 1 159 135
a 1 55 135
a 1 135 147
a 1 67 147
a 1 147 106
a 1 26 106
a 1 106 105
a 1 25 105
a 1 105 156
a 1 76 156
a 1 156 137
a 1 57 137
a 1 137 153
a 1 73 153
a 1 153 126
a 1 46 126
a 1 126 109
a 1 29 109
a 1 109 120
a 1 40 120
a 1 120 112
a 1 32 112
a 1 112 82
a 1 2 82
a 1 82 136
a 1 56 136
a 1 136 150
a 1 70 150
a 1 150 134
a 1 54 134
a 1 134 141
a 1 61 141
a 1 141 129
a 1 49 129
a 1 129 158
a 1 78 158
a 1 158 127
a 1 47 127
a 1 127 148
a 1 68 148
a 1 148 128
a 1 48 128
a 1 128 157
a 1 77 157
a 1 157 133
a 1 53 133
a 1 133 138
a 1 58 138
a 1 138 161
a 2 160 18
a 2 18 20
a 2 20 51
a 2 51 64
a 2 64 11
a 2 11 30
a 2 30 19
a 2 19 42
a 2 42 62
a 2 62 63
a 2 63 43
a 2 43 24
a 2 24 15
a 2 15 22
a 2 22 31
a 2 31 44
a 2 44 12
a 2 12 8
a 2 8 13
a 2 13 34
a 2 34 7
a 2 7 5
a 2 5 3
a 2 3 17
a 2 17 14
a 2 14 98
a 2 18 98
a 2 98 131
a 2 51 131
a 2 131 100
a 2 20 100
a 2 100 99
a 2 19 99
a 2 99 144
a 2 64 144
a 2 144 75
a 2 75 123
a 2 43 123
a 2 123 122
a 2 42 122
a 2 122 27
a 2 27 91
a 2 11 91
a 2 91 111
a 2 31 111
a 2 111 143
a 2 63 143
a 2 143 104
a 2 24 104
a 2 104 110
a 2 30 110
a 2 110 142
a 2 62 142
a 2 142 55
a 2 55 79
a 2 79 95
a 2 15 95
a 2 95 26
a 2 26 92
a 2 12 92
a 2 92 102
a 2 22 102
a 2 102 124
a 2 44 124
a 2 124 88
a 2 8 88
a 2 88 25
a 2 25 93
a 2 13 93
a 2 93 87
a 2 7 87
a 2 87 114
a 2 34 114
a 2 114 73
a 2 73 32
a 2 32 46
a 2 46 2
a 2 2 50
a 2 50 60
a 2 60 85
a 2 5 85
a 2 85 83
a 2 3 83
a 2 83 97
a 2 17 97
a 2 97 61
a 2 61 49
a 2 49 29
a 2 29 70
a 2 70 77
a 2 77 58
a 2 58 38
a 2 38 94
a 2 14 94
a 2 94 52
a 2 52 53
a 2 53 78
a 2 78 68
a 2 68 48
a 2 48 155
a 2 75 155
a 2 155 107
a 2 27 107
a 2 107 159
a 2 79 159
a 2 159 135
a 2 55 135
a 2 135 106
a 2 26 106
a 2 106 105
a 2 25 105
a 2 105 130
a 2 50 130
a 2 130 153
a 2 73 153
a 2 153 126
a 2 46 126
a 2 126 109
a 2 29 109
a 2 109 112
a 2 32 112
a 2 112 82
a 2 2 82
a 2 82 140
a 2 60 140
a 2 140 150
a 2 70 150
a 2 150 141
a 2 61 141
a 2 141 129
a 2 49 129
a 2 129 158
a 2 78 158
a 2 158 148
a 2 68 148
a 2 148 118
a 2 38 118
a 2 118 128
a 2 48 128
a 2 128 157
a 2 77 157
a 2 157 133
a 2 53 133
a 2 133 132
a 2 52 132
a 2 132 138
a 2 58 138
a 2 138 161
a 3 160 16
a 3 16 18
a 3 18 20
a 3 20 51
a 3 51 35
a 3 35 6
a 3 6 0
a 3 0 11
a 3 11 30
a 3 30 19
a 3 19 42
a 3 42 10
a 3 10 62
a 3 62 63
a 3 63 43
a 3 43 24
a 3 24 15
a 3 15 31
a 3 31 44
a 3 44 12
a 3 12 23
a 3 23 1
a 3 1 74
a 3 74 13
a 3 13 72
a 3 72 34
a 3 34 7
a 3 7 5
a 3 5 3
a 3 3 37
a 3 37 36
a 3 36 98
a 3 18 98
a 3 98 96
a 3 16 96
a 3 96 131
a 3 51 131
a 3 131 80
a 3 0 80
a 3 80 100
a 3 20 100
a 3 100 86
a 3 6 86
a 3 86 115
a 3 35 115
a 3 115 99
a 3 19 99
a 3 99 75
a 3 75 123
a 3 43 123
a 3 123 122
a 3 42 122
a 3 122 27
a 3 27 91
a 3 11 91
a 3 91 111
a 3 31 111
a 3 111 143
a 3 63 143
a 3 143 104
a 3 24 104
a 3 104 110
a 3 30 110
a 3 110 142
a 3 62 142
a 3 142 33
a 3 33 90
a 3 10 90
a 3 90 55
a 3 55 79
a 3 79 95
a 3 15 95
a 3 95 39
a 3 39 26
a 3 26 21
a 3 21 92
a 3 12 92
a 3 92 124
a 3 44 124
a 3 124 103
a 3 23 103
a 3 103 67
a 3 67 81
a 3 1 81
a 3 81 25
a 3 25 152
a 3 72 152
a 3 152 93
a 3 13 93
a 3 93 87
a 3 7 87
a 3 87 114
a 3 34 114
a 3 114 69
a 3 69 76
a 3 76 154
a 3 74 154
a 3 154 73
a 3 73 57
a 3 57 32
a 3 32 2
a 3 2 60
a 3 60 85
a 3 5 85
a 3 85 40
a 3 40 66
a 3 66 83
a 3 3 83
a 3 83 71
a 3 71 61
a 3 61 49
a 3 49 117
a 3 37 117
a 3 117 29
a 3 29 70
a 3 70 54
a 3 54 28
a 3 28 77
a 3 77 47
a 3 47 58
a 3 58 38
a 3 38 52
a 3 52 78
a 3 78 116
a 3 36 116
a 3 116 155
a 3 75 155
a 3 155 113
a 3 33 113
a 3 113 119
a 3 39 119
a 3 119 107
a 3 27 107
a 3 107 159
a 3 79 159
a 3 159 135
a 3 55 135
a 3 135 147
a 3 67 147
a 3 147 106
a 3 26 106
a 3 106 101
a 3 21 101
a 3 101 105
a 3 25 105
a 3 105 149
a 3 69 149
a 3 149 156
a 3 76 156
a 3 156 137
a 3 57 137
a 3 137 151
a 3 71 151
a 3 151 153
a 3 73 153
a 3 153 146
a 3 66 146
a 3 146 109
a 3 29 109
a 3 109 120
a 3 40 120
a 3 120 112
a 3 32 112
a 3 112 82
a 3 2 82
a 3 82 140
a 3 60 140
a 3 140 150
a 3 70 150
a 3 150 134
a 3 54 134
a 3 134 141
a 3 61 141
a 3 141 129
a 3 49 129
a 3 129 158
a 3 78 158
a 3 158 108
a 3 28 108
a 3 108 127
a 3 47 127
a 3 127 118
a 3 38 118
a 3 118 157
a 3 77 157
a 3 157 132
a 3 52 132
a 3 132 138
a 3 58 138
a 3 138 161
a 4 160 4
a 4 4 18
a 4 18 51
a 4 51 6
a 4 6 11
a 4 11 19
a 4 19 42
a 4 42 24
a 4 24 22
a 4 22 44
a 4 44 12
a 4 12 23
a 4 23 8
a 4 8 1
a 4 1 74
a 4 74 7
a 4 7 5
a 4 5 41
a 4 41 17
a 4 17 37
a 4 37 84
a 4 4 84
a 4 84 98
a 4 18 98
a 4 98 131
a 4 51 131
a 4 131 86
a 4 6 86
a 4 86 59
a 4 59 99
a 4 19 99
a 4 99 75
a 4 75 122
a 4 42 122
a 4 122 91
a 4 11 91
a 4 91 104
a 4 24 104
a 4 104 55
a 4 55 79
a 4 79 39
a 4 39 26
a 4 26 21
a 4 21 92
a 4 12 92
a 4 92 102
a 4 22 102
a 4 102 124
a 4 44 124
a 4 124 103
a 4 23 103
a 4 103 81
a 4 1 81
a 4 81 88
a 4 8 88
a 4 88 25
a 4 25 87
a 4 7 87
a 4 87 69
a 4 69 76
a 4 76 154
a 4 74 154
a 4 154 57
a 4 57 121
a 4 41 121
a 4 121 65
a 4 65 46
a 4 46 2
a 4 2 60
a 4 60 85
a 4 5 85
a 4 85 40
a 4 40 66
a 4 66 97
a 4 17 97
a 4 97 56
a 4 56 71
a 4 71 61
a 4 61 49
a 4 49 117
a 4 37 117
a 4 117 29
a 4 29 70
a 4 70 54
a 4 54 58
a 4 58 53
a 4 53 78
a 4 78 68
a 4 68 48
a 4 48 139
a 4 59 139
a 4 139 155
a 4 75 155
a 4 155 119
a 4 39 119
a 4 119 159
a 4 79 159
a 4 159 135
a 4 55 135
a 4 135 106
a 4 26 106
a 4 106 101
a 4 21 101
a 4 101 105
a 4 25 105
a 4 105 149
a 4 69 149
a 4 149 156
a 4 76 156
a 4 156 137
a 4 57 137
a 4 137 151
a 4 71 151
a 4 151 126
a 4 46 126
a 4 126 146
a 4 66 146
a 4 146 109
a 4 29 109
a 4 109 120
a 4 40 120
a 4 120 145
a 4 65 145
a 4 145 82
a 4 2 82
a 4 82 136
a 4 56 136
a 4 136 140
a 4 60 140
a 4 140 150
a 4 70 150
a 4 150 134
a 4 54 134
a 4 134 141
a 4 61 141
a 4 141 129
a 4 49 129
a 4 129 158
a 4 78 158
a 4 158 148
a 4 68 148
a 4 148 128
a 4 48 128
a 4 128 133
a 4 53 133
a 4 133 138
a 4 58 138
a 4 138 161
a 5 160 16
a 5 16 18
a 5 18 20
a 5 20 35
a 5 35 6
a 5 6 0
a 5 0 64
a 5 64 30
a 5 30 19
a 5 19 42
a 5 42 10
a 5 10 62
a 5 62 63
a 5 63 43
a 5 43 24
a 5 24 15
a 5 15 22
a 5 22 45
a 5 45 44
a 5 44 23
a 5 23 8
a 5 8 1
a 5 1 13
a 5 13 7
a 5 7 5
a 5 5 41
a 5 41 17
a 5 17 98
a 5 18 98
a 5 98 96
a 5 16 96
a 5 96 80
a 5 0 80
a 5 80 100
a 5 20 100
a 5 100 86
a 5 6 86
a 5 86 115
a 5 35 115
a 5 115 59
a 5 59 99
a 5 19 99
a 5 99 144
a 5 64 144
a 5 144 75
a 5 75 123
a 5 43 123
a 5 123 122
a 5 42 122
a 5 122 27
a 5 27 143
a 5 63 143
a 5 143 104
a 5 24 104
a 5 104 110
a 5 30 110
a 5 110 142
a 5 62 142
a 5 142 33
a 5 33 90
a 5 10 90
a 5 90 79
a 5 79 125
a 5 45 125
a 5 125 95
a 5 15 95
a 5 95 39
a 5 39 21
a 5 21 102
a 5 22 102
a 5 102 124
a 5 44 124
a 5 124 103
a 5 23 103
a 5 103 67
a 5 67 81
a 5 1 81
a 5 81 88
a 5 8 88
a 5 88 93
a 5 13 93
a 5 93 87
a 5 7 87
a 5 87 121
a 5 41 121
a 5 121 65
a 5 65 32
a 5 32 46
a 5 46 2
a 5 2 50
a 5 50 60
a 5 60 85
a 5 5 85
a 5 85 40
a 5 40 66
a 5 66 97
a 5 17 97
a 5 97 56
a 5 56 71
a 5 71 49
a 5 49 29
a 5 29 28
a 5 28 47
a 5 47 38
a 5 38 52
a 5 52 53
a 5 53 78
a 5 78 48
a 5 48 139
a 5 59 139
a 5 139 155
a 5 75 155
a 5 155 113
a 5 33 113
a 5 113 119
a 5 39 119
a 5 119 107
a 5 27 107
a 5 107 159
a 5 79 159
a 5 159 147
a 5 67 147
a 5 147 101
a 5 21 101
a 5 101 130
a 5 50 130
a 5 130 151
a 5 71 151
a 5 151 126
a 5 46 126
a 5 126 146
a 5 66 146
a 5 146 109
a 5 29 109
a 5 109 120
a 5 40 120
a 5 120 145
a 5 65 145
a 5 145 112
a 5 32 112
a 5 112 82
a 5 2 82
a 5 82 136
a 5 56 136
a 5 136 140
a 5 60 140
a 5 140 129
a 5 49 129
a 5 129 158
a 5 78 158
a 5 158 108
a 5 28 108
a 5 108 127
a 5 47 127
a 5 127 118
a 5 38 118
a 5 118 128
a 5 48 128
a 5 128 133
a 5 53 133
a 5 133 132
a 5 52 132
a 5 132 161
a 6 160 16
a 6 16 4
a 6 4 9
a 6 9 51
a 6 51 35
a 6 35 6
a 6 6 0
a 6 0 64
a 6 64 42
a 6 42 24
a 6 24 15
a 6 15 22
a 6 22 45
a 6 45 31
a 6 31 44
a 6 44 12
a 6 12 23
a 6 23 1
a 6 1 72
a 6 72 7
a 6 7 5
a 6 5 41
a 6 41 3
a 6 3 37
a 6 37 36
a 6 36 14
a 6 14 84
a 6 4 84
a 6 84 96
a 6 16 96
a 6 96 131
a 6 51 131
a 6 131 89
a 6 9 89
a 6 89 80
a 6 0 80
a 6 80 86
a 6 6 86
a 6 86 115
a 6 35 115
a 6 115 144
a 6 64 144
a 6 144 75
a 6 75 122
a 6 42 122
a 6 122 27
a 6 27 111
a 6 31 111
a 6 111 104
a 6 24 104
a 6 104 33
a 6 33 55
a 6 55 79
a 6 79 125
a 6 45 125
a 6 125 95
a 6 15 95
a 6 95 39
a 6 39 26
a 6 26 21
a 6 21 92
a 6 12 92
a 6 92 102
a 6 22 102
a 6 102 124
a 6 44 124
a 6 124 103
a 6 23 103
a 6 103 67
a 6 67 81
a 6 1 81
a 6 81 25
a 6 25 152
a 6 72 152
a 6 152 87
a 6 7 87
a 6 87 69
a 6 69 121
a 6 41 121
a 6 121 46
a 6 46 60
a 6 60 85
a 6 5 85
a 6 85 40
a 6 40 83
a 6 3 83
a 6 83 61
a 6 61 49
a 6 49 117
a 6 37 117
a 6 117 29
a 6 29 70
a 6 70 54
a 6 54 28
a 6 28 77
a 6 77 47
a 6 47 58
a 6 58 38
a 6 38 94
a 6 14 94
a 6 94 52
a 6 52 53
a 6 53 78
a 6 78 68
a 6 68 116
a 6 36 116
a 6 116 48
a 6 48 155
a 6 75 155
a 6 155 113
a 6 33 113
a 6 113 119
a 6 39 119
a 6 119 107
a 6 27 107
a 6 107 159
a 6 79 159
a 6 159 135
a 6 55 135
a 6 135 147
a 6 67 147
a 6 147 106
a 6 26 106
a 6 106 101
a 6 21 101
a 6 101 105
a 6 25 105
a 6 105 149
a 6 69 149
a 6 149 126
a 6 46 126
a 6 126 109
a 6 29 109
a 6 109 120
a 6 40 120
a 6 120 140
a 6 60 140
a 6 140 150
a 6 70 150
a 6 150 134
a 6 54 134
a 6 134 141
a 6 61 141
a 6 141 129
a 6 49 129
a 6 129 158
a 6 78 158
a 6 158 108
a 6 28 108
a 6 108 127
a 6 47 127
a 6 127 148
a 6 68 148
a 6 148 118
a 6 38 118
a 6 118 128
a 6 48 128
a 6 128 157
a 6 77 157
a 6 157 133
a 6 53 133
a 6 133 132
a 6 52 132
a 6 132 138
a 6 58 138
a 6 138 161
a 7 160 4
a 7 4 9
a 7 9 20
a 7 20 35
a 7 35 6
a 7 6 30
a 7 30 42
a 7 42 62
a 7 62 24
a 7 24 22
a 7 22 45
a 7 45 31
a 7 31 44
a 7 44 12
a 7 12 23
a 7 23 1
a 7 1 74
a 7 74 13
a 7 13 34
a 7 34 72
a 7 72 7
a 7 7 5
a 7 5 41
a 7 41 36
a 7 36 14
a 7 14 84
a 7 4 84
a 7 84 89
a 7 9 89
a 7 89 100
a 7 20 100
a 7 100 86
a 7 6 86
a 7 86 115
a 7 35 115
a 7 115 59
a 7 59 75
a 7 75 122
a 7 42 122
a 7 122 27
a 7 27 111
a 7 31 111
a 7 111 104
a 7 24 104
a 7 104 110
a 7 30 110
a 7 110 142
a 7 62 142
a 7 142 33
a 7 33 55
a 7 55 125
a 7 45 125
a 7 125 39
a 7 39 26
a 7 26 21
a 7 21 92
a 7 12 92
a 7 92 102
a 7 22 102
a 7 102 124
a 7 44 124
a 7 124 103
a 7 23 103
a 7 103 81
a 7 1 81
a 7 81 152
a 7 72 152
a 7 152 93
a 7 13 93
a 7 93 87
a 7 7 87
a 7 87 114
a 7 34 114
a 7 114 76
a 7 76 154
a 7 74 154
a 7 154 73
a 7 73 57
a 7 57 121
a 7 41 121
a 7 121 65
a 7 65 32
a 7 32 46
a 7 46 50
a 7 50 85
a 7 5 85
a 7 85 40
a 7 40 66
a 7 66 56
a 7 56 61
a 7 61 29
a 7 29 70
a 7 70 54
a 7 54 28
a 7 28 77
a 7 77 47
a 7 47 58
a 7 58 38
a 7 38 94
a 7 14 94
a 7 94 52
a 7 52 78
a 7 78 68
a 7 68 116
a 7 36 116
a 7 116 48
a 7 48 139
a 7 59 139
a 7 139 155
a 7 75 155
a 7 155 113
a 7 33 113
a 7 113 119
a 7 39 119
a 7 119 107
a 7 27 107
a 7 107 135
a 7 55 135
a 7 135 106
a 7 26 106
a 7 106 101
a 7 21 101
a 7 101 130
a 7 50 130
a 7 130 156
a 7 76 156
a 7 156 137
a 7 57 137
a 7 137 153
a 7 73 153
a 7 153 126
a 7 46 126
a 7 126 146
a 7 66 146
a 7 146 109
a 7 29 109
a 7 109 120
a 7 40 120
a 7 120 145
a 7 65 145
a 7 145 112
a 7 32 112
a 7 112 136
a 7 56 136
a 7 136 150
a 7 70 150
a 7 150 134
a 7 54 134
a 7 134 141
a 7 61 141
a 7 141 158
a 7 78 158
a 7 158 108
a 7 28 108
a 7 108 127
a 7 47 127
a 7 127 148
a 7 68 148
a 7 148 118
a 7 38 118
a 7 118 128
a 7 48 128
a 7 128 157
a 7 77 157
a 7 157 132
a 7 52 132
a 7 132 138
a 7 58 138
a 7 138 161
a 8 160 16
a 8 16 20
a 8 20 51
a 8 51 0
a 8 0 64
a 8 64 11
a 8 11 10
a 8 10 62
a 8 62 63
a 8 63 43
a 8 43 15
a 8 15 22
a 8 22 45
a 8 45 31
a 8 31 12
a 8 12 23
a 8 23 8
a 8 8 1
a 8 1 74
a 8 74 13
a 8 13 34
a 8 34 72
a 8 72 7
a 8 7 5
a 8 5 41
a 8 41 3
a 8 3 17
a 8 17 14
a 8 14 96
a 8 16 96
a 8 96 131
a 8 51 131
a 8 131 80
a 8 0 80
a 8 80 100
a 8 20 100
a 8 100 144
a 8 64 144
a 8 144 123
a 8 43 123
a 8 123 27
a 8 27 91
a 8 11 91
a 8 91 111
a 8 31 111
a 8 111 143
a 8 63 143
a 8 143 142
a 8 62 142
a 8 142 90
a 8 10 90
a 8 90 55
a 8 55 79
a 8 79 125
a 8 45 125
a 8 125 95
a 8 15 95
a 8 95 39
a 8 39 26
a 8 26 21
a 8 21 92
a 8 12 92
a 8 92 102
a 8 22 102
a 8 102 103
a 8 23 103
a 8 103 67
a 8 67 81
a 8 1 81
a 8 81 88
a 8 8 88
a 8 88 25
a 8 25 152
a 8 72 152
a 8 152 93
a 8 13 93
a 8 93 87
a 8 7 87
a 8 87 114
a 8 34 114
a 8 114 69
a 8 69 76
a 8 76 154
a 8 74 154
a 8 154 73
a 8 73 121
a 8 41 121
a 8 121 65
a 8 65 32
a 8 32 46
a 8 46 85
a 8 5 85
a 8 85 40
a 8 40 66
a 8 66 83
a 8 3 83
a 8 83 97
a 8 17 97
a 8 97 56
a 8 56 71
a 8 71 29
a 8 29 77
a 8 77 47
a 8 47 58
a 8 58 38
a 8 38 94
a 8 14 94
a 8 94 52
a 8 52 78
a 8 78 119
a 8 39 119
a 8 119 107
a 8 27 107
a 8 107 159
a 8 79 159
a 8 159 135
a 8 55 135
a 8 135 147
a 8 67 147
a 8 147 106
a 8 26 106
a 8 106 101
a 8 21 101
a 8 101 105
a 8 25 105
a 8 105 149
a 8 69 149
a 8 149 156
a 8 76 156
a 8 156 151
a 8 71 151
a 8 151 153
a 8 73 153
a 8 153 126
a 8 46 126
a 8 126 146
a 8 66 146
a 8 146 109
a 8 29 109
a 8 109 120
a 8 40 120
a 8 120 145
a 8 65 145
a 8 145 112
a 8 32 112
a 8 112 136
a 8 56 136
a 8 136 158
a 8 78 158
a 8 158 127
a 8 47 127
a 8 127 118
a 8 38 118
a 8 118 157
a 8 77 157
a 8 157 132
a 8 52 132
a 8 132 138
a 8 58 138
a 8 138 161
a 9 160 16
a 9 16 18
a 9 18 20
a 9 20 51
a 9 51 35
a 9 35 6
a 9 6 19
a 9 19 42
a 9 42 10
a 9 10 62
a 9 62 63
a 9 63 43
a 9 43 24
a 9 24 45
a 9 45 31
a 9 31 12
a 9 12 23
a 9 23 8
a 9 8 74
a 9 74 13
a 9 13 5
a 9 5 37
a 9 37 14
a 9 14 98
a 9 18 98
a 9 98 96
a 9 16 96
a 9 96 131
a 9 51 131
a 9 131 100
a 9 20 100
a 9 100 86
a 9 6 86
a 9 86 115
a 9 35 115
a 9 115 59
a 9 59 99
a 9 19 99
a 9 99 75
a 9 75 123
a 9 43 123
a 9 123 122
a 9 42 122
a 9 122 111
a 9 31 111
a 9 111 143
a 9 63 143
a 9 143 104
a 9 24 104
a 9 104 142
a 9 62 142
a 9 142 90
a 9 10 90
a 9 90 55
a 9 55 79
a 9 79 125
a 9 45 125
a 9 125 21
a 9 21 92
a 9 12 92
a 9 92 103
a 9 23 103
a 9 103 67
a 9 67 88
a 9 8 88
a 9 88 25
a 9 25 93
a 9 13 93
a 9 93 69
a 9 69 76
a 9 76 154
a 9 74 154
a 9 154 57
a 9 57 65
a 9 65 46
a 9 46 2
a 9 2 60
a 9 60 85
a 9 5 85
a 9 85 66
a 9 66 56
a 9 56 71
a 9 71 49
a 9 49 117
a 9 37 117
a 9 117 70
a 9 70 54
a 9 54 28
a 9 28 77
a 9 77 58
a 9 58 38
a 9 38 94
a 9 14 94
a 9 94 52
a 9 52 53
a 9 53 78
a 9 78 68
a 9 68 48
a 9 48 139
a 9 59 139
a 9 139 155
a 9 75 155
a 9 155 159
a 9 79 159
a 9 159 135
a 9 55 135
a 9 135 147
a 9 67 147
a 9 147 101
a 9 21 101
a 9 101 105
a 9 25 105
a 9 105 149
a 9 69 149
a 9 149 156
a 9 76 156
a 9 156 137
a 9 57 137
a 9 137 151
a 9 71 151
a 9 151 126
a 9 46 126
a 9 126 146
a 9 66 146
a 9 146 145
a 9 65 145
a 9 145 82
a 9 2 82
a 9 82 136
a 9 56 136
a 9 136 140
a 9 60 140
a 9 140 150
a 9 70 150
a 9 150 134
a 9 54 134
a 9 134 129
a 9 49 129
a 9 129 158
a 9 78 158
a 9 158 108
a 9 28 108
a 9 108 148
a 9 68 148
a 9 148 118
a 9 38 118
a 9 118 128
a 9 48 128
a 9 128 157
a 9 77 157
a 9 157 133
a 9 53 133
a 9 133 132
a 9 52 132
a 9 132 138
a 9 58 138
a 9 138 161
a 10 160 16
a 10 16 18
a 10 18 9
a 10 9 35
a 10 35 6
a 10 6 0
a 10 0 64
a 10 64 11
a 10 11 30
a 10 30 42
a 10 42 19
a 10 19 10
a 10 10 62
a 10 62 63
a 10 63 43
a 10 43 24
a 10 24 15
a 10 15 22
a 10 22 45
a 10 45 44
a 10 44 12
a 10 12 23
a 10 23 1
a 10 1 74
a 10 74 13
a 10 13 72
a 10 72 7
a 10 7 5
a 10 5 41
a 10 41 17
a 10 17 37
a 10 37 36
a 10 36 98
a 10 18 98
a 10 98 96
a 10 16 96
a 10 96 89
a 10 9 89
a 10 89 80
a 10 0 80
a 10 80 86
a 10 6 86
a 10 86 115
a 10 35 115
a 10 115 59
a 10 59 99
a 10 19 99
a 10 99 144
a 10 64 144
a 10 144 75
a 10 75 123
a 10 43 123
a 10 123 122
a 10 42 122
a 10 122 91
a 10 11 91
a 10 91 143
a 10 63 143
a 10 143 104
a 10 24 104
a 10 104 110
a 10 30 110
a 10 110 142
a 10 62 142
a 10 142 90
a 10 10 90
a 10 90 55
a 10 55 79
a 10 79 125
a 10 45 125
a 10 125 95
a 10 15 95
a 10 95 26
a 10 26 92
a 10 12 92
a 10 92 102
a 10 22 102
a 10 102 124
a 10 44 124
a 10 124 103
a 10 23 103
a 10 103 67
a 10 67 81
a 10 1 81
a 10 81 25
a 10 25 152
a 10 72 152
a 10 152 93
a 10 13 93
a 10 93 87
a 10 7 87
a 10 87 69
a 10 69 76
a 10 76 154
a 10 74 154
a 10 154 57
a 10 57 121
a 10 41 121
a 10 121 65
a 10 65 60
a 10 60 85
a 10 5 85
a 10 85 40
a 10 40 97
a 10 17 97
a 10 97 56
a 10 56 71
a 10 71 49
a 10 49 117
a 10 37 117
a 10 117 29
a 10 29 70
a 10 70 54
a 10 54 28
a 10 28 47
a 10 47 38
a 10 38 52
a 10 52 78
a 10 78 68
a 10 68 116
a 10 36 116
a 10 116 139
a 10 59 139
a 10 139 155
a 10 75 155
a 10 155 159
a 10 79 159
a 10 159 135
a 10 55 135
a 10 135 147
a 10 67 147
a 10 147 106
a 10 26 106
a 10 106 105
a 10 25 105
a 10 105 149
a 10 69 149
a 10 149 156
a 10 76 156
a 10 156 137
a 10 57 137
a 10 137 151
a 10 71 151
a 10 151 109
a 10 29 109
a 10 109 120
a 10 40 120
a 10 120 145
a 10 65 145
a 10 145 136
a 10 56 136
a 10 136 140
a 10 60 140
a 10 140 150
a 10 70 150
a 10 150 134
a 10 54 134
a 10 134 129
a 10 49 129
a 10 129 158
a 10 78 158
a 10 158 108
a 10 28 108
a 10 108 127
a 10 47 127
a 10 127 148
a 10 68 148
a 10 148 118
a 10 38 118
a 10 118 132
a 10 52 132
a 10 132 161
a 11 160 16
a 11 16 4
a 11 4 20
a 11 20 51
a 11 51 6
a 11 6 0
a 11 0 11
a 11 11 30
a 11 30 19
a 11 19 42
a 11 42 10
a 11 10 62
a 11 62 24
a 11 24 15
a 11 15 22
a 11 22 12
a 11 12 1
a 11 1 74
a 11 74 13
a 11 13 34
a 11 34 72
a 11 72 7
a 11 7 5
a 11 5 41
a 11 41 3
a 11 3 17
a 11 17 37
a 11 37 84
a 11 4 84
a 11 84 96
a 11 16 96
a 11 96 131
a 11 51 131
a 11 131 80
a 11 0 80
a 11 80 100
a 11 20 100
a 11 100 86
a 11 6 86
a 11 86 59
a 11 59 99
a 11 19 99
a 11 99 75
a 11 75 122
a 11 42 122
a 11 122 27
a 11 27 91
a 11 11 91
a 11 91 104
a 11 24 104
a 11 104 110
a 11 30 110
a 11 110 142
a 11 62 142
a 11 142 33
a 11 33 90
a 11 10 90
a 11 90 95
a 11 15 95
a 11 95 39
a 11 39 26
a 11 26 92
a 11 12 92
a 11 92 102
a 11 22 102
a 11 102 67
a 11 67 81
a 11 1 81
a 11 81 152
a 11 72 152
a 11 152 93
a 11 13 93
a 11 93 87
a 11 7 87
a 11 87 114
a 11 34 114
a 11 114 69
a 11 69 76
a 11 76 154
a 11 74 154
a 11 154 73
a 11 73 57
a 11 57 121
a 11 41 121
a 11 121 65
a 11 65 50
a 11 50 60
a 11 60 85
a 11 5 85
a 11 85 83
a 11 3 83
a 11 83 97
a 11 17 97
a 11 97 71
a 11 71 61
a 11 61 49
a 11 49 117
a 11 37 117
a 11 117 54
a 11 54 28
a 11 28 47
a 11 47 58
a 11 58 38
a 11 38 52
a 11 52 53
a 11 53 78
a 11 78 68
a 11 68 139
a 11 59 139
a 11 139 155
a 11 75 155
a 11 155 113
a 11 33 113
a 11 113 119
a 11 39 119
a 11 119 107
a 11 27 107
a 11 107 147
a 11 67 147
a 11 147 106
a 11 26 106
a 11 106 130
a 11 50 130
a 11 130 149
a 11 69 149
a 11 149 156
a 11 76 156
a 11 156 137
a 11 57 137
a 11 137 151
a 11 71 151
a 11 151 153
a 11 73 153
a 11 153 145
a 11 65 145
a 11 145 140
a 11 60 140
a 11 140 134
a 11 54 134
a 11 134 141
a 11 61 141
a 11 141 129
a 11 49 129
a 11 129 158
a 11 78 158
a 11 158 108
a 11 28 108
a 11 108 127
a 11 47 127
a 11 127 148
a 11 68 148
a 11 148 118
a 11 38 118
a 11 118 133
a 11 53 133
a 11 133 132
a 11 52 132
a 11 132 138
a 11 58 138
a 11 138 161
a 12 160 16
a 12 16 4
a 12 4 18
a 12 18 51
a 12 51 35
a 12 35 0
a 12 0 64
a 12 64 30
a 12 30 11
a 12 11 42
a 12 42 10
a 12 10 43
a 12 43 24
a 12 24 15
a 12 15 22
a 12 22 45
a 12 45 31
a 12 31 12
a 12 12 23
a 12 23 1
a 12 1 74
a 12 74 13
a 12 13 7
a 12 7 5
a 12 5 17
a 12 17 36
a 12 36 14
a 12 14 84
a 12 4 84
a 12 84 98
a 12 18 98
a 12 98 96
a 12 16 96
a 12 96 131
a 12 51 131
a 12 131 80
a 12 0 80
a 12 80 115
a 12 35 115
a 12 115 59
a 12 59 144
a 12 64 144
a 12 144 75
a 12 75 123
a 12 43 123
a 12 123 122
a 12 42 122
a 12 122 27
a 12 27 91
a 12 11 91
a 12 91 111
a 12 31 111
a 12 111 110
a 12 30 110
a 12 110 104
a 12 24 104
a 12 104 33
a 12 33 90
a 12 10 90
a 12 90 125
a 12 45 125
a 12 125 95
a 12 15 95
a 12 95 21
a 12 21 92
a 12 12 92
a 12 92 102
a 12 22 102
a 12 102 103
a 12 23 103
a 12 103 67
a 12 67 81
a 12 1 81
a 12 81 93
a 12 13 93
a 12 93 87
a 12 7 87
a 12 87 76
a 12 76 154
a 12 74 154
a 12 154 57
a 12 57 65
a 12 65 32
a 12 32 46
a 12 46 2
a 12 2 50
a 12 50 85
a 12 5 85
a 12 85 40
a 12 40 66
a 12 66 97
a 12 17 97
a 12 97 61
a 12 61 49
a 12 49 70
a 12 70 54
a 12 54 77
a 12 77 47
a 12 47 38
a 12 38 94
a 12 14 94
a 12 94 52
a 12 52 53
a 12 53 78
a 12 78 116
a 12 36 116
a 12 116 139
a 12 59 139
a 12 139 155
a 12 75 155
a 12 155 113
a 12 33 113
a 12 113 107
a 12 27 107
a 12 107 147
a 12 67 147
a 12 147 101
a 12 21 101
a 12 101 130
a 12 50 130
a 12 130 156
a 12 76 156
a 12 156 137
a 12 57 137
a 12 137 126
a 12 46 126
a 12 126 146
a 12 66 146
a 12 146 120
a 12 40 120
a 12 120 145
a 12 65 145
a 12 145 112
a 12 32 112
a 12 112 82
a 12 2 82
a 12 82 150
a 12 70 150
a 12 150 134
a 12 54 134
a 12 134 141
a 12 61 141
a 12 141 129
a 12 49 129
a 12 129 158
a 12 78 158
a 12 158 127
a 12 47 127
a 12 127 118
a 12 38 118
a 12 118 157
a 12 77 157
a 12 157 133
a 12 53 133
a 12 133 132
a 12 52 132
a 12 132 161
a 13 160 16
a 13 16 4
a 13 4 18
a 13 18 20
a 13 20 51
a 13 51 35
a 13 35 6
a 13 6 0
a 13 0 64
a 13 64 30
a 13 30 42
a 13 42 10
a 13 10 63
a 13 63 43
a 13 43 15
a 13 15 22
a 13 22 45
a 13 45 44
a 13 44 12
a 13 12 23
a 13 23 74
a 13 74 34
a 13 34 5
a 13 5 41
a 13 41 3
a 13 3 36
a 13 36 84
a 13 4 84
a 13 84 98
a 13 18 98
a 13 98 96
a 13 16 96
a 13 96 131
a 13 51 131
a 13 131 80
a 13 0 80
a 13 80 100
a 13 20 100
a 13 100 86
a 13 6 86
a 13 86 115
a 13 35 115
a 13 115 59
a 13 59 144
a 13 64 144
a 13 144 75
a 13 75 123
a 13 43 123
a 13 123 122
a 13 42 122
a 13 122 27
a 13 27 143
a 13 63 143
a 13 143 110
a 13 30 110
a 13 110 90
a 13 10 90
a 13 90 79
a 13 79 125
a 13 45 125
a 13 125 95
a 13 15 95
a 13 95 39
a 13 39 21
a 13 21 92
a 13 12 92
a 13 92 102
a 13 22 102
a 13 102 124
a 13 44 124
a 13 124 103
a 13 23 103
a 13 103 25
a 13 25 114
a 13 34 114
a 13 114 69
a 13 69 154
a 13 74 154
a 13 154 73
a 13 73 121
a 13 41 121
a 13 121 46
a 13 46 2
a 13 2 60
a 13 60 85
a 13 5 85
a 13 85 40
a 13 40 66
a 13 66 83
a 13 3 83
a 13 83 56
a 13 56 71
a 13 71 61
a 13 61 29
a 13 29 70
a 13 70 28
a 13 28 77
a 13 77 47
a 13 47 38
a 13 38 52
a 13 52 68
a 13 68 116
a 13 36 116
a 13 116 139
a 13 59 139
a 13 139 155
a 13 75 155
a 13 155 119
a 13 39 119
a 13 119 107
a 13 27 107
a 13 107 159
a 13 79 159
a 13 159 101
a 13 21 101
a 13 101 105
a 13 25 105
a 13 105 149
a 13 69 149
a 13 149 151
a 13 71 151
a 13 151 153
a 13 73 153
a 13 153 126
a 13 46 126
a 13 126 146
a 13 66 146
a 13 146 109
a 13 29 109
a 13 109 120
a 13 40 120
a 13 120 82
a 13 2 82
a 13 82 136
a 13 56 136
a 13 136 140
a 13 60 140
a 13 140 150
a 13 70 150
a 13 150 141
a 13 61 141
a 13 141 108
a 13 28 108
a 13 108 127
a 13 47 127
a 13 127 148
a 13 68 148
a 13 148 118
a 13 38 118
a 13 118 157
a 13 77 157
a 13 157 132
a 13 52 132
a 13 132 161
a 14 160 16
a 14 16 4
a 14 4 18
a 14 18 20
a 14 20 51
a 14 51 35
a 14 35 6
a 14 6 64
a 14 64 11
a 14 11 30
a 14 30 19
a 14 19 42
a 14 42 10
a 14 10 63
a 14 63 43
a 14 43 24
a 14 24 15
a 14 15 22
a 14 22 45
a 14 45 31
a 14 31 12
a 14 12 23
a 14 23 8
a 14 8 74
a 14 74 13
a 14 13 7
a 14 7 5
a 14 5 41
a 14 41 3
a 14 3 17
a 14 17 36
a 14 36 84
a 14 4 84
a 14 84 98
a 14 18 98
a 14 98 96
a 14 16 96
a 14 96 131
a 14 51 131
a 14 131 100
a 14 20 100
a 14 100 86
a 14 6 86
a 14 86 115
a 14 35 115
a 14 115 99
a 14 19 99
a 14 99 144
a 14 64 144
a 14 144 75
a 14 75 123
a 14 43 123
a 14 123 122
a 14 42 122
a 14 122 91
a 14 11 91
a 14 91 111
a 14 31 111
a 14 111 143
a 14 63 143
a 14 143 104
a 14 24 104
a 14 104 110
a 14 30 110
a 14 110 33
a 14 33 90
a 14 10 90
a 14 90 55
a 14 55 125
a 14 45 125
a 14 125 95
a 14 15 95
a 14 95 21
a 14 21 92
a 14 12 92
a 14 92 102
a 14 22 102
a 14 102 103
a 14 23 103
a 14 103 67
a 14 67 88
a 14 8 88
a 14 88 25
a 14 25 93
a 14 13 93
a 14 93 87
a 14 7 87
a 14 87 76
a 14 76 154
a 14 74 154
a 14 154 73
a 14 73 121
a 14 41 121
a 14 121 32
a 14 32 46
a 14 46 2
a 14 2 50
a 14 50 60
a 14 60 85
a 14 5 85
a 14 85 40
a 14 40 66
a 14 66 83
a 14 3 83
a 14 83 97
a 14 17 97
a 14 97 56
a 14 56 71
a 14 71 61
a 14 61 49
a 14 49 29
a 14 29 54
a 14 54 28
a 14 28 47
a 14 47 58
a 14 58 38
a 14 38 52
a 14 52 53
a 14 53 78
a 14 78 68
a 14 68 116
a 14 36 116
a 14 116 48
a 14 48 155
a 14 75 155
a 14 155 113
a 14 33 113
a 14 113 135
a 14 55 135
a 14 135 147
a 14 67 147
a 14 147 101
a 14 21 101
a 14 101 105
a 14 25 105
a 14 105 130
a 14 50 130
a 14 130 156
a 14 76 156
a 14 156 151
a 14 71 151
a 14 151 153
a 14 73 153
a 14 153 126
a 14 46 126
a 14 126 146
a 14 66 146
a 14 146 109
a 14 29 109
a 14 109 120
a 14 40 120
a 14 120 112
a 14 32 112
a 14 112 82
a 14 2 82
a 14 82 136
a 14 56 136
a 14 136 140
a 14 60 140
a 14 140 134
a 14 54 134
a 14 134 141
a 14 61 141
a 14 141 129
a 14 49 129
a 14 129 158
a 14 78 158
a 14 158 108
a 14 28 108
a 14 108 127
a 14 47 127
a 14 127 148
a 14 68 148
a 14 148 118
a 14 38 118
a 14 118 128
a 14 48 128
a 14 128 133
a 14 53 133
a 14 133 132
a 14 52 132
a 14 132 138
a 14 58 138
a 14 138 161
a 15 160 4
a 15 4 9
a 15 9 20
a 15 20 51
a 15 51 35
a 15 35 6
a 15 6 0
a 15 0 11
a 15 11 19
a 15 19 10
a 15 10 62
a 15 62 63
a 15 63 24
a 15 24 15
a 15 15 45
a 15 45 31
a 15 31 44
a 15 44 8
a 15 8 1
a 15 1 74
a 15 74 13
a 15 13 34
a 15 34 72
a 15 72 7
a 15 7 5
a 15 5 3
a 15 3 17
a 15 17 37
a 15 37 14
a 15 14 84
a 15 4 84
a 15 84 131
a 15 51 131
a 15 131 89
a 15 9 89
a 15 89 80
a 15 0 80
a 15 80 100
a 15 20 100
a 15 100 86
a 15 6 86
a 15 86 115
a 15 35 115
a 15 115 59
a 15 59 99
a 15 19 99
a 15 99 75
a 15 75 91
a 15 11 91
a 15 91 111
a 15 31 111
a 15 111 143
a 15 63 143
a 15 143 104
a 15 24 104
a 15 104 142
a 15 62 142
a 15 142 90
a 15 10 90
a 15 90 79
a 15 79 125
a 15 45 125
a 15 125 95
a 15 15 95
a 15 95 21
a 15 21 124
a 15 44 124
a 15 124 81
a 15 1 81
a 15 81 88
a 15 8 88
a 15 88 152
a 15 72 152
a 15 152 93
a 15 13 93
a 15 93 87
a 15 7 87
a 15 87 114
a 15 34 114
a 15 114 76
a 15 76 154
a 15 74 154
a 15 154 73
a 15 73 65
a 15 65 32
a 15 32 46
a 15 46 2
a 15 2 60
a 15 60 85
a 15 5 85
a 15 85 40
a 15 40 66
a 15 66 83
a 15 3 83
a 15 83 97
a 15 17 97
a 15 97 56
a 15 56 71
a 15 71 49
a 15 49 117
a 15 37 117
a 15 117 29
a 15 29 70
a 15 70 28
a 15 28 77
a 15 77 47
a 15 47 58
a 15 58 38
a 15 38 94
a 15 14 94
a 15 94 52
a 15 52 53
a 15 53 78
a 15 78 48
a 15 48 139
a 15 59 139
a 15 139 155
a 15 75 155
a 15 155 159
a 15 79 159
a 15 159 101
a 15 21 101
a 15 101 156
a 15 76 156
a 15 156 151
a 15 71 151
a 15 151 153
a 15 73 153
a 15 153 126
a 15 46 126
a 15 126 146
a 15 66 146
a 15 146 109
a 15 29 109
a 15 109 120
a 15 40 120
a 15 120 145
a 15 65 145
a 15 145 112
a 15 32 112
a 15 112 82
a 15 2 82
a 15 82 136
a 15 56 136
a 15 136 140
a 15 60 140
a 15 140 150
a 15 70 150
a 15 150 129
a 15 49 129
a 15 129 158
a 15 78 158
a 15 158 108
a 15 28 108
a 15 108 127
a 15 47 127
a 15 127 118
a 15 38 118
a 15 118 128
a 15 48 128
a 15 128 157
a 15 77 157
a 15 157 133
a 15 53 133
a 15 133 132
a 15 52 132
a 15 132 138
a 15 58 138
a 15 138 161
a 16 160 4
a 16 4 18
a 16 18 9
a 16 9 20
a 16 20 51
a 16 51 35
a 16 35 19
a 16 19 42
a 16 42 10
a 16 10 63
a 16 63 15
a 16 15 22
a 16 22 45
a 16 45 31
a 16 31 44
a 16 44 12
a 16 12 23
a 16 23 8
a 16 8 1
a 16 1 13
a 16 13 34
a 16 34 72
a 16 72 3
a 16 3 17
a 16 17 37
a 16 37 14
a 16 14 84
a 16 4 84
a 16 84 98
a 16 18 98
a 16 98 131
a 16 51 131
a 16 131 89
a 16 9 89
a 16 89 100
a 16 20 100
a 16 100 115
a 16 35 115
a 16 115 59
a 16 59 99
a 16 19 99
a 16 99 75
a 16 75 122
a 16 42 122
a 16 122 111
a 16 31 111
a 16 111 143
a 16 63 143
a 16 143 90
a 16 10 90
a 16 90 55
a 16 55 125
a 16 45 125
a 16 125 95
a 16 15 95
a 16 95 26
a 16 26 21
a 16 21 92
a 16 12 92
a 16 92 102
a 16 22 102
a 16 102 124
a 16 44 124
a 16 124 103
a 16 23 103
a 16 103 67
a 16 67 81
a 16 1 81
a 16 81 88
a 16 8 88
a 16 88 152
a 16 72 152
a 16 152 93
a 16 13 93
a 16 93 114
a 16 34 114
a 16 114 76
a 16 76 73
a 16 73 57
a 16 57 65
a 16 65 32
a 16 32 46
a 16 46 40
a 16 40 83
a 16 3 83
a 16 83 97
a 16 17 97
a 16 97 71
a 16 71 61
a 16 61 49
a 16 49 117
a 16 37 117
a 16 117 29
a 16 29 70
a 16 70 47
a 16 47 58
a 16 58 38
a 16 38 94
a 16 14 94
a 16 94 52
a 16 52 53
a 16 53 78
a 16 78 139
a 16 59 139
a 16 139 155
a 16 75 155
a 16 155 135
a 16 55 135
a 16 135 147
a 16 67 147
a 16 147 106
a 16 26 106
a 16 106 101
a 16 21 101
a 16 101 156
a 16 76 156
a 16 156 137
a 16 57 137
a 16 137 151
a 16 71 151
a 16 151 153
a 16 73 153
a 16 153 126
a 16 46 126
a 16 126 109
a 16 29 109
a 16 109 120
a 16 40 120
a 16 120 145
a 16 65 145
a 16 145 112
a 16 32 112
a 16 112 150
a 16 70 150
a 16 150 141
a 16 61 141
a 16 141 129
a 16 49 129
a 16 129 158
a 16 78 158
a 16 158 127
a 16 47 127
a 16 127 118
a 16 38 118
a 16 118 133
a 16 53 133
a 16 133 132
a 16 52 132
a 16 132 138
a 16 58 138
a 16 138 161
a 17 160 16
a 17 16 4
a 17 4 18
a 17 18 9
a 17 9 6
a 17 6 0
a 17 0 30
a 17 30 19
a 17 19 42
a 17 42 10
a 17 10 63
a 17 63 43
a 17 43 15
a 17 15 45
a 17 45 23
a 17 23 8
a 17 8 1
a 17 1 74
a 17 74 13
a 17 13 34
a 17 34 7
a 17 7 3
a 17 3 17
a 17 17 37
a 17 37 36
a 17 36 84
a 17 4 84
a 17 84 98
a 17 18 98
a 17 98 96
a 17 16 96
a 17 96 89
a 17 9 89
a 17 89 80
a 17 0 80
a 17 80 86
a 17 6 86
a 17 86 99
a 17 19 99
a 17 99 75
a 17 75 123
a 17 43 123
a 17 123 122
a 17 42 122
a 17 122 27
a 17 27 143
a 17 63 143
a 17 143 110
a 17 30 110
a 17 110 33
a 17 33 90
a 17 10 90
a 17 90 79
a 17 79 125
a 17 45 125
a 17 125 95
a 17 15 95
a 17 95 39
a 17 39 21
a 17 21 103
a 17 23 103
a 17 103 67
a 17 67 81
a 17 1 81
a 17 81 88
a 17 8 88
a 17 88 25
a 17 25 93
a 17 13 93
a 17 93 87
a 17 7 87
a 17 87 114
a 17 34 114
a 17 114 69
a 17 69 76
a 17 76 154
a 17 74 154
a 17 154 73
a 17 73 65
a 17 65 32
a 17 32 46
a 17 46 2
a 17 2 60
a 17 60 40
a 17 40 66
a 17 66 83
a 17 3 83
a 17 83 97
a 17 17 97
a 17 97 71
a 17 71 117
a 17 37 117
a 17 117 29
a 17 29 70
a 17 70 77
a 17 77 47
a 17 47 38
a 17 38 52
a 17 52 78
a 17 78 68
a 17 68 116
a 17 36 116
a 17 116 48
a 17 48 155
a 17 75 155
a 17 155 113
a 17 33 113
a 17 113 119
a 17 39 119
a 17 119 107
a 17 27 107
a 17 107 159
a 17 79 159
a 17 159 147
a 17 67 147
a 17 147 101
a 17 21 101
a 17 101 105
a 17 25 105
a 17 105 149
a 17 69 149
a 17 149 156
a 17 76 156
a 17 156 151
a 17 71 151
a 17 151 153
a 17 73 153
a 17 153 126
a 17 46 126
a 17 126 146
a 17 66 146
a 17 146 109
a 17 29 109
a 17 109 120
a 17 40 120
a 17 120 145
a 17 65 145
a 17 145 112
a 17 32 112
a 17 112 82
a 17 2 82
a 17 82 140
a 17 60 140
a 17 140 150
a 17 70 150
a 17 150 158
a 17 78 158
a 17 158 127
a 17 47 127
a 17 127 148
a 17 68 148
a 17 148 118
a 17 38 118
a 17 118 128
a 17 48 128
a 17 128 157
a 17 77 157
a 17 157 132
a 17 52 132
a 17 132 161
a 18 160 16
a 18 16 4
a 18 4 18
a 18 18 9
a 18 9 20
a 18 20 51
a 18 51 6
a 18 6 0
a 18 0 64
a 18 64 19
a 18 19 42
a 18 42 10
a 18 10 62
a 18 62 63
a 18 63 43
a 18 43 24
a 18 24 15
a 18 15 22
a 18 22 45
a 18 45 31
a 18 31 44
a 18 44 12
a 18 12 23
a 18 23 1
a 18 1 74
a 18 74 34
a 18 34 72
a 18 72 7
a 18 7 3
a 18 3 17
a 18 17 84
a 18 4 84
a 18 84 98
a 18 18 98
a 18 98 96
a 18 16 96
a 18 96 131
a 18 51 131
a 18 131 89
a 18 9 89
a 18 89 80
a 18 0 80
a 18 80 100
a 18 20 100
a 18 100 86
a 18 6 86
a 18 86 99
a 18 19 99
a 18 99 144
a 18 64 144
a 18 144 75
a 18 75 123
a 18 43 123
a 18 123 122
a 18 42 122
a 18 122 27
a 18 27 111
a 18 31 111
a 18 111 143
a 18 63 143
a 18 143 104
a 18 24 104
a 18 104 142
a 18 62 142
a 18 142 33
a 18 33 90
a 18 10 90
a 18 90 55
a 18 55 79
a 18 79 125
a 18 45 125
a 18 125 95
a 18 15 95
a 18 95 39
a 18 39 26
a 18 26 21
a 18 21 92
a 18 12 92
a 18 92 102
a 18 22 102
a 18 102 124
a 18 44 124
a 18 124 103
a 18 23 103
a 18 103 67
a 18 67 81
a 18 1 81
a 18 81 25
a 18 25 152
a 18 72 152
a 18 152 87
a 18 7 87
a 18 87 114
a 18 34 114
a 18 114 154
a 18 74 154
a 18 154 73
a 18 73 65
a 18 65 32
a 18 32 46
a 18 46 40
a 18 40 66
a 18 66 83
a 18 3 83
a 18 83 97
a 18 17 97
a 18 97 56
a 18 56 71
a 18 71 61
a 18 61 49
a 18 49 29
a 18 29 70
a 18 70 54
a 18 54 28
a 18 28 77
a 18 77 47
a 18 47 58
a 18 58 52
a 18 52 78
a 18 78 68
a 18 68 48
a 18 48 155
a 18 75 155
a 18 155 113
a 18 33 113
a 18 113 119
a 18 39 119
a 18 119 107
a 18 27 107
a 18 107 159
a 18 79 159
a 18 159 135
a 18 55 135
a 18 135 147
a 18 67 147
a 18 147 106
a 18 26 106
a 18 106 101
a 18 21 101
a 18 101 105
a 18 25 105
a 18 105 151
a 18 71 151
a 18 151 153
a 18 73 153
a 18 153 126
a 18 46 126
a 18 126 146
a 18 66 146
a 18 146 109
a 18 29 109
a 18 109 120
a 18 40 120
a 18 120 145
a 18 65 145
a 18 145 112
a 18 32 112
a 18 112 136
a 18 56 136
a 18 136 150
a 18 70 150
a 18 150 134
a 18 54 134
a 18 134 141
a 18 61 141
a 18 141 129
a 18 49 129
a 18 129 158
a 18 78 158
a 18 158 108
a 18 28 108
a 18 108 127
a 18 47 127
a 18 127 148
a 18 68 148
a 18 148 128
a 18 48 128
a 18 128 157
a 18 77 157
a 18 157 132
a 18 52 132
a 18 132 138
a 18 58 138
a 18 138 161
a 19 160 4
a 19 4 6
a 19 6 0
a 19 0 64
a 19 64 11
a 19 11 30
a 19 30 19
a 19 19 63
a 19 63 43
a 19 43 24
a 19 24 15
a 19 15 22
a 19 22 31
a 19 31 12
a 19 12 1
a 19 1 74
a 19 74 34
a 19 34 72
a 19 72 7
a 19 7 5
a 19 5 41
a 19 41 3
a 19 3 17
a 19 17 37
a 19 37 14
a 19 14 84
a 19 4 84
a 19 84 80
a 19 0 80
a 19 80 86
a 19 6 86
a 19 86 59
a 19 59 99
a 19 19 99
a 19 99 144
a 19 64 144
a 19 144 75
a 19 75 123
a 19 43 123
a 19 123 27
a 19 27 91
a 19 11 91
a 19 91 111
a 19 31 111
a 19 111 143
a 19 63 143
a 19 143 104
a 19 24 104
a 19 104 110
a 19 30 110
a 19 110 33
a 19 33 55
a 19 55 95
a 19 15 95
a 19 95 39
a 19 39 92
a 19 12 92
a 19 92 102
a 19 22 102
a 19 102 81
a 19 1 81
a 19 81 152
a 19 72 152
a 19 152 87
a 19 7 87
a 19 87 114
a 19 34 114
a 19 114 69
a 19 69 76
a 19 76 154
a 19 74 154
a 19 154 73
a 19 73 121
a 19 41 121
a 19 121 46
a 19 46 2
a 19 2 60
a 19 60 85
a 19 5 85
a 19 85 83
a 19 3 83
a 19 83 97
a 19 17 97
a 19 97 56
a 19 56 71
a 19 71 61
a 19 61 117
a 19 37 117
a 19 117 70
a 19 70 54
a 19 54 38
a 19 38 94
a 19 14 94
a 19 94 53
a 19 53 139
a 19 59 139
a 19 139 155
a 19 75 155
a 19 155 113
a 19 33 113
a 19 113 119
a 19 39 119
a 19 119 107
a 19 27 107
a 19 107 135
a 19 55 135
a 19 135 149
a 19 69 149
a 19 149 156
a 19 76 156
a 19 156 151
a 19 71 151
a 19 151 153
a 19 73 153
a 19 153 126
a 19 46 126
a 19 126 82
a 19 2 82
a 19 82 136
a 19 56 136
a 19 136 140
a 19 60 140
a 19 140 150
a 19 70 150
a 19 150 134
a 19 54 134
a 19 134 141
a 19 61 141
a 19 141 118
a 19 38 118
a 19 118 133
a 19 53 133
a 19 133 161
a 20 160 16
a 20 16 9
a 20 9 20
a 20 20 51
a 20 51 35
a 20 35 6
a 20 6 0
a 20 0 64
a 20 64 11
a 20 11 19
a 20 19 42
a 20 42 10
a 20 10 63
a 20 63 15
a 20 15 22
a 20 22 45
a 20 45 8
a 20 8 1
a 20 1 13
a 20 13 72
a 20 72 5
a 20 5 14
a 20 14 96
a 20 16 96
a 20 96 131
a 20 51 131
a 20 131 89
a 20 9 89
a 20 89 80
a 20 0 80
a 20 80 100
a 20 20 100
a 20 100 86
a 20 6 86
a 20 86 115
a 20 35 115
a 20 115 99
a 20 19 99
a 20 99 144
a 20 64 144
a 20 144 75
a 20 75 122
a 20 42 122
a 20 122 27
a 20 27 91
a 20 11 91
a 20 91 143
a 20 63 143
a 20 143 90
a 20 10 90
a 20 90 55
a 20 55 79
a 20 79 125
a 20 45 125
a 20 125 95
a 20 15 95
a 20 95 26
a 20 26 21
a 20 21 102
a 20 22 102
a 20 102 67
a 20 67 81
a 20 1 81
a 20 81 88
a 20 8 88
a 20 88 152
a 20 72 152
a 20 152 93
a 20 13 93
a 20 93 69
a 20 69 76
a 20 76 73
a 20 73 57
a 20 57 65
a 20 65 32
a 20 32 46
a 20 46 50
a 20 50 60
a 20 60 85
a 20 5 85
a 20 85 66
a 20 66 56
a 20 56 71
a 20 71 61
a 20 61 29
a 20 29 70
a 20 70 28
a 20 28 47
a 20 47 58
a 20 58 38
a 20 38 94
a 20 14 94
a 20 94 52
a 20 52 48
a 20 48 155
a 20 75 155
a 20 155 107
a 20 27 107
a 20 107 159
a 20 79 159
a 20 159 135
a 20 55 135
a 20 135 147
a 20 67 147
a 20 147 106
a 20 26 106
a 20 106 101
a 20 21 101
a 20 101 130
a 20 50 130
a 20 130 149
a 20 69 149
a 20 149 156
a 20 76 156
a 20 156 137
a 20 57 137
a 20 137 151
a 20 71 151
a 20 151 153
a 20 73 153
a 20 153 126
a 20 46 126
a 20 126 146
a 20 66 146
a 20 146 109
a 20 29 109
a 20 109 145
a 20 65 145
a 20 145 112
a 20 32 112
a 20 112 136
a 20 56 136
a 20 136 140
a 20 60 140
a 20 140 150
a 20 70 150
a 20 150 141
a 20 61 141
a 20 141 108
a 20 28 108
a 20 108 127
a 20 47 127
a 20 127 118
a 20 38 118
a 20 118 128
a 20 48 128
a 20 128 132
a 20 52 132
a 20 132 138
a 20 58 138
a 20 138 161
a 21 160 16
a 21 16 4
a 21 4 51
a 21 51 6
a 21 6 0
a 21 0 11
a 21 11 10
a 21 10 62
a 21 62 63
a 21 63 43
a 21 43 24
a 21 24 45
a 21 45 31
a 21 31 44
a 21 44 23
a 21 23 74
a 21 74 13
a 21 13 72
a 21 72 5
a 21 5 3
a 21 3 17
a 21 17 37
a 21 37 36
a 21 36 84
a 21 4 84
a 21 84 96
a 21 16 96
a 21 96 131
a 21 51 131
a 21 131 80
a 21 0 80
a 21 80 86
a 21 6 86
a 21 86 59
a 21 59 75
a 21 75 123
a 21 43 123
a 21 123 91
a 21 11 91
a 21 91 111
a 21 31 111
a 21 111 143
a 21 63 143
a 21 143 104
a 21 24 104
a 21 104 142
a 21 62 142
a 21 142 33
a 21 33 90
a 21 10 90
a 21 90 55
a 21 55 79
a 21 79 125
a 21 45 125
a 21 125 39
a 21 39 26
a 21 26 21
a 21 21 124
a 21 44 124
a 21 124 103
a 21 23 103
a 21 103 67
a 21 67 152
a 21 72 152
a 21 152 93
a 21 13 93
a 21 93 69
a 21 69 154
a 21 74 154
a 21 154 73
a 21 73 65
a 21 65 32
a 21 32 50
a 21 50 85
a 21 5 85
a 21 85 40
a 21 40 66
a 21 66 83
a 21 3 83
a 21 83 97
a 21 17 97
a 21 97 56
a 21 56 71
a 21 71 61
a 21 61 49
a 21 49 117
a 21 37 117
a 21 117 29
a 21 29 54
a 21 54 28
a 21 28 77
a 21 77 47
a 21 47 58
a 21 58 38
a 21 38 52
a 21 52 78
a 21 78 68
a 21 68 116
a 21 36 116
a 21 116 139
a 21 59 139
a 21 139 155
a 21 75 155
a 21 155 113
a 21 33 113
a 21 113 119
a 21 39 119
a 21 119 159
a 21 79 159
a 21 159 135
a 21 55 135
a 21 135 147
a 21 67 147
a 21 147 106
a 21 26 106
a 21 106 101
a 21 21 101
a 21 101 130
a 21 50 130
a 21 130 149
a 21 69 149
a 21 149 151
a 21 71 151
a 21 151 153
a 21 73 153
a 21 153 146
a 21 66 146
a 21 146 109
a 21 29 109
a 21 109 120
a 21 40 120
a 21 120 145
a 21 65 145
a 21 145 112
a 21 32 112
a 21 112 136
a 21 56 136
a 21 136 134
a 21 54 134
a 21 134 141
a 21 61 141
a 21 141 129
a 21 49 129
a 21 129 158
a 21 78 158
a 21 158 108
a 21 28 108
a 21 108 127
a 21 47 127
a 21 127 148
a 21 68 148
a 21 148 118
a 21 38 118
a 21 118 157
a 21 77 157
a 21 157 132
a 21 52 132
a 21 132 138
a 21 58 138
a 21 138 161
a 22 160 16
a 22 16 4
a 22 4 18
a 22 18 9
a 22 9 20
a 22 20 51
a 22 51 6
a 22 6 0
a 22 0 64
a 22 64 11
a 22 11 30
a 22 30 19
a 22 19 42
a 22 42 10
a 22 10 24
a 22 24 15
a 22 15 22
a 22 22 31
a 22 31 44
a 22 44 1
a 22 1 13
a 22 13 34
a 22 34 72
a 22 72 41
a 22 41 3
a 22 3 17
a 22 17 36
a 22 36 84
a 22 4 84
a 22 84 98
a 22 18 98
a 22 98 96
a 22 16 96
a 22 96 131
a 22 51 131
a 22 131 89
a 22 9 89
a 22 89 80
a 22 0 80
a 22 80 100
a 22 20 100
a 22 100 86
a 22 6 86
a 22 86 59
a 22 59 99
a 22 19 99
a 22 99 144
a 22 64 144
a 22 144 122
a 22 42 122
a 22 122 27
a 22 27 91
a 22 11 91
a 22 91 111
a 22 31 111
a 22 111 104
a 22 24 104
a 22 104 110
a 22 30 110
a 22 110 33
a 22 33 90
a 22 10 90
a 22 90 55
a 22 55 79
a 22 79 95
a 22 15 95
a 22 95 26
a 22 26 21
a 22 21 102
a 22 22 102
a 22 102 124
a 22 44 124
a 22 124 81
a 22 1 81
a 22 81 25
a 22 25 152
a 22 72 152
a 22 152 93
a 22 13 93
a 22 93 114
a 22 34 114
a 22 114 76
a 22 76 73
a 22 73 121
a 22 41 121
a 22 121 65
a 22 65 46
a 22 46 2
a 22 2 50
a 22 50 40
a 22 40 66
a 22 66 83
a 22 3 83
a 22 83 97
a 22 17 97
a 22 97 71
a 22 71 49
a 22 49 54
a 22 54 28
a 22 28 47
a 22 47 58
a 22 58 38
a 22 38 52
a 22 52 53
a 22 53 68
a 22 68 116
a 22 36 116
a 22 116 139
a 22 59 139
a 22 139 113
a 22 33 113
a 22 113 107
a 22 27 107
a 22 107 159
a 22 79 159
a 22 159 135
a 22 55 135
a 22 135 106
a 22 26 106
a 22 106 101
a 22 21 101
a 22 101 105
a 22 25 105
a 22 105 130
a 22 50 130
a 22 130 156
a 22 76 156
a 22 156 151
a 22 71 151
a 22 151 153
a 22 73 153
a 22 153 126
a 22 46 126
a 22 126 146
a 22 66 146
a 22 146 120
a 22 40 120
a 22 120 145
a 22 65 145
a 22 145 82
a 22 2 82
a 22 82 134
a 22 54 134
a 22 134 129
a 22 49 129
a 22 129 108
a 22 28 108
a 22 108 127
a 22 47 127
a 22 127 148
a 22 68 148
a 22 148 118
a 22 38 118
a 22 118 133
a 22 53 133
a 22 133 132
a 22 52 132
a 22 132 138
a 22 58 138
a 22 138 161
a 23 160 4
a 23 4 51
a 23 51 35
a 23 35 0
a 23 0 64
a 23 64 11
a 23 11 30
a 23 30 42
a 23 42 62
a 23 62 63
a 23 63 24
a 23 24 15
a 23 15 45
a 23 45 31
a 23 31 44
a 23 44 12
a 23 12 8
a 23 8 1
a 23 1 13
a 23 13 7
a 23 7 3
a 23 3 17
a 23 17 36
a 23 36 14
a 23 14 84
a 23 4 84
a 23 84 131
a 23 51 131
a 23 131 80
a 23 0 80
a 23 80 115
a 23 35 115
a 23 115 144
a 23 64 144
a 23 144 75
a 23 75 122
a 23 42 122
a 23 122 27
a 23 27 91
a 23 11 91
a 23 91 111
a 23 31 111
a 23 111 143
a 23 63 143
a 23 143 104
a 23 24 104
a 23 104 110
a 23 30 110
a 23 110 142
a 23 62 142
a 23 142 33
a 23 33 125
a 23 45 125
a 23 125 95
a 23 15 95
a 23 95 39
a 23 39 26
a 23 26 21
a 23 21 92
a 23 12 92
a 23 92 124
a 23 44 124
a 23 124 81
a 23 1 81
a 23 81 88
a 23 8 88
a 23 88 25
a 23 25 93
a 23 13 93
a 23 93 87
a 23 7 87
a 23 87 76
a 23 76 73
a 23 73 57
a 23 57 65
a 23 65 46
a 23 46 50
a 23 50 60
a 23 60 40
a 23 40 66
a 23 66 83
a 23 3 83
a 23 83 97
a 23 17 97
a 23 97 56
a 23 56 61
a 23 61 49
a 23 49 29
a 23 29 54
a 23 54 28
a 23 28 77
a 23 77 47
a 23 47 58
a 23 58 94
a 23 14 94
a 23 94 53
a 23 53 78
a 23 78 116
a 23 36 116
a 23 116 48
a 23 48 155
a 23 75 155
a 23 155 113
a 23 33 113
a 23 113 119
a 23 39 119
a 23 119 107
a 23 27 107
a 23 107 106
a 23 26 106
a 23 106 101
a 23 21 101
a 23 101 105
a 23 25 105
a 23 105 130
a 23 50 130
a 23 130 156
a 23 76 156
a 23 156 137
a 23 57 137
a 23 137 153
a 23 73 153
a 23 153 126
a 23 46 126
a 23 126 146
a 23 66 146
a 23 146 109
a 23 29 109
a 23 109 120
a 23 40 120
a 23 120 145
a 23 65 145
a 23 145 136
a 23 56 136
a 23 136 140
a 23 60 140
a 23 140 134
a 23 54 134
a 23 134 141
a 23 61 141
a 23 141 129
a 23 49 129
a 23 129 158
a 23 78 158
a 23 158 108
a 23 28 108
a 23 108 127
a 23 47 127
a 23 127 128
a 23 48 128
a 23 128 157
a 23 77 157
a 23 157 133
a 23 53 133
a 23 133 138
a 23 58 138
a 23 138 161
a 24 160 4
a 24 4 18
a 24 18 9
a 24 9 51
a 24 51 35
a 24 35 6
a 24 6 0
a 24 0 64
a 24 64 11
a 24 11 30
a 24 30 19
a 24 19 62
a 24 62 43
a 24 43 22
a 24 22 45
a 24 45 31
a 24 31 44
a 24 44 23
a 24 23 8
a 24 8 74
a 24 74 13
a 24 13 72
a 24 72 41
a 24 41 3
a 24 3 17
a 24 17 36
a 24 36 14
a 24 14 84
a 24 4 84
a 24 84 98
a 24 18 98
a 24 98 131
a 24 51 131
a 24 131 89
a 24 9 89
a 24 89 80
a 24 0 80
a 24 80 86
a 24 6 86
a 24 86 115
a 24 35 115
a 24 115 99
a 24 19 99
a 24 99 144
a 24 64 144
a 24 144 123
a 24 43 123
a 24 123 27
a 24 27 91
a 24 11 91
a 24 91 111
a 24 31 111
a 24 111 110
a 24 30 110
a 24 110 142
a 24 62 142
a 24 142 33
a 24 33 55
a 24 55 79
a 24 79 125
a 24 45 125
a 24 125 39
a 24 39 26
a 24 26 21
a 24 21 102
a 24 22 102
a 24 102 124
a 24 44 124
a 24 124 103
a 24 23 103
a 24 103 88
a 24 8 88
a 24 88 25
a 24 25 152
a 24 72 152
a 24 152 93
a 24 13 93
a 24 93 76
a 24 76 154
a 24 74 154
a 24 154 73
a 24 73 121
a 24 41 121
a 24 121 65
a 24 65 46
a 24 46 2
a 24 2 60
a 24 60 40
a 24 40 66
a 24 66 83
a 24 3 83
a 24 83 97
a 24 17 97
a 24 97 71
a 24 71 49
a 24 49 54
a 24 54 28
a 24 28 47
a 24 47 58
a 24 58 38
a 24 38 94
a 24 14 94
a 24 94 52
a 24 52 53
a 24 53 68
a 24 68 116
a 24 36 116
a 24 116 48
a 24 48 113
a 24 33 113
a 24 113 119
a 24 39 119
a 24 119 107
a 24 27 107
a 24 107 159
a 24 79 159
a 24 159 135
a 24 55 135
a 24 135 106
a 24 26 106
a 24 106 101
a 24 21 101
a 24 101 105
a 24 25 105
a 24 105 156
a 24 76 156
a 24 156 151
a 24 71 151
a 24 151 153
a 24 73 153
a 24 153 126
a 24 46 126
a 24 126 146
a 24 66 146
a 24 146 120
a 24 40 120
a 24 120 145
a 24 65 145
a 24 145 82
a 24 2 82
a 24 82 140
a 24 60 140
a 24 140 134
a 24 54 134
a 24 134 129
a 24 49 129
a 24 129 108
a 24 28 108
a 24 108 127
a 24 47 127
a 24 127 148
a 24 68 148
a 24 148 118
a 24 38 118
a 24 118 128
a 24 48 128
a 24 128 133
a 24 53 133
a 24 133 132
a 24 52 132
a 24 132 138
a 24 58 138
a 24 138 161
a 25 160 16
a 25 16 4
a 25 4 18
a 25 18 51
a 25 51 35
a 25 35 6
a 25 6 0
a 25 0 11
a 25 11 30
a 25 30 42
a 25 42 10
a 25 10 62
a 25 62 63
a 25 63 43
a 25 43 24
a 25 24 22
a 25 22 45
a 25 45 31
a 25 31 44
a 25 44 12
a 25 12 8
a 25 8 1
a 25 1 74
a 25 74 13
a 25 13 34
a 25 34 72
a 25 72 5
a 25 5 41
a 25 41 3
a 25 3 17
a 25 17 37
a 25 37 14
a 25 14 84
a 25 4 84
a 25 84 98
a 25 18 98
a 25 98 96
a 25 16 96
a 25 96 131
a 25 51 131
a 25 131 80
a 25 0 80
a 25 80 86
a 25 6 86
a 25 86 115
a 25 35 115
a 25 115 75
a 25 75 123
a 25 43 123
a 25 123 122
a 25 42 122
a 25 122 27
a 25 27 91
a 25 11 91
a 25 91 111
a 25 31 111
a 25 111 143
a 25 63 143
a 25 143 104
a 25 24 104
a 25 104 110
a 25 30 110
a 25 110 142
a 25 62 142
a 25 142 33
a 25 33 90
a 25 10 90
a 25 90 79
a 25 79 125
a 25 45 125
a 25 125 26
a 25 26 21
a 25 21 92
a 25 12 92
a 25 92 102
a 25 22 102
a 25 102 124
a 25 44 124
a 25 124 67
a 25 67 81
a 25 1 81
a 25 81 88
a 25 8 88
a 25 88 152
a 25 72 152
a 25 152 93
a 25 13 93
a 25 93 114
a 25 34 114
a 25 114 154
a 25 74 154
a 25 154 73
a 25 73 57
a 25 57 121
a 25 41 121
a 25 121 32
a 25 32 2
a 25 2 50
a 25 50 85
a 25 5 85
a 25 85 40
a 25 40 66
a 25 66 83
a 25 3 83
a 25 83 97
a 25 17 97
a 25 97 56
a 25 56 117
a 25 37 117
a 25 117 54
a 25 54 28
a 25 28 77
a 25 77 47
a 25 47 58
a 25 58 38
a 25 38 94
a 25 14 94
a 25 94 52
a 25 52 53
a 25 53 78
a 25 78 48
a 25 48 155
a 25 75 155
a 25 155 113
a 25 33 113
a 25 113 107
a 25 27 107
a 25 107 159
a 25 79 159
a 25 159 147
a 25 67 147
a 25 147 106
a 25 26 106
a 25 106 101
a 25 21 101
a 25 101 130
a 25 50 130
a 25 130 137
a 25 57 137
a 25 137 153
a 25 73 153
a 25 153 146
a 25 66 146
a 25 146 120
a 25 40 120
a 25 120 112
a 25 32 112
a 25 112 82
a 25 2 82
a 25 82 136
a 25 56 136
a 25 136 134
a 25 54 134
a 25 134 158
a 25 78 158
a 25 158 108
a 25 28 108
a 25 108 127
a 25 47 127
a 25 127 118
a 25 38 118
a 25 118 128
a 25 48 128
a 25 128 157
a 25 77 157
a 25 157 133
a 25 53 133
a 25 133 132
a 25 52 132
a 25 132 138
a 25 58 138
a 25 138 161
a 26 160 4
a 26 4 18
a 26 18 9
a 26 9 51
a 26 51 35
a 26 35 0
a 26 0 64
a 26 64 11
a 26 11 42
a 26 42 10
a 26 10 63
a 26 63 43
a 26 43 15
a 26 15 22
a 26 22 45
a 26 45 1
a 26 1 74
a 26 74 13
a 26 13 72
a 26 72 5
a 26 5 41
a 26 41 3
a 26 3 17
a 26 17 37
a 26 37 36
a 26 36 84
a 26 4 84
a 26 84 98
a 26 18 98
a 26 98 131
a 26 51 131
a 26 131 89
a 26 9 89
a 26 89 80
a 26 0 80
a 26 80 115
a 26 35 115
a 26 115 59
a 26 59 144
a 26 64 144
a 26 144 75
a 26 75 123
a 26 43 123
a 26 123 122
a 26 42 122
a 26 122 27
a 26 27 91
a 26 11 91
a 26 91 143
a 26 63 143
a 26 143 33
a 26 33 90
a 26 10 90
a 26 90 55
a 26 55 79
a 26 79 125
a 26 45 125
a 26 125 95
a 26 15 95
a 26 95 39
a 26 39 26
a 26 26 102
a 26 22 102
a 26 102 67
a 26 67 81
a 26 1 81
a 26 81 25
a 26 25 152
a 26 72 152
a 26 152 93
a 26 13 93
a 26 93 69
a 26 69 76
a 26 76 154
a 26 74 154
a 26 154 73
a 26 73 57
a 26 57 121
a 26 41 121
a 26 121 32
a 26 32 46
a 26 46 60
a 26 60 85
a 26 5 85
a 26 85 66
a 26 66 83
a 26 3 83
a 26 83 97
a 26 17 97
a 26 97 56
a 26 56 61
a 26 61 117
a 26 37 117
a 26 117 29
a 26 29 28
a 26 28 77
a 26 77 47
a 26 47 58
a 26 58 52
a 26 52 53
a 26 53 68
a 26 68 116
a 26 36 116
a 26 116 48
a 26 48 139
a 26 59 139
a 26 139 155
a 26 75 155
a 26 155 113
a 26 33 113
a 26 113 119
a 26 39 119
a 26 119 107
a 26 27 107
a 26 107 159
a 26 79 159
a 26 159 135
a 26 55 135
a 26 135 147
a 26 67 147
a 26 147 106
a 26 26 106
a 26 106 105
a 26 25 105
a 26 105 149
a 26 69 149
a 26 149 156
a 26 76 156
a 26 156 137
a 26 57 137
a 26 137 153
a 26 73 153
a 26 153 126
a 26 46 126
a 26 126 146
a 26 66 146
a 26 146 109
a 26 29 109
a 26 109 112
a 26 32 112
a 26 112 136
a 26 56 136
a 26 136 140
a 26 60 140
a 26 140 141
a 26 61 141
a 26 141 108
a 26 28 108
a 26 108 127
a 26 47 127
a 26 127 148
a 26 68 148
a 26 148 128
a 26 48 128
a 26 128 157
a 26 77 157
a 26 157 133
a 26 53 133
a 26 133 132
a 26 52 132
a 26 132 138
a 26 58 138
a 26 138 161
a 27 160 4
a 27 4 9
a 27 9 6
a 27 6 11
a 27 11 30
a 27 30 19
a 27 19 62
a 27 62 63
a 27 63 43
a 27 43 24
a 27 24 45
a 27 45 44
a 27 44 23
a 27 23 74
a 27 74 34
a 27 34 7
a 27 7 41
a 27 41 3
a 27 3 17
a 27 17 36
a 27 36 84
a 27 4 84
a 27 84 89
a 27 9 89
a 27 89 86
a 27 6 86
a 27 86 99
a 27 19 99
a 27 99 123
a 27 43 123
a 27 123 27
a 27 27 91
a 27 11 91
a 27 91 143
a 27 63 143
a 27 143 104
a 27 24 104
a 27 104 110
a 27 30 110
a 27 110 142
a 27 62 142
a 27 142 33
a 27 33 55
a 27 55 79
a 27 79 125
a 27 45 125
a 27 125 39
a 27 39 26
a 27 26 21
a 27 21 124
a 27 44 124
a 27 124 103
a 27 23 103
a 27 103 25
a 27 25 87
a 27 7 87
a 27 87 114
a 27 34 114
a 27 114 69
a 27 69 76
a 27 76 154
a 27 74 154
a 27 154 73
a 27 73 121
a 27 41 121
a 27 121 65
a 27 65 32
a 27 32 46
a 27 46 2
a 27 2 50
a 27 50 60
a 27 60 40
a 27 40 66
a 27 66 83
a 27 3 83
a 27 83 97
a 27 17 97
a 27 97 61
a 27 61 49
a 27 49 29
a 27 29 70
a 27 70 54
a 27 54 28
a 27 28 52
a 27 52 53
a 27 53 78
a 27 78 68
a 27 68 116
a 27 36 116
a 27 116 48
a 27 48 113
a 27 33 113
a 27 113 119
a 27 39 119
a 27 119 107
a 27 27 107
a 27 107 159
a 27 79 159
a 27 159 135
a 27 55 135
a 27 135 106
a 27 26 106
a 27 106 101
a 27 21 101
a 27 101 105
a 27 25 105
a 27 105 130
a 27 50 130
a 27 130 149
a 27 69 149
a 27 149 156
a 27 76 156
a 27 156 153
a 27 73 153
a 27 153 126
a 27 46 126
a 27 126 146
a 27 66 146
a 27 146 109
a 27 29 109
a 27 109 120
a 27 40 120
a 27 120 145
a 27 65 145
a 27 145 112
a 27 32 112
a 27 112 82
a 27 2 82
a 27 82 140
a 27 60 140
a 27 140 150
a 27 70 150
a 27 150 134
a 27 54 134
a 27 134 141
a 27 61 141
a 27 141 129
a 27 49 129
a 27 129 158
a 27 78 158
a 27 158 108
a 27 28 108
a 27 108 148
a 27 68 148
a 27 148 128
a 27 48 128
a 27 128 133
a 27 53 133
a 27 133 132
a 27 52 132
a 27 132 161
a 28 160 18
a 28 18 20
a 28 20 6
a 28 6 11
a 28 11 30
a 28 30 19
a 28 19 10
a 28 10 43
a 28 43 24
a 28 24 44
a 28 44 12
a 28 12 23
a 28 23 1
a 28 1 74
a 28 74 13
a 28 13 5
a 28 5 41
a 28 41 17
a 28 17 36
a 28 36 14
a 28 14 98
a 28 18 98
a 28 98 100
a 28 20 100
a 28 100 86
a 28 6 86
a 28 86 59
a 28 59 99
a 28 19 99
a 28 99 75
a 28 75 123
a 28 43 123
a 28 123 27
a 28 27 91
a 28 11 91
a 28 91 104
a 28 24 104
a 28 104 110
a 28 30 110
a 28 110 33
a 28 33 90
a 28 10 90
a 28 90 55
a 28 55 79
a 28 79 39
a 28 39 26
a 28 26 21
a 28 21 92
a 28 12 92
a 28 92 124
a 28 44 124
a 28 124 103
a 28 23 103
a 28 103 67
a 28 67 81
a 28 1 81
a 28 81 25
a 28 25 93
a 28 13 93
a 28 93 76
a 28 76 154
a 28 74 154
a 28 154 73
a 28 73 121
a 28 41 121
a 28 121 65
a 28 65 46
a 28 46 50
a 28 50 85
a 28 5 85
a 28 85 40
a 28 40 66
a 28 66 97
a 28 17 97
a 28 97 56
a 28 56 61
a 28 61 54
a 28 54 28
a 28 28 77
a 28 77 47
a 28 47 58
a 28 58 94
a 28 14 94
a 28 94 78
a 28 78 68
a 28 68 116
a 28 36 116
a 28 116 48
a 28 48 139
a 28 59 139
a 28 139 155
a 28 75 155
a 28 155 113
a 28 33 113
a 28 113 119
a 28 39 119
a 28 119 107
a 28 27 107
a 28 107 159
a 28 79 159
a 28 159 135
a 28 55 135
a 28 135 147
a 28 67 147
a 28 147 106
a 28 26 106
a 28 106 101
a 28 21 101
a 28 101 105
a 28 25 105
a 28 105 130
a 28 50 130
a 28 130 156
a 28 76 156
a 28 156 153
a 28 73 153
a 28 153 126
a 28 46 126
a 28 126 146
a 28 66 146
a 28 146 120
a 28 40 120
a 28 120 145
a 28 65 145
a 28 145 136
a 28 56 136
a 28 136 134
a 28 54 134
a 28 134 141
a 28 61 141
a 28 141 158
a 28 78 158
a 28 158 108
a 28 28 108
a 28 108 127
a 28 47 127
a 28 127 148
a 28 68 148
a 28 148 128
a 28 48 128
a 28 128 157
a 28 77 157
a 28 157 138
a 28 58 138
a 28 138 161
a 29 160 16
a 29 16 4
a 29 4 18
a 29 18 9
a 29 9 51
a 29 51 35
a 29 35 6
a 29 6 64
a 29 64 30
a 29 30 19
a 29 19 42
a 29 42 10
a 29 10 62
a 29 62 63
a 29 63 15
a 29 15 22
a 29 22 31
a 29 31 12
a 29 12 23
a 29 23 8
a 29 8 1
a 29 1 74
a 29 74 34
a 29 34 72
a 29 72 7
a 29 7 5
a 29 5 41
a 29 41 3
a 29 3 17
a 29 17 37
a 29 37 36
a 29 36 14
a 29 14 84
a 29 4 84
a 29 84 98
a 29 18 98
a 29 98 96
a 29 16 96
a 29 96 131
a 29 51 131
a 29 131 89
a 29 9 89
a 29 89 86
a 29 6 86
a 29 86 115
a 29 35 115
a 29 115 59
a 29 59 99
a 29 19 99
a 29 99 144
a 29 64 144
a 29 144 122
a 29 42 122
a 29 122 27
a 29 27 111
a 29 31 111
a 29 111 143
a 29 63 143
a 29 143 110
a 29 30 110
a 29 110 142
a 29 62 142
a 29 142 33
a 29 33 90
a 29 10 90
a 29 90 79
a 29 79 95
a 29 15 95
a 29 95 92
a 29 12 92
a 29 92 102
a 29 22 102
a 29 102 103
a 29 23 103
a 29 103 67
a 29 67 81
a 29 1 81
a 29 81 88
a 29 8 88
a 29 88 25
a 29 25 152
a 29 72 152
a 29 152 87
a 29 7 87
a 29 87 114
a 29 34 114
a 29 114 69
a 29 69 76
a 29 76 154
a 29 74 154
a 29 154 73
a 29 73 57
a 29 57 121
a 29 41 121
a 29 121 65
a 29 65 32
a 29 32 46
a 29 46 50
a 29 50 60
a 29 60 85
a 29 5 85
a 29 85 40
a 29 40 66
a 29 66 97
a 29 17 97
a 29 97 83
a 29 3 83
a 29 83 56
a 29 56 71
a 29 71 61
a 29 61 49
a 29 49 117
a 29 37 117
a 29 117 29
a 29 29 70
a 29 70 77
a 29 77 47
a 29 47 58
a 29 58 38
a 29 38 94
a 29 14 94
a 29 94 52
a 29 52 53
a 29 53 78
a 29 78 68
a 29 68 116
a 29 36 116
a 29 116 48
a 29 48 139
a 29 59 139
a 29 139 113
a 29 33 113
a 29 113 107
a 29 27 107
a 29 107 159
a 29 79 159
a 29 159 147
a 29 67 147
a 29 147 105
a 29 25 105
a 29 105 130
a 29 50 130
a 29 130 149
a 29 69 149
a 29 149 156
a 29 76 156
a 29 156 137
a 29 57 137
a 29 137 151
a 29 71 151
a 29 151 153
a 29 73 153
a 29 153 126
a 29 46 126
a 29 126 146
a 29 66 146
a 29 146 109
a 29 29 109
a 29 109 120
a 29 40 120
a 29 120 145
a 29 65 145
a 29 145 112
a 29 32 112
a 29 112 136
a 29 56 136
a 29 136 140
a 29 60 140
a 29 140 150
a 29 70 150
a 29 150 141
a 29 61 141
a 29 141 129
a 29 49 129
a 29 129 158
a 29 78 158
a 29 158 127
a 29 47 127
a 29 127 148
a 29 68 148
a 29 148 118
a 29 38 118
a 29 118 128
a 29 48 128
a 29 128 157
a 29 77 157
a 29 157 133
a 29 53 133
a 29 133 132
a 29 52 132
a 29 132 138
a 29 58 138
a 29 138 161
a 30 160 4
a 30 4 18
a 30 18 9
a 30 9 20
a 30 20 51
a 30 51 35
a 30 35 0
a 30 0 64
a 30 64 19
a 30 19 42
a 30 42 10
a 30 10 62
a 30 62 63
a 30 63 43
a 30 43 24
a 30 24 15
a 30 15 22
a 30 22 45
a 30 45 31
a 30 31 44
a 30 44 12
a 30 12 8
a 30 8 1
a 30 1 34
a 30 34 7
a 30 7 41
a 30 41 17
a 30 17 36
a 30 36 14
a 30 14 84
a 30 4 84
a 30 84 98
a 30 18 98
a 30 98 131
a 30 51 131
a 30 131 89
a 30 9 89
a 30 89 80
a 30 0 80
a 30 80 100
a 30 20 100
a 30 100 115
a 30 35 115
a 30 115 59
a 30 59 99
a 30 19 99
a 30 99 144
a 30 64 144
a 30 144 75
a 30 75 123
a 30 43 123
a 30 123 122
a 30 42 122
a 30 122 111
a 30 31 111
a 30 111 143
a 30 63 143
a 30 143 104
a 30 24 104
a 30 104 142
a 30 62 142
a 30 142 33
a 30 33 90
a 30 10 90
a 30 90 79
a 30 79 125
a 30 45 125
a 30 125 95
a 30 15 95
a 30 95 26
a 30 26 21
a 30 21 92
a 30 12 92
a 30 92 102
a 30 22 102
a 30 102 124
a 30 44 124
a 30 124 81
a 30 1 81
a 30 81 88
a 30 8 88
a 30 88 25
a 30 25 87
a 30 7 87
a 30 87 114
a 30 34 114
a 30 114 69
a 30 69 76
a 30 76 73
a 30 73 57
a 30 57 121
a 30 41 121
a 30 121 32
a 30 32 46
a 30 46 60
a 30 60 97
a 30 17 97
a 30 97 56
a 30 56 71
a 30 71 49
a 30 49 29
a 30 29 70
a 30 70 77
a 30 77 47
a 30 47 38
a 30 38 94
a 30 14 94
a 30 94 52
a 30 52 53
a 30 53 78
a 30 78 68
a 30 68 116
a 30 36 116
a 30 116 48
a 30 48 139
a 30 59 139
a 30 139 155
a 30 75 155
a 30 155 113
a 30 33 113
a 30 113 159
a 30 79 159
a 30 159 106
a 30 26 106
a 30 106 101
a 30 21 101
a 30 101 105
a 30 25 105
a 30 105 149
a 30 69 149
a 30 149 156
a 30 76 156
a 30 156 137
a 30 57 137
a 30 137 151
a 30 71 151
a 30 151 153
a 30 73 153
a 30 153 126
a 30 46 126
a 30 126 109
a 30 29 109
a 30 109 112
a 30 32 112
a 30 112 136
a 30 56 136
a 30 136 140
a 30 60 140
a 30 140 150
a 30 70 150
a 30 150 129
a 30 49 129
a 30 129 158
a 30 78 158
a 30 158 127
a 30 47 127
a 30 127 148
a 30 68 148
a 30 148 118
a 30 38 118
a 30 118 128
a 30 48 128
a 30 128 157
a 30 77 157
a 30 157 133
a 30 53 133
a 30 133 132
a 30 52 132
a 30 132 161
a 31 160 9
a 31 9 20
a 31 20 51
a 31 51 0
a 31 0 64
a 31 64 11
a 31 11 30
a 31 30 19
a 31 19 42
a 31 42 63
a 31 63 15
a 31 15 45
a 31 45 31
a 31 31 44
a 31 44 23
a 31 23 1
a 31 1 74
a 31 74 34
a 31 34 5
a 31 5 41
a 31 41 3
a 31 3 17
a 31 17 37
a 31 37 131
a 31 51 131
a 31 131 89
a 31 9 89
a 31 89 80
a 31 0 80
a 31 80 100
a 31 20 100
a 31 100 59
a 31 59 99
a 31 19 99
a 31 99 144
a 31 64 144
a 31 144 75
a 31 75 122
a 31 42 122
a 31 122 91
a 31 11 91
a 31 91 111
a 31 31 111
a 31 111 143
a 31 63 143
a 31 143 110
a 31 30 110
a 31 110 33
a 31 33 55
a 31 55 79
a 31 79 125
a 31 45 125
a 31 125 95
a 31 15 95
a 31 95 26
a 31 26 124
a 31 44 124
a 31 124 103
a 31 23 103
a 31 103 81
a 31 1 81
a 31 81 25
a 31 25 114
a 31 34 114
a 31 114 69
a 31 69 76
a 31 76 154
a 31 74 154
a 31 154 73
a 31 73 121
a 31 41 121
a 31 121 46
a 31 46 2
a 31 2 50
a 31 50 60
a 31 60 85
a 31 5 85
a 31 85 40
a 31 40 66
a 31 66 83
a 31 3 83
a 31 83 97
a 31 17 97
a 31 97 56
a 31 56 71
a 31 71 61
a 31 61 49
a 31 49 117
a 31 37 117
a 31 117 54
a 31 54 47
a 31 47 58
a 31 58 38
a 31 38 52
a 31 52 53
a 31 53 78
a 31 78 48
a 31 48 139
a 31 59 139
a 31 139 155
a 31 75 155
a 31 155 113
a 31 33 113
a 31 113 159
a 31 79 159
a 31 159 135
a 31 55 135
a 31 135 106
a 31 26 106
a 31 106 105
a 31 25 105
a 31 105 130
a 31 50 130
a 31 130 149
a 31 69 149
a 31 149 156
a 31 76 156
a 31 156 151
a 31 71 151
a 31 151 153
a 31 73 153
a 31 153 126
a 31 46 126
a 31 126 146
a 31 66 146
a 31 146 120
a 31 40 120
a 31 120 82
a 31 2 82
a 31 82 136
a 31 56 136
a 31 136 140
a 31 60 140
a 31 140 134
a 31 54 134
a 31 134 141
a 31 61 141
a 31 141 129
a 31 49 129
a 31 129 158
a 31 78 158
a 31 158 127
a 31 47 127
a 31 127 118
a 31 38 118
a 31 118 128
a 31 48 128
a 31 128 133
a 31 53 133
a 31 133 132
a 31 52 132
a 31 132 138
a 31 58 138
a 31 138 161
a 32 160 16
a 32 16 9
a 32 9 20
a 32 20 51
a 32 51 35
a 32 35 6
a 32 6 64
a 32 64 11
a 32 11 30
a 32 30 19
a 32 19 42
a 32 42 10
a 32 10 62
a 32 62 63
a 32 63 43
a 32 43 15
a 32 15 22
a 32 22 44
a 32 44 12
a 32 12 23
a 32 23 1
a 32 1 74
a 32 74 13
a 32 13 34
a 32 34 72
a 32 72 5
a 32 5 3
a 32 3 36
a 32 36 14
a 32 14 96
a 32 16 96
a 32 96 131
a 32 51 131
a 32 131 89
a 32 9 89
a 32 89 100
a 32 20 100
a 32 100 86
a 32 6 86
a 32 86 115
a 32 35 115
a 32 115 59
a 32 59 99
a 32 19 99
a 32 99 144
a 32 64 144
a 32 144 123
a 32 43 123
a 32 123 122
a 32 42 122
a 32 122 27
a 32 27 91
a 32 11 91
a 32 91 143
a 32 63 143
a 32 143 110
a 32 30 110
a 32 110 142
a 32 62 142
a 32 142 33
a 32 33 90
a 32 10 90
a 32 90 79
a 32 79 95
a 32 15 95
a 32 95 21
a 32 21 92
a 32 12 92
a 32 92 102
a 32 22 102
a 32 102 124
a 32 44 124
a 32 124 103
a 32 23 103
a 32 103 81
a 32 1 81
a 32 81 152
a 32 72 152
a 32 152 93
a 32 13 93
a 32 93 114
a 32 34 114
a 32 114 69
a 32 69 76
a 32 76 154
a 32 74 154
a 32 154 73
a 32 73 65
a 32 65 32
a 32 32 46
a 32 46 2
a 32 2 50
a 32 50 60
a 32 60 85
a 32 5 85
a 32 85 40
a 32 40 66
a 32 66 83
a 32 3 83
a 32 83 56
a 32 56 71
a 32 71 61
a 32 61 49
a 32 49 29
a 32 29 70
a 32 70 54
a 32 54 77
a 32 77 47
a 32 47 58
a 32 58 94
a 32 14 94
a 32 94 52
a 32 52 78
a 32 78 53
a 32 53 68
a 32 68 116
a 32 36 116
a 32 116 139
a 32 59 139
a 32 139 113
a 32 33 113
a 32 113 107
a 32 27 107
a 32 107 159
a 32 79 159
a 32 159 101
a 32 21 101
a 32 101 130
a 32 50 130
a 32 130 149
a 32 69 149
a 32 149 156
a 32 76 156
a 32 156 151
a 32 71 151
a 32 151 153
a 32 73 153
a 32 153 126
a 32 46 126
a 32 126 146
a 32 66 146
a 32 146 109
a 32 29 109
a 32 109 120
a 32 40 120
a 32 120 145
a 32 65 145
a 32 145 112
a 32 32 112
a 32 112 82
a 32 2 82
a 32 82 136
a 32 56 136
a 32 136 140
a 32 60 140
a 32 140 150
a 32 70 150
a 32 150 134
a 32 54 134
a 32 134 141
a 32 61 141
a 32 141 129
a 32 49 129
a 32 129 158
a 32 78 158
a 32 158 127
a 32 47 127
a 32 127 148
a 32 68 148
a 32 148 157
a 32 77 157
a 32 157 133
a 32 53 133
a 32 133 132
a 32 52 132
a 32 132 138
a 32 58 138
a 32 138 161
a 33 160 16
a 33 16 9
a 33 9 6
a 33 6 0
a 33 0 11
a 33 11 30
a 33 30 19
a 33 19 62
a 33 62 63
a 33 63 43
a 33 43 24
a 33 24 15
a 33 15 22
a 33 22 45
a 33 45 31
a 33 31 44
a 33 44 8
a 33 8 74
a 33 74 13
a 33 13 34
a 33 34 72
a 33 72 7
a 33 7 5
a 33 5 41
a 33 41 17
a 33 17 37
a 33 37 96
a 33 16 96
a 33 96 89
a 33 9 89
a 33 89 80
a 33 0 80
a 33 80 86
a 33 6 86
a 33 86 59
a 33 59 99
a 33 19 99
a 33 99 123
a 33 43 123
a 33 123 27
a 33 27 91
a 33 11 91
a 33 91 111
a 33 31 111
a 33 111 143
a 33 63 143
a 33 143 104
a 33 24 104
a 33 104 110
a 33 30 110
a 33 110 142
a 33 62 142
a 33 142 33
a 33 33 55
a 33 55 79
a 33 79 125
a 33 45 125
a 33 125 95
a 33 15 95
a 33 95 39
a 33 39 26
a 33 26 21
a 33 21 102
a 33 22 102
a 33 102 124
a 33 44 124
a 33 124 88
a 33 8 88
a 33 88 25
a 33 25 152
a 33 72 152
a 33 152 93
a 33 13 93
a 33 93 87
a 33 7 87
a 33 87 114
a 33 34 114
a 33 114 69
a 33 69 76
a 33 76 154
a 33 74 154
a 33 154 73
a 33 73 121
a 33 41 121
a 33 121 65
a 33 65 32
a 33 32 46
a 33 46 2
a 33 2 50
a 33 50 60
a 33 60 85
a 33 5 85
a 33 85 40
a 33 40 66
a 33 66 97
a 33 17 97
a 33 97 71
a 33 71 61
a 33 61 117
a 33 37 117
a 33 117 54
a 33 54 28
a 33 28 47
a 33 47 58
a 33 58 38
a 33 38 53
a 33 53 48
a 33 48 139
a 33 59 139
a 33 139 113
a 33 33 113
a 33 113 119
a 33 39 119
a 33 119 107
a 33 27 107
a 33 107 159
a 33 79 159
a 33 159 135
a 33 55 135
a 33 135 106
a 33 26 106
a 33 106 101
a 33 21 101
a 33 101 105
a 33 25 105
a 33 105 130
a 33 50 130
a 33 130 149
a 33 69 149
a 33 149 156
a 33 76 156
a 33 156 151
a 33 71 151
a 33 151 153
a 33 73 153
a 33 153 126
a 33 46 126
a 33 126 146
a 33 66 146
a 33 146 120
a 33 40 120
a 33 120 145
a 33 65 145
a 33 145 112
a 33 32 112
a 33 112 82
a 33 2 82
a 33 82 140
a 33 60 140
a 33 140 134
a 33 54 134
a 33 134 141
a 33 61 141
a 33 141 108
a 33 28 108
a 33 108 127
a 33 47 127
a 33 127 118
a 33 38 118
a 33 118 128
a 33 48 128
a 33 128 133
a 33 53 133
a 33 133 138
a 33 58 138
a 33 138 161
a 34 160 4
a 34 4 51
a 34 51 35
a 34 35 6
a 34 6 0
a 34 0 64
a 34 64 11
a 34 11 30
a 34 30 19
a 34 19 10
a 34 10 63
a 34 63 43
a 34 43 24
a 34 24 15
a 34 15 31
a 34 31 44
a 34 44 12
a 34 12 8
a 34 8 1
a 34 1 74
a 34 74 13
a 34 13 3
a 34 3 17
a 34 17 37
a 34 37 36
a 34 36 84
a 34 4 84
a 34 84 131
a 34 51 131
a 34 131 80
a 34 0 80
a 34 80 86
a 34 6 86
a 34 86 115
a 34 35 115
a 34 115 59
a 34 59 99
a 34 19 99
a 34 99 144
a 34 64 144
a 34 144 75
a 34 75 123
a 34 43 123
a 34 123 27
a 34 27 91
a 34 11 91
a 34 91 111
a 34 31 111
a 34 111 143
a 34 63 143
a 34 143 104
a 34 24 104
a 34 104 110
a 34 30 110
a 34 110 33
a 34 33 90
a 34 10 90
a 34 90 55
a 34 55 79
a 34 79 95
a 34 15 95
a 34 95 26
a 34 26 21
a 34 21 92
a 34 12 92
a 34 92 124
a 34 44 124
a 34 124 81
a 34 1 81
a 34 81 88
a 34 8 88
a 34 88 25
a 34 25 93
a 34 13 93
a 34 93 154
a 34 74 154
a 34 154 57
a 34 57 65
a 34 65 32
a 34 32 46
a 34 46 50
a 34 50 60
a 34 60 83
a 34 3 83
a 34 83 97
a 34 17 97
a 34 97 61
a 34 61 49
a 34 49 117
a 34 37 117
a 34 117 29
a 34 29 47
a 34 47 58
a 34 58 38
a 34 38 52
a 34 52 53
a 34 53 68
a 34 68 116
a 34 36 116
a 34 116 48
a 34 48 139
a 34 59 139
a 34 139 155
a 34 75 155
a 34 155 113
a 34 33 113
a 34 113 107
a 34 27 107
a 34 107 159
a 34 79 159
a 34 159 135
a 34 55 135
a 34 135 106
a 34 26 106
a 34 106 101
a 34 21 101
a 34 101 105
a 34 25 105
a 34 105 130
a 34 50 130
a 34 130 137
a 34 57 137
a 34 137 126
a 34 46 126
a 34 126 109
a 34 29 109
a 34 109 145
a 34 65 145
a 34 145 112
a 34 32 112
a 34 112 140
a 34 60 140
a 34 140 141
a 34 61 141
a 34 141 129
a 34 49 129
a 34 129 127
a 34 47 127
a 34 127 148
a 34 68 148
a 34 148 118
a 34 38 118
a 34 118 128
a 34 48 128
a 34 128 133
a 34 53 133
a 34 133 132
a 34 52 132
a 34 132 138
a 34 58 138
a 34 138 161
a 35 160 16
a 35 16 18
a 35 18 9
a 35 9 20
a 35 20 51
a 35 51 6
a 35 6 0
a 35 0 64
a 35 64 30
a 35 30 19
a 35 19 62
a 35 62 43
a 35 43 24
a 35 24 15
a 35 15 45
a 35 45 1
a 35 1 13
a 35 13 34
a 35 34 72
a 35 72 5
a 35 5 41
a 35 41 3
a 35 3 17
a 35 17 37
a 35 37 98
a 35 18 98
a 35 98 96
a 35 16 96
a 35 96 131
a 35 51 131
a 35 131 89
a 35 9 89
a 35 89 80
a 35 0 80
a 35 80 100
a 35 20 100
a 35 100 86
a 35 6 86
a 35 86 99
a 35 19 99
a 35 99 144
a 35 64 144
a 35 144 75
a 35 75 123
a 35 43 123
a 35 123 27
a 35 27 104
a 35 24 104
a 35 104 110
a 35 30 110
a 35 110 142
a 35 62 142
a 35 142 33
a 35 33 79
a 35 79 125
a 35 45 125
a 35 125 95
a 35 15 95
a 35 95 26
a 35 26 21
a 35 21 81
a 35 1 81
a 35 81 152
a 35 72 152
a 35 152 93
a 35 13 93
a 35 93 114
a 35 34 114
a 35 114 69
a 35 69 73
a 35 73 121
a 35 41 121
a 35 121 46
a 35 46 2
a 35 2 60
a 35 60 85
a 35 5 85
a 35 85 40
a 35 40 66
a 35 66 83
a 35 3 83
a 35 83 97
a 35 17 97
a 35 97 56
a 35 56 71
a 35 71 61
a 35 61 117
a 35 37 117
a 35 117 29
a 35 29 70
a 35 70 54
a 35 54 47
a 35 47 58
a 35 58 38
a 35 38 52
a 35 52 53
a 35 53 78
a 35 78 155
a 35 75 155
a 35 155 113
a 35 33 113
a 35 113 107
a 35 27 107
a 35 107 159
a 35 79 159
a 35 159 106
a 35 26 106
a 35 106 101
a 35 21 101
a 35 101 149
a 35 69 149
a 35 149 151
a 35 71 151
a 35 151 153
a 35 73 153
a 35 153 126
a 35 46 126
a 35 126 146
a 35 66 146
a 35 146 109
a 35 29 109
a 35 109 120
a 35 40 120
a 35 120 82
a 35 2 82
a 35 82 136
a 35 56 136
a 35 136 140
a 35 60 140
a 35 140 150
a 35 70 150
a 35 150 134
a 35 54 134
a 35 134 141
a 35 61 141
a 35 141 158
a 35 78 158
a 35 158 127
a 35 47 127
a 35 127 118
a 35 38 118
a 35 118 133
a 35 53 133
a 35 133 132
a 35 52 132
a 35 132 138
a 35 58 138
a 35 138 161
a 36 160 18
a 36 18 20
a 36 20 6
a 36 6 0
a 36 0 64
a 36 64 19
a 36 19 62
a 36 62 63
a 36 63 43
a 36 43 24
a 36 24 15
a 36 15 22
a 36 22 45
a 36 45 1
a 36 1 34
a 36 34 7
a 36 7 3
a 36 3 17
a 36 17 36
a 36 36 98
a 36 18 98
a 36 98 80
a 36 0 80
a 36 80 100
a 36 20 100
a 36 100 86
a 36 6 86
a 36 86 59
a 36 59 99
a 36 19 99
a 36 99 144
a 36 64 144
a 36 144 75
a 36 75 123
a 36 43 123
a 36 123 27
a 36 27 143
a 36 63 143
a 36 143 104
a 36 24 104
a 36 104 142
a 36 62 142
a 36 142 79
a 36 79 125
a 36 45 125
a 36 125 95
a 36 15 95
a 36 95 39
a 36 39 26
a 36 26 21
a 36 21 102
a 36 22 102
a 36 102 67
a 36 67 81
a 36 1 81
a 36 81 25
a 36 25 87
a 36 7 87
a 36 87 114
a 36 34 114
a 36 114 69
a 36 69 76
a 36 76 73
a 36 73 57
a 36 57 32
a 36 32 46
a 36 46 50
a 36 50 60
a 36 60 66
a 36 66 83
a 36 3 83
a 36 83 97
a 36 17 97
a 36 97 71
a 36 71 61
a 36 61 49
a 36 49 29
a 36 29 70
a 36 70 54
a 36 54 77
a 36 77 47
a 36 47 58
a 36 58 38
a 36 38 52
a 36 52 53
a 36 53 68
a 36 68 116
a 36 36 116
a 36 116 139
a 36 59 139
a 36 139 155
a 36 75 155
a 36 155 119
a 36 39 119
a 36 119 107
a 36 27 107
a 36 107 159
a 36 79 159
a 36 159 147
a 36 67 147
a 36 147 106
a 36 26 106
a 36 106 101
a 36 21 101
a 36 101 105
a 36 25 105
a 36 105 130
a 36 50 130
a 36 130 149
a 36 69 149
a 36 149 156
a 36 76 156
a 36 156 137
a 36 57 137
a 36 137 151
a 36 71 151
a 36 151 153
a 36 73 153
a 36 153 126
a 36 46 126
a 36 126 146
a 36 66 146
a 36 146 109
a 36 29 109
a 36 109 112
a 36 32 112
a 36 112 140
a 36 60 140
a 36 140 150
a 36 70 150
a 36 150 134
a 36 54 134
a 36 134 141
a 36 61 141
a 36 141 129
a 36 49 129
a 36 129 127
a 36 47 127
a 36 127 148
a 36 68 148
a 36 148 118
a 36 38 118
a 36 118 157
a 36 77 157
a 36 157 133
a 36 53 133
a 36 133 132
a 36 52 132
a 36 132 138
a 36 58 138
a 36 138 161
a 37 160 16
a 37 16 4
a 37 4 18
a 37 18 51
a 37 51 35
a 37 35 0
a 37 0 64
a 37 64 11
a 37 11 42
a 37 42 10
a 37 10 24
a 37 24 44
a 37 44 8
a 37 8 1
a 37 1 74
a 37 74 13
a 37 13 34
a 37 34 7
a 37 7 5
a 37 5 3
a 37 3 17
a 37 17 37
a 37 37 36
a 37 36 84
a 37 4 84
a 37 84 98
a 37 18 98
a 37 98 96
a 37 16 96
a 37 96 131
a 37 51 131
a 37 131 80
a 37 0 80
a 37 80 115
a 37 35 115
a 37 115 59
a 37 59 144
a 37 64 144
a 37 144 75
a 37 75 122
a 37 42 122
a 37 122 27
a 37 27 91
a 37 11 91
a 37 91 104
a 37 24 104
a 37 104 33
a 37 33 90
a 37 10 90
a 37 90 55
a 37 55 79
a 37 79 39
a 37 39 26
a 37 26 21
a 37 21 124
a 37 44 124
a 37 124 67
a 37 67 81
a 37 1 81
a 37 81 88
a 37 8 88
a 37 88 25
a 37 25 93
a 37 13 93
a 37 93 87
a 37 7 87
a 37 87 114
a 37 34 114
a 37 114 69
a 37 69 76
a 37 76 154
a 37 74 154
a 37 154 73
a 37 73 57
a 37 57 32
a 37 32 46
a 37 46 2
a 37 2 50
a 37 50 60
a 37 60 85
a 37 5 85
a 37 85 40
a 37 40 66
a 37 66 83
a 37 3 83
a 37 83 97
a 37 17 97
a 37 97 56
a 37 56 61
a 37 61 49
a 37 49 117
a 37 37 117
a 37 117 28
a 37 28 47
a 37 47 58
a 37 58 52
a 37 52 53
a 37 53 68
a 37 68 116
a 37 36 116
a 37 116 139
a 37 59 139
a 37 139 155
a 37 75 155
a 37 155 113
a 37 33 113
a 37 113 119
a 37 39 119
a 37 119 107
a 37 27 107
a 37 107 159
a 37 79 159
a 37 159 135
a 37 55 135
a 37 135 147
a 37 67 147
a 37 147 106
a 37 26 106
a 37 106 101
a 37 21 101
a 37 101 105
a 37 25 105
a 37 105 130
a 37 50 130
a 37 130 149
a 37 69 149
a 37 149 156
a 37 76 156
a 37 156 137
a 37 57 137
a 37 137 153
a 37 73 153
a 37 153 126
a 37 46 126
a 37 126 146
a 37 66 146
a 37 146 120
a 37 40 120
a 37 120 112
a 37 32 112
a 37 112 82
a 37 2 82
a 37 82 136
a 37 56 136
a 37 136 140
a 37 60 140
a 37 140 141
a 37 61 141
a 37 141 129
a 37 49 129
a 37 129 108
a 37 28 108
a 37 108 127
a 37 47 127
a 37 127 148
a 37 68 148
a 37 148 133
a 37 53 133
a 37 133 132
a 37 52 132
a 37 132 138
a 37 58 138
a 37 138 161
a 38 160 4
a 38 4 18
a 38 18 9
a 38 9 51
a 38 51 35
a 38 35 6
a 38 6 0
a 38 0 64
a 38 64 10
a 38 10 63
a 38 63 43
a 38 43 15
a 38 15 45
a 38 45 44
a 38 44 12
a 38 12 8
a 38 8 1
a 38 1 74
a 38 74 13
a 38 13 34
a 38 34 7
a 38 7 5
a 38 5 41
a 38 41 3
a 38 3 17
a 38 17 37
a 38 37 36
a 38 36 84
a 38 4 84
a 38 84 98
a 38 18 98
a 38 98 131
a 38 51 131
a 38 131 89
a 38 9 89
a 38 89 80
a 38 0 80
a 38 80 86
a 38 6 86
a 38 86 115
a 38 35 115
a 38 115 59
a 38 59 144
a 38 64 144
a 38 144 75
a 38 75 123
a 38 43 123
a 38 123 27
a 38 27 143
a 38 63 143
a 38 143 33
a 38 33 90
a 38 10 90
a 38 90 55
a 38 55 79
a 38 79 125
a 38 45 125
a 38 125 95
a 38 15 95
a 38 95 39
a 38 39 26
a 38 26 21
a 38 21 92
a 38 12 92
a 38 92 124
a 38 44 124
a 38 124 67
a 38 67 81
a 38 1 81
a 38 81 88
a 38 8 88
a 38 88 93
a 38 13 93
a 38 93 87
a 38 7 87
a 38 87 114
a 38 34 114
a 38 114 76
a 38 76 154
a 38 74 154
a 38 154 57
a 38 57 121
a 38 41 121
a 38 121 65
a 38 65 32
a 38 32 2
a 38 2 50
a 38 50 60
a 38 60 85
a 38 5 85
a 38 85 40
a 38 40 66
a 38 66 83
a 38 3 83
a 38 83 97
a 38 17 97
a 38 97 56
a 38 56 49
a 38 49 117
a 38 37 117
a 38 117 29
a 38 29 54
a 38 54 28
a 38 28 77
a 38 77 47
a 38 47 58
a 38 58 38
a 38 38 52
a 38 52 53
a 38 53 78
a 38 78 68
a 38 68 116
a 38 36 116
a 38 116 48
a 38 48 139
a 38 59 139
a 38 139 155
a 38 75 155
a 38 155 113
a 38 33 113
a 38 113 119
a 38 39 119
a 38 119 107
a 38 27 107
a 38 107 159
a 38 79 159
a 38 159 135
a 38 55 135
a 38 135 147
a 38 67 147
a 38 147 106
a 38 26 106
a 38 106 101
a 38 21 101
a 38 101 130
a 38 50 130
a 38 130 156
a 38 76 156
a 38 156 137
a 38 57 137
a 38 137 146
a 38 66 146
a 38 146 109
a 38 29 109
a 38 109 120
a 38 40 120
a 38 120 145
a 38 65 145
a 38 145 112
a 38 32 112
a 38 112 82
a 38 2 82
a 38 82 136
a 38 56 136
a 38 136 140
a 38 60 140
a 38 140 134
a 38 54 134
a 38 134 129
a 38 49 129
a 38 129 158
a 38 78 158
a 38 158 108
a 38 28 108
a 38 108 127
a 38 47 127
a 38 127 148
a 38 68 148
a 38 148 118
a 38 38 118
a 38 118 128
a 38 48 128
a 38 128 157
a 38 77 157
a 38 157 133
a 38 53 133
a 38 133 132
a 38 52 132
a 38 132 138
a 38 58 138
a 38 138 161
a 39 160 4
a 39 4 18
a 39 18 9
a 39 9 20
a 39 20 35
a 39 35 6
a 39 6 0
a 39 0 11
a 39 11 19
a 39 19 42
a 39 42 43
a 39 43 24
a 39 24 15
a 39 15 22
a 39 22 45
a 39 45 31
a 39 31 44
a 39 44 12
a 39 12 8
a 39 8 74
a 39 74 34
a 39 34 72
a 39 72 5
a 39 5 41
a 39 41 3
a 39 3 17
a 39 17 36
a 39 36 14
a 39 14 84
a 39 4 84
a 39 84 98
a 39 18 98
a 39 98 89
a 39 9 89
a 39 89 80
a 39 0 80
a 39 80 100
a 39 20 100
a 39 100 86
a 39 6 86
a 39 86 115
a 39 35 115
a 39 115 59
a 39 59 99
a 39 19 99
a 39 99 75
a 39 75 123
a 39 43 123
a 39 123 122
a 39 42 122
a 39 122 91
a 39 11 91
a 39 91 111
a 39 31 111
a 39 111 104
a 39 24 104
a 39 104 79
a 39 79 125
a 39 45 125
a 39 125 95
a 39 15 95
a 39 95 26
a 39 26 21
a 39 21 92
a 39 12 92
a 39 92 102
a 39 22 102
a 39 102 124
a 39 44 124
a 39 124 67
a 39 67 88
a 39 8 88
a 39 88 152
a 39 72 152
a 39 152 114
a 39 34 114
a 39 114 154
a 39 74 154
a 39 154 73
a 39 73 57
a 39 57 121
a 39 41 121
a 39 121 65
a 39 65 32
a 39 32 46
a 39 46 2
a 39 2 50
a 39 50 60
a 39 60 85
a 39 5 85
a 39 85 40
a 39 40 83
a 39 3 83
a 39 83 97
a 39 17 97
a 39 97 71
a 39 71 61
a 39 61 49
a 39 49 70
a 39 70 54
a 39 54 28
a 39 28 77
a 39 77 94
a 39 14 94
a 39 94 52
a 39 52 53
a 39 53 116
a 39 36 116
a 39 116 48
a 39 48 139
a 39 59 139
a 39 139 155
a 39 75 155
a 39 155 159
a 39 79 159
a 39 159 147
a 39 67 147
a 39 147 106
a 39 26 106
a 39 106 101
a 39 21 101
a 39 101 130
a 39 50 130
a 39 130 137
a 39 57 137
a 39 137 151
a 39 71 151
a 39 151 153
a 39 73 153
a 39 153 126
a 39 46 126
a 39 126 120
a 39 40 120
a 39 120 145
a 39 65 145
a 39 145 112
a 39 32 112
a 39 112 82
a 39 2 82
a 39 82 140
a 39 60 140
a 39 140 150
a 39 70 150
a 39 150 134
a 39 54 134
a 39 134 141
a 39 61 141
a 39 141 129
a 39 49 129
a 39 129 108
a 39 28 108
a 39 108 128
a 39 48 128
a 39 128 157
a 39 77 157
a 39 157 133
a 39 53 133
a 39 133 132
a 39 52 132
a 39 132 161
a 40 160 4
a 40 4 35
a 40 35 6
a 40 6 0
a 40 0 64
a 40 64 30
a 40 30 11
a 40 11 10
a 40 10 63
a 40 63 43
a 40 43 24
a 40 24 15
a 40 15 22
a 40 22 31
a 40 31 44
a 40 44 12
a 40 12 8
a 40 8 1
a 40 1 74
a 40 74 34
a 40 34 72
a 40 72 7
a 40 7 3
a 40 3 17
a 40 17 37
a 40 37 14
a 40 14 84
a 40 4 84
a 40 84 80
a 40 0 80
a 40 80 86
a 40 6 86
a 40 86 115
a 40 35 115
a 40 115 59
a 40 59 144
a 40 64 144
a 40 144 123
a 40 43 123
a 40 123 27
a 40 27 91
a 40 11 91
a 40 91 111
a 40 31 111
a 40 111 143
a 40 63 143
a 40 143 110
a 40 30 110
a 40 110 104
a 40 24 104
a 40 104 33
a 40 33 90
a 40 10 90
a 40 90 55
a 40 55 95
a 40 15 95
a 40 95 26
a 40 26 21
a 40 21 92
a 40 12 92
a 40 92 102
a 40 22 102
a 40 102 124
a 40 44 124
a 40 124 81
a 40 1 81
a 40 81 88
a 40 8 88
a 40 88 25
a 40 25 152
a 40 72 152
a 40 152 87
a 40 7 87
a 40 87 114
a 40 34 114
a 40 114 76
a 40 76 154
a 40 74 154
a 40 154 73
a 40 73 57
a 40 57 46
a 40 46 60
a 40 60 40
a 40 40 83
a 40 3 83
a 40 83 97
a 40 17 97
a 40 97 61
a 40 61 117
a 40 37 117
a 40 117 29
a 40 29 54
a 40 54 94
a 40 14 94
a 40 94 78
a 40 78 53
a 40 53 68
a 40 68 139
a 40 59 139
a 40 139 113
a 40 33 113
a 40 113 107
a 40 27 107
a 40 107 135
a 40 55 135
a 40 135 106
a 40 26 106
a 40 106 101
a 40 21 101
a 40 101 105
a 40 25 105
a 40 105 156
a 40 76 156
a 40 156 137
a 40 57 137
a 40 137 153
a 40 73 153
a 40 153 126
a 40 46 126
a 40 126 109
a 40 29 109
a 40 109 120
a 40 40 120
a 40 120 140
a 40 60 140
a 40 140 134
a 40 54 134
a 40 134 141
a 40 61 141
a 40 141 158
a 40 78 158
a 40 158 148
a 40 68 148
a 40 148 133
a 40 53 133
a 40 133 161
a 41 160 16
a 41 16 4
a 41 4 9
a 41 9 20
a 41 20 51
a 41 51 6
a 41 6 0
a 41 0 11
a 41 11 19
a 41 19 62
a 41 62 63
a 41 63 24
a 41 24 15
a 41 15 22
a 41 22 45
a 41 45 44
a 41 44 23
a 41 23 8
a 41 8 1
a 41 1 74
a 41 74 13
a 41 13 34
a 41 34 72
a 41 72 5
a 41 5 3
a 41 3 14
a 41 14 84
a 41 4 84
a 41 84 96
a 41 16 96
a 41 96 131
a 41 51 131
a 41 131 89
a 41 9 89
a 41 89 80
a 41 0 80
a 41 80 100
a 41 20 100
a 41 100 86
a 41 6 86
a 41 86 99
a 41 19 99
a 41 99 75
a 41 75 27
a 41 27 91
a 41 11 91
a 41 91 143
a 41 63 143
a 41 143 104
a 41 24 104
a 41 104 142
a 41 62 142
a 41 142 33
a 41 33 79
a 41 79 125
a 41 45 125
a 41 125 95
a 41 15 95
a 41 95 39
a 41 39 26
a 41 26 21
a 41 21 102
a 41 22 102
a 41 102 124
a 41 44 124
a 41 124 103
a 41 23 103
a 41 103 81
a 41 1 81
a 41 81 88
a 41 8 88
a 41 88 25
a 41 25 152
a 41 72 152
a 41 152 93
a 41 13 93
a 41 93 114
a 41 34 114
a 41 114 76
a 41 76 154
a 41 74 154
a 41 154 57
a 41 57 46
a 41 46 60
a 41 60 85
a 41 5 85
a 41 85 66
a 41 66 83
a 41 3 83
a 41 83 56
a 41 56 71
a 41 71 49
a 41 49 29
a 41 29 70
a 41 70 28
a 41 28 58
a 41 58 94
a 41 14 94
a 41 94 52
a 41 52 53
a 41 53 78
a 41 78 48
a 41 48 155
a 41 75 155
a 41 155 113
a 41 33 113
a 41 113 119
a 41 39 119
a 41 119 107
a 41 27 107
a 41 107 159
a 41 79 159
a 41 159 106
a 41 26 106
a 41 106 101
a 41 21 101
a 41 101 105
a 41 25 105
a 41 105 156
a 41 76 156
a 41 156 137
a 41 57 137
a 41 137 151
a 41 71 151
a 41 151 126
a 41 46 126
a 41 126 146
a 41 66 146
a 41 146 109
a 41 29 109
a 41 109 136
a 41 56 136
a 41 136 140
a 41 60 140
a 41 140 150
a 41 70 150
a 41 150 129
a 41 49 129
a 41 129 158
a 41 78 158
a 41 158 108
a 41 28 108
a 41 108 128
a 41 48 128
a 41 128 133
a 41 53 133
a 41 133 132
a 41 52 132
a 41 132 138
a 41 58 138
a 41 138 161
a 42 160 16
a 42 16 4
a 42 4 18
a 42 18 9
a 42 9 6
a 42 6 0
a 42 0 64
a 42 64 30
a 42 30 42
a 42 42 19
a 42 19 10
a 42 10 62
a 42 62 63
a 42 63 43
a 42 43 15
a 42 15 45
a 42 45 44
a 42 44 12
a 42 12 74
a 42 74 13
a 42 13 72
a 42 72 34
a 42 34 7
a 42 7 5
a 42 5 41
a 42 41 3
a 42 3 17
a 42 17 37
a 42 37 36
a 42 36 14
a 42 14 84
a 42 4 84
a 42 84 98
a 42 18 98
a 42 98 96
a 42 16 96
a 42 96 89
a 42 9 89
a 42 89 80
a 42 0 80
a 42 80 86
a 42 6 86
a 42 86 99
a 42 19 99
a 42 99 144
a 42 64 144
a 42 144 75
a 42 75 123
a 42 43 123
a 42 123 122
a 42 42 122
a 42 122 27
a 42 27 143
a 42 63 143
a 42 143 110
a 42 30 110
a 42 110 142
a 42 62 142
a 42 142 33
a 42 33 90
a 42 10 90
a 42 90 55
a 42 55 79
a 42 79 125
a 42 45 125
a 42 125 95
a 42 15 95
a 42 95 39
a 42 39 26
a 42 26 21
a 42 21 92
a 42 12 92
a 42 92 124
a 42 44 124
a 42 124 67
a 42 67 25
a 42 25 152
a 42 72 152
a 42 152 93
a 42 13 93
a 42 93 87
a 42 7 87
a 42 87 114
a 42 34 114
a 42 114 69
a 42 69 76
a 42 76 154
a 42 74 154
a 42 154 73
a 42 73 57
a 42 57 121
a 42 41 121
a 42 121 65
a 42 65 32
a 42 32 2
a 42 2 85
a 42 5 85
a 42 85 40
a 42 40 66
a 42 66 83
a 42 3 83
a 42 83 97
a 42 17 97
a 42 97 56
a 42 56 71
a 42 71 61
a 42 61 49
a 42 49 117
a 42 37 117
a 42 117 29
a 42 29 70
a 42 70 54
a 42 54 28
a 42 28 47
a 42 47 38
a 42 38 94
a 42 14 94
a 42 94 78
a 42 78 53
a 42 53 68
a 42 68 116
a 42 36 116
a 42 116 48
a 42 48 155
a 42 75 155
a 42 155 113
a 42 33 113
a 42 113 119
a 42 39 119
a 42 119 107
a 42 27 107
a 42 107 159
a 42 79 159
a 42 159 135
a 42 55 135
a 42 135 147
a 42 67 147
a 42 147 106
a 42 26 106
a 42 106 101
a 42 21 101
a 42 101 105
a 42 25 105
a 42 105 149
a 42 69 149
a 42 149 156
a 42 76 156
a 42 156 137
a 42 57 137
a 42 137 151
a 42 71 151
a 42 151 153
a 42 73 153
a 42 153 146
a 42 66 146
a 42 146 109
a 42 29 109
a 42 109 120
a 42 40 120
a 42 120 145
a 42 65 145
a 42 145 112
a 42 32 112
a 42 112 82
a 42 2 82
a 42 82 136
a 42 56 136
a 42 136 150
a 42 70 150
a 42 150 134
a 42 54 134
a 42 134 141
a 42 61 141
a 42 141 129
a 42 49 129
a 42 129 158
a 42 78 158
a 42 158 108
a 42 28 108
a 42 108 127
a 42 47 127
a 42 127 148
a 42 68 148
a 42 148 118
a 42 38 118
a 42 118 128
a 42 48 128
a 42 128 133
a 42 53 133
a 42 133 161
a 43 160 16
a 43 16 9
a 43 9 20
a 43 20 35
a 43 35 6
a 43 6 0
a 43 0 19
a 43 19 10
a 43 10 63
a 43 63 24
a 43 24 15
a 43 15 22
a 43 22 45
a 43 45 31
a 43 31 44
a 43 44 12
a 43 12 23
a 43 23 8
a 43 8 1
a 43 1 74
a 43 74 34
a 43 34 5
a 43 5 41
a 43 41 17
a 43 17 37
a 43 37 36
a 43 36 14
a 43 14 96
a 43 16 96
a 43 96 89
a 43 9 89
a 43 89 80
a 43 0 80
a 43 80 100
a 43 20 100
a 43 100 86
a 43 6 86
a 43 86 115
a 43 35 115
a 43 115 59
a 43 59 99
a 43 19 99
a 43 99 27
a 43 27 111
a 43 31 111
a 43 111 143
a 43 63 143
a 43 143 104
a 43 24 104
a 43 104 33
a 43 33 90
a 43 10 90
a 43 90 55
a 43 55 125
a 43 45 125
a 43 125 95
a 43 15 95
a 43 95 26
a 43 26 21
a 43 21 92
a 43 12 92
a 43 92 102
a 43 22 102
a 43 102 124
a 43 44 124
a 43 124 103
a 43 23 103
a 43 103 67
a 43 67 81
a 43 1 81
a 43 81 88
a 43 8 88
a 43 88 25
a 43 25 114
a 43 34 114
a 43 114 69
a 43 69 76
a 43 76 154
a 43 74 154
a 43 154 57
a 43 57 121
a 43 41 121
a 43 121 65
a 43 65 32
a 43 32 46
a 43 46 2
a 43 2 50
a 43 50 60
a 43 60 85
a 43 5 85
a 43 85 40
a 43 40 66
a 43 66 97
a 43 17 97
a 43 97 56
a 43 56 61
a 43 61 49
a 43 49 117
a 43 37 117
a 43 117 29
a 43 29 54
a 43 54 77
a 43 77 47
a 43 47 58
a 43 58 38
a 43 38 94
a 43 14 94
a 43 94 52
a 43 52 53
a 43 53 78
a 43 78 68
a 43 68 116
a 43 36 116
a 43 116 48
a 43 48 139
a 43 59 139
a 43 139 113
a 43 33 113
a 43 113 107
a 43 27 107
a 43 107 135
a 43 55 135
a 43 135 147
a 43 67 147
a 43 147 106
a 43 26 106
a 43 106 101
a 43 21 101
a 43 101 105
a 43 25 105
a 43 105 130
a 43 50 130
a 43 130 149
a 43 69 149
a 43 149 156
a 43 76 156
a 43 156 137
a 43 57 137
a 43 137 126
a 43 46 126
a 43 126 146
a 43 66 146
a 43 146 109
a 43 29 109
a 43 109 120
a 43 40 120
a 43 120 145
a 43 65 145
a 43 145 112
a 43 32 112
a 43 112 82
a 43 2 82
a 43 82 136
a 43 56 136
a 43 136 140
a 43 60 140
a 43 140 134
a 43 54 134
a 43 134 141
a 43 61 141
a 43 141 129
a 43 49 129
a 43 129 158
a 43 78 158
a 43 158 127
a 43 47 127
a 43 127 148
a 43 68 148
a 43 148 118
a 43 38 118
a 43 118 157
a 43 77 157
a 43 157 128
a 43 48 128
a 43 128 133
a 43 53 133
a 43 133 132
a 43 52 132
a 43 132 138
a 43 58 138
a 43 138 161
a 44 160 18
a 44 18 9
a 44 9 51
a 44 51 35
a 44 35 0
a 44 0 30
a 44 30 42
a 44 42 19
a 44 19 10
a 44 10 62
a 44 62 43
a 44 43 24
a 44 24 22
a 44 22 45
a 44 45 31
a 44 31 44
a 44 44 23
a 44 23 74
a 44 74 13
a 44 13 72
a 44 72 34
a 44 34 7
a 44 7 41
a 44 41 3
a 44 3 36
a 44 36 14
a 44 14 98
a 44 18 98
a 44 98 131
a 44 51 131
a 44 131 89
a 44 9 89
a 44 89 80
a 44 0 80
a 44 80 115
a 44 35 115
a 44 115 59
a 44 59 99
a 44 19 99
a 44 99 75
a 44 75 123
a 44 43 123
a 44 123 122
a 44 42 122
a 44 122 111
a 44 31 111
a 44 111 110
a 44 30 110
a 44 110 104
a 44 24 104
a 44 104 142
a 44 62 142
a 44 142 33
a 44 33 90
a 44 10 90
a 44 90 55
a 44 55 79
a 44 79 125
a 44 45 125
a 44 125 39
a 44 39 21
a 44 21 102
a 44 22 102
a 44 102 124
a 44 44 124
a 44 124 103
a 44 23 103
a 44 103 25
a 44 25 152
a 44 72 152
a 44 152 93
a 44 13 93
a 44 93 87
a 44 7 87
a 44 87 114
a 44 34 114
a 44 114 69
a 44 69 154
a 44 74 154
a 44 154 73
a 44 73 121
a 44 41 121
a 44 121 32
a 44 32 2
a 44 2 50
a 44 50 60
a 44 60 40
a 44 40 83
a 44 3 83
a 44 83 56
a 44 56 61
a 44 61 29
a 44 29 70
a 44 70 54
a 44 54 77
a 44 77 58
a 44 58 38
a 44 38 94
a 44 14 94
a 44 94 78
a 44 78 68
a 44 68 116
a 44 36 116
a 44 116 48
a 44 48 139
a 44 59 139
a 44 139 155
a 44 75 155
a 44 155 113
a 44 33 113
a 44 113 119
a 44 39 119
a 44 119 159
a 44 79 159
a 44 159 135
a 44 55 135
a 44 135 101
a 44 21 101
a 44 101 105
a 44 25 105
a 44 105 130
a 44 50 130
a 44 130 149
a 44 69 149
a 44 149 153
a 44 73 153
a 44 153 109
a 44 29 109
a 44 109 120
a 44 40 120
a 44 120 112
a 44 32 112
a 44 112 82
a 44 2 82
a 44 82 136
a 44 56 136
a 44 136 140
a 44 60 140
a 44 140 150
a 44 70 150
a 44 150 134
a 44 54 134
a 44 134 141
a 44 61 141
a 44 141 158
a 44 78 158
a 44 158 148
a 44 68 148
a 44 148 118
a 44 38 118
a 44 118 157
a 44 77 157
a 44 157 128
a 44 48 128
a 44 128 138
a 44 58 138
a 44 138 161
a 45 160 16
a 45 16 9
a 45 9 20
a 45 20 51
a 45 51 35
a 45 35 0
a 45 0 64
a 45 64 42
a 45 42 19
a 45 19 10
a 45 10 62
a 45 62 63
a 45 63 43
a 45 43 15
a 45 15 45
a 45 45 44
a 45 44 12
a 45 12 74
a 45 74 72
a 45 72 5
a 45 5 41
a 45 41 3
a 45 3 17
a 45 17 37
a 45 37 36
a 45 36 96
a 45 16 96
a 45 96 131
a 45 51 131
a 45 131 89
a 45 9 89
a 45 89 80
a 45 0 80
a 45 80 100
a 45 20 100
a 45 100 115
a 45 35 115
a 45 115 59
a 45 59 99
a 45 19 99
a 45 99 144
a 45 64 144
a 45 144 123
a 45 43 123
a 45 123 122
a 45 42 122
a 45 122 27
a 45 27 143
a 45 63 143
a 45 143 142
a 45 62 142
a 45 142 33
a 45 33 90
a 45 10 90
a 45 90 55
a 45 55 79
a 45 79 125
a 45 45 125
a 45 125 95
a 45 15 95
a 45 95 39
a 45 39 21
a 45 21 92
a 45 12 92
a 45 92 124
a 45 44 124
a 45 124 25
a 45 25 152
a 45 72 152
a 45 152 69
a 45 69 154
a 45 74 154
a 45 154 73
a 45 73 57
a 45 57 121
a 45 41 121
a 45 121 65
a 45 65 32
a 45 32 46
a 45 46 60
a 45 60 85
a 45 5 85
a 45 85 40
a 45 40 66
a 45 66 83
a 45 3 83
a 45 83 97
a 45 17 97
a 45 97 56
a 45 56 71
a 45 71 61
a 45 61 49
a 45 49 117
a 45 37 117
a 45 117 70
a 45 70 28
a 45 28 77
a 45 77 47
a 45 47 38
a 45 38 78
a 45 78 68
a 45 68 116
a 45 36 116
a 45 116 48
a 45 48 139
a 45 59 139
a 45 139 113
a 45 33 113
a 45 113 119
a 45 39 119
a 45 119 107
a 45 27 107
a 45 107 159
a 45 79 159
a 45 159 135
a 45 55 135
a 45 135 101
a 45 21 101
a 45 101 105
a 45 25 105
a 45 105 149
a 45 69 149
a 45 149 137
a 45 57 137
a 45 137 151
a 45 71 151
a 45 151 153
a 45 73 153
a 45 153 126
a 45 46 126
a 45 126 146
a 45 66 146
a 45 146 120
a 45 40 120
a 45 120 145
a 45 65 145
a 45 145 112
a 45 32 112
a 45 112 136
a 45 56 136
a 45 136 140
a 45 60 140
a 45 140 150
a 45 70 150
a 45 150 141
a 45 61 141
a 45 141 129
a 45 49 129
a 45 129 158
a 45 78 158
a 45 158 108
a 45 28 108
a 45 108 127
a 45 47 127
a 45 127 148
a 45 68 148
a 45 148 118
a 45 38 118
a 45 118 157
a 45 77 157
a 45 157 128
a 45 48 128
a 45 128 161
a 46 160 16
a 46 16 4
a 46 4 18
a 46 18 9
a 46 9 51
a 46 51 35
a 46 35 6
a 46 6 11
a 46 11 42
a 46 42 19
a 46 19 10
a 46 10 62
a 46 62 43
a 46 43 24
a 46 24 15
a 46 15 31
a 46 31 44
a 46 44 12
a 46 12 23
a 46 23 8
a 46 8 1
a 46 1 74
a 46 74 13
a 46 13 72
a 46 72 7
a 46 7 5
a 46 5 41
a 46 41 3
a 46 3 17
a 46 17 37
a 46 37 14
a 46 14 84
a 46 4 84
a 46 84 98
a 46 18 98
a 46 98 96
a 46 16 96
a 46 96 131
a 46 51 131
a 46 131 89
a 46 9 89
a 46 89 86
a 46 6 86
a 46 86 115
a 46 35 115
a 46 115 59
a 46 59 99
a 46 19 99
a 46 99 75
a 46 75 123
a 46 43 123
a 46 123 122
a 46 42 122
a 46 122 27
a 46 27 91
a 46 11 91
a 46 91 111
a 46 31 111
a 46 111 104
a 46 24 104
a 46 104 142
a 46 62 142
a 46 142 33
a 46 33 90
a 46 10 90
a 46 90 55
a 46 55 79
a 46 79 95
a 46 15 95
a 46 95 39
a 46 39 26
a 46 26 21
a 46 21 92
a 46 12 92
a 46 92 124
a 46 44 124
a 46 124 103
a 46 23 103
a 46 103 81
a 46 1 81
a 46 81 88
a 46 8 88
a 46 88 25
a 46 25 152
a 46 72 152
a 46 152 93
a 46 13 93
a 46 93 87
a 46 7 87
a 46 87 76
a 46 76 154
a 46 74 154
a 46 154 73
a 46 73 57
a 46 57 121
a 46 41 121
a 46 121 46
a 46 46 2
a 46 2 50
a 46 50 60
a 46 60 85
a 46 5 85
a 46 85 83
a 46 3 83
a 46 83 97
a 46 17 97
a 46 97 56
a 46 56 71
a 46 71 61
a 46 61 49
a 46 49 117
a 46 37 117
a 46 117 70
a 46 70 54
a 46 54 77
a 46 77 47
a 46 47 58
a 46 58 38
a 46 38 94
a 46 14 94
a 46 94 53
a 46 53 68
a 46 68 48
a 46 48 139
a 46 59 139
a 46 139 155
a 46 75 155
a 46 155 113
a 46 33 113
a 46 113 119
a 46 39 119
a 46 119 107
a 46 27 107
a 46 107 159
a 46 79 159
a 46 159 135
a 46 55 135
a 46 135 106
a 46 26 106
a 46 106 101
a 46 21 101
a 46 101 105
a 46 25 105
a 46 105 130
a 46 50 130
a 46 130 156
a 46 76 156
a 46 156 137
a 46 57 137
a 46 137 151
a 46 71 151
a 46 151 153
a 46 73 153
a 46 153 126
a 46 46 126
a 46 126 82
a 46 2 82
a 46 82 136
a 46 56 136
a 46 136 140
a 46 60 140
a 46 140 150
a 46 70 150
a 46 150 134
a 46 54 134
a 46 134 141
a 46 61 141
a 46 141 129
a 46 49 129
a 46 129 127
a 46 47 127
a 46 127 148
a 46 68 148
a 46 148 118
a 46 38 118
a 46 118 128
a 46 48 128
a 46 128 157
a 46 77 157
a 46 157 133
a 46 53 133
a 46 133 138
a 46 58 138
a 46 138 161
a 47 160 16
a 47 16 4
a 47 4 9
a 47 9 20
a 47 20 51
a 47 51 35
a 47 35 0
a 47 0 30
a 47 30 11
a 47 11 19
a 47 19 42
a 47 42 10
a 47 10 62
a 47 62 63
a 47 63 43
a 47 43 24
a 47 24 15
a 47 15 22
a 47 22 45
a 47 45 31
a 47 31 44
a 47 44 12
a 47 12 23
a 47 23 1
a 47 1 74
a 47 74 13
a 47 13 72
a 47 72 7
a 47 7 5
a 47 5 41
a 47 41 3
a 47 3 17
a 47 17 14
a 47 14 84
a 47 4 84
a 47 84 96
a 47 16 96
a 47 96 131
a 47 51 131
a 47 131 89
a 47 9 89
a 47 89 80
a 47 0 80
a 47 80 100
a 47 20 100
a 47 100 115
a 47 35 115
a 47 115 59
a 47 59 99
a 47 19 99
a 47 99 75
a 47 75 123
a 47 43 123
a 47 123 122
a 47 42 122
a 47 122 91
a 47 11 91
a 47 91 111
a 47 31 111
a 47 111 143
a 47 63 143
a 47 143 104
a 47 24 104
a 47 104 110
a 47 30 110
a 47 110 142
a 47 62 142
a 47 142 33
a 47 33 90
a 47 10 90
a 47 90 55
a 47 55 79
a 47 79 125
a 47 45 125
a 47 125 95
a 47 15 95
a 47 95 26
a 47 26 21
a 47 21 92
a 47 12 92
a 47 92 102
a 47 22 102
a 47 102 124
a 47 44 124
a 47 124 103
a 47 23 103
a 47 103 67
a 47 67 81
a 47 1 81
a 47 81 25
a 47 25 152
a 47 72 152
a 47 152 93
a 47 13 93
a 47 93 87
a 47 7 87
a 47 87 69
a 47 69 76
a 47 76 154
a 47 74 154
a 47 154 73
a 47 73 57
a 47 57 121
a 47 41 121
a 47 121 65
a 47 65 46
a 47 46 50
a 47 50 85
a 47 5 85
a 47 85 40
a 47 40 97
a 47 17 97
a 47 97 83
a 47 3 83
a 47 83 56
a 47 56 71
a 47 71 61
a 47 61 49
a 47 49 70
a 47 70 54
a 47 54 28
a 47 28 77
a 47 77 47
a 47 47 38
a 47 38 94
a 47 14 94
a 47 94 52
a 47 52 68
a 47 68 139
a 47 59 139
a 47 139 155
a 47 75 155
a 47 155 113
a 47 33 113
a 47 113 159
a 47 79 159
a 47 159 135
a 47 55 135
a 47 135 147
a 47 67 147
a 47 147 106
a 47 26 106
a 47 106 101
a 47 21 101
a 47 101 105
a 47 25 105
a 47 105 130
a 47 50 130
a 47 130 149
a 47 69 149
a 47 149 156
a 47 76 156
a 47 156 137
a 47 57 137
a 47 137 151
a 47 71 151
a 47 151 153
a 47 73 153
a 47 153 126
a 47 46 126
a 47 126 120
a 47 40 120
a 47 120 145
a 47 65 145
a 47 145 136
a 47 56 136
a 47 136 150
a 47 70 150
a 47 150 134
a 47 54 134
a 47 134 141
a 47 61 141
a 47 141 129
a 47 49 129
a 47 129 108
a 47 28 108
a 47 108 127
a 47 47 127
a 47 127 148
a 47 68 148
a 47 148 118
a 47 38 118
a 47 118 157
a 47 77 157
a 47 157 132
a 47 52 132
a 47 132 161
