c resource constrained multi commodity flow
c
c linerlib_networkname Mediterranean-All-3
c transhipmenttype complete
c
c id type|name
c 0 R0_EGPSD
c 1 R0_ESALG
c 2 R0_ESTAR
c 3 R0_GRPIR
c 4 R0_ILASH
c 5 R0_ITGOA
c 6 R0_LBBEY
c 7 R0_MAPTM
c 8 R1_EGALY
c 9 R1_EGPSD
c 10 R1_ESALG
c 11 R1_MACAS
c 12 R1_TRAMB
c 13 R1_TRMER
c 14 R2_ESAGP
c 15 R2_ESALG
c 16 R2_ESVGO
c 17 R2_MAPTM
c 18 R2_PTLEI
c 19 R2_TRAMB
c 20 R3_BGVAR
c 21 R3_EGPSD
c 22 R3_GEPTI
c 23 R3_ILHFA
c 24 R3_SYLTK
c 25 R3_TRAMB
c 26 R3_TRIZM
c 27 R4_DZALG
c 28 R4_ESAGP
c 29 R4_ESALG
c 30 R4_ESBCN
c 31 R4_ESTAR
c 32 R4_ESVLC
c 33 R4_ITGIT
c 34 R4_ITGOA
c 35 R4_ITSAL
c 36 R4_MAAGA
c 37 R4_MACAS
c 38 R4_TNTUN
c 39 O_EGALY
c 40 O_ESAGP
c 41 O_PTLEI
c 42 O_TRAMB
c 43 O_SYLTK
c 44 O_DZALG
c 45 O_ITGIT
c 46 O_BGVAR
c 47 O_TNTUN
c 48 O_EGPSD
c 49 O_ILASH
c 50 O_TRMER
c 51 O_ILHFA
c 52 O_GRPIR
c 53 O_MACAS
c 54 O_MAPTM
c 55 O_ITGOA
c 56 O_TRIZM
c 57 O_LBBEY
c 58 O_ESALG
c 59 O_ESVGO
c 60 O_ESBCN
c 61 O_ESTAR
c 62 O_MAAGA
c 63 O_GEPTI
c 64 O_ITSAL
c 65 O_ESVLC
c 66 D_TRIZM
c 67 D_ITGIT
c 68 D_EGPSD
c 69 D_ILHFA
c 70 D_ITSAL
c 71 D_ITGOA
c 72 D_GEPTI
c 73 D_DZALG
c 74 D_ESAGP
c 75 D_TRMER
c 76 D_GRPIR
c 77 D_SYLTK
c 78 D_TRAMB
c 79 D_ESVLC
c 80 D_ESVGO
c 81 D_MACAS
c 82 D_PTLEI
c 83 D_BGVAR
c 84 D_TNTUN
c 85 D_ESTAR
c 86 D_ESALG
c 87 D_ILASH
c 88 D_EGALY
c 89 D_LBBEY
c 90 D_ESBCN
c 91 D_MAPTM
c 92 D_MAAGA
c
c problem vertices edges commodities resources
p rcmcf 93 156 264 1
c
c origin destination demand resource_limits
k 58 78 266 1400
k 58 88 190 600
k 58 81 180 500
k 48 81 148 1400
k 55 91 146 1900
k 55 68 125 800
k 54 88 112 1000
k 45 81 104 1300
k 61 70 103 900
k 57 68 99 1000
k 41 74 88 1200
k 48 89 86 500
k 51 81 84 1900
k 42 86 80 1700
k 58 76 76 1100
k 48 78 72 1000
k 60 70 72 1000
k 48 77 71 600
k 42 68 71 1400
k 62 86 70 300
k 45 78 66 1100
k 55 72 62 2100
k 42 69 61 1400
k 64 74 59 1300
k 58 92 58 800
k 48 75 57 600
k 58 87 56 1200
k 46 75 55 2400
k 58 69 55 1700
k 55 86 51 700
k 49 83 51 1300
k 41 73 50 1400
k 50 86 49 1300
k 58 84 49 800
k 48 71 48 600
k 60 86 48 1500
k 55 74 47 1400
k 48 84 46 1200
k 39 89 45 500
k 54 89 44 1900
k 51 91 42 2600
k 48 82 41 2200
k 54 75 41 2300
k 65 74 40 1700
k 46 68 40 2100
k 58 89 37 1100
k 42 91 37 1300
k 39 68 37 600
k 58 66 37 1300
k 50 74 37 1400
k 45 71 36 400
k 41 88 36 1400
k 65 86 35 1100
k 60 73 34 1600
k 41 84 34 1500
k 48 90 34 700
k 50 71 33 1400
k 48 85 33 2300
k 58 73 33 1400
k 46 77 31 1300
k 54 72 31 3100
k 56 91 31 2800
k 48 79 31 800
k 60 68 30 2100
k 40 71 30 1600
k 56 86 30 1600
k 47 74 30 1400
k 58 72 30 1600
k 48 88 29 1500
k 50 68 28 300
k 54 71 28 1800
k 57 74 28 2400
k 41 68 28 2100
k 50 85 28 1800
k 53 71 27 1700
k 58 77 26 2100
k 54 69 26 2100
k 48 83 26 900
k 42 74 25 1700
k 49 91 25 2300
k 39 81 25 1900
k 39 74 25 1200
k 45 77 25 1000
k 49 92 25 2100
k 49 68 23 300
k 49 90 23 1300
k 58 71 23 300
k 53 74 22 1500
k 48 73 22 1500
k 64 86 22 800
k 39 86 22 1100
k 54 81 22 2200
k 41 92 21 1900
k 56 68 21 1400
k 46 91 21 3000
k 42 82 21 1900
k 58 75 21 1400
k 46 69 21 1200
k 39 67 20 1500
k 64 68 20 1600
k 41 91 20 1600
k 54 78 20 2200
k 55 73 20 1800
k 45 72 20 1000
k 41 77 20 2000
k 42 77 19 1200
k 47 73 19 2100
k 65 68 19 2200
k 54 90 18 2100
k 49 86 18 1100
k 54 66 18 2400
k 41 67 18 1100
k 51 86 17 1400
k 62 80 17 800
k 60 72 17 1900
k 50 88 17 1000
k 60 77 17 2200
k 50 81 17 2100
k 59 84 17 2100
k 49 67 16 1100
k 52 68 16 2000
k 47 71 16 1100
k 65 75 16 2200
k 60 74 16 1400
k 54 87 16 2300
k 59 83 16 3300
k 53 88 16 2000
k 45 89 16 1800
k 62 74 15 1200
k 45 88 15 600
k 51 67 15 1200
k 53 86 15 1200
k 48 76 15 2600
k 53 68 14 2200
k 45 87 14 700
k 51 90 14 1000
k 65 91 14 1700
k 53 73 13 1500
k 39 91 13 2300
k 42 88 13 2000
k 42 81 13 2000
k 58 83 13 1800
k 46 67 12 1000
k 45 76 12 700
k 50 67 12 1500
k 46 74 12 2300
k 47 81 12 5000
k 55 92 12 1600
k 41 81 12 1300
k 48 66 11 1300
k 50 91 11 2800
k 45 73 11 2800
k 40 81 11 1600
k 48 80 11 1500
k 45 66 11 2400
k 56 67 11 700
k 48 87 10 2500
k 62 67 10 1500
k 43 74 10 2900
k 56 74 10 1200
k 51 92 10 2900
k 39 87 9 800
k 39 82 9 2000
k 63 67 9 900
k 46 87 9 2700
k 54 83 9 2400
k 58 79 9 1500
k 40 80 9 2000
k 49 74 9 900
k 47 67 8 300
k 52 86 8 1800
k 60 92 8 1300
k 55 82 8 1200
k 51 83 8 1000
k 47 68 8 1900
k 40 79 8 1500
k 46 90 8 1800
k 45 83 8 1000
k 41 83 8 2300
k 43 68 7 800
k 40 82 7 1600
k 53 90 7 2600
k 45 84 7 2200
k 40 73 7 1700
k 54 82 7 2100
k 42 84 7 700
k 65 82 7 900
k 40 76 7 2200
k 44 74 7 1300
k 54 76 7 2900
k 43 71 7 1100
k 46 86 7 2600
k 40 77 6 3000
k 46 79 6 1400
k 40 84 6 1800
k 62 71 6 1400
k 52 88 6 1000
k 65 92 6 1500
k 63 68 6 2300
k 59 86 6 1400
k 63 83 6 1900
k 42 90 6 1500
k 64 83 6 5000
k 59 88 6 1900
k 59 68 5 2500
k 41 86 5 1000
k 52 74 5 2300
k 60 91 5 1700
k 51 74 5 1900
k 59 74 5 2100
k 54 79 5 2400
k 62 76 5 2700
k 48 92 4 2400
k 50 84 4 1200
k 45 80 4 4000
k 58 82 4 900
k 39 77 4 800
k 52 91 4 3400
k 48 70 4 2100
k 62 91 4 1800
k 54 84 4 2300
k 45 75 4 2000
k 51 68 4 1600
k 45 82 4 3000
k 45 92 3 3300
k 40 70 3 1600
k 63 86 3 2000
k 55 81 3 900
k 40 90 3 1800
k 59 76 3 1900
k 45 90 3 2800
k 41 69 3 1900
k 48 69 3 1700
k 54 80 3 2100
k 54 73 3 2300
k 54 70 3 2000
k 45 85 3 2800
k 48 72 2 3000
k 57 91 2 1600
k 57 86 2 2300
k 40 88 2 2200
k 44 68 2 2200
k 45 79 2 2000
k 47 86 2 1300
k 42 89 2 1300
k 59 91 2 1800
k 39 84 2 1000
k 40 83 1 3500
k 54 92 1 3100
k 44 82 1 1500
k 42 87 1 2200
k 56 87 1 1200
k 58 70 1 1200
k 40 87 1 2400
k 39 79 1 1000
k 62 68 1 2000
k 47 91 1 2000
k 63 91 1 3300
k 56 89 1 1200
k 51 80 1 1900
k 40 89 1 2800
k 53 91 1 1900
k 40 78 1 3300
k 43 91 1 2100
c
c source target cost capacity resource_consumptions
a 7 2 0 1200 173
a 2 5 0 1200 132
a 5 1 0 1200 275
a 1 6 0 1200 655
a 6 4 0 1200 44
a 4 0 0 1200 47
a 0 3 0 1200 200
a 3 7 0 1200 474
a 9 8 0 800 63
a 8 13 0 800 184
a 13 9 0 800 156
a 9 11 0 800 877
a 11 10 0 1600 79
a 10 11 0 800 79
a 10 12 0 800 745
a 12 9 0 800 339
a 15 17 0 800 22
a 17 14 0 800 38
a 14 19 0 800 507
a 19 18 0 800 656
a 18 16 0 800 124
a 16 15 0 800 153
a 20 22 0 450 226
a 22 25 0 450 244
a 25 26 0 450 106
a 26 23 0 450 249
a 23 21 0 450 83
a 21 24 0 450 127
a 24 20 0 450 365
a 34 35 0 450 152
a 35 33 0 450 112
a 33 31 0 450 290
a 31 30 0 450 20
a 30 29 0 450 201
a 29 37 0 450 74
a 37 36 0 450 99
a 36 28 0 450 193
a 28 29 0 450 40
a 29 28 0 450 40
a 28 32 0 450 129
a 32 29 0 450 150
a 29 27 0 450 167
a 27 38 0 450 151
a 38 34 0 450 182
a 0 9 73 6418 300
a 0 21 73 6418 300
a 9 0 73 6418 300
a 9 21 73 6418 300
a 21 0 73 6418 300
a 21 9 73 6418 300
a 14 28 182 6418 300
a 28 14 182 6418 300
a 1 10 136 6418 300
a 1 15 136 6418 300
a 1 29 136 6418 300
a 10 1 136 6418 300
a 10 15 136 6418 300
a 10 29 136 6418 300
a 15 1 136 6418 300
a 15 10 136 6418 300
a 15 29 136 6418 300
a 29 1 136 6418 300
a 29 10 136 6418 300
a 29 15 136 6418 300
a 2 31 146 6418 300
a 31 2 146 6418 300
a 5 34 111 6418 300
a 34 5 111 6418 300
a 11 37 141 6418 300
a 37 11 141 6418 300
a 7 17 187 6418 300
a 17 7 187 6418 300
a 12 19 19 6418 300
a 12 25 19 6418 300
a 19 12 19 6418 300
a 19 25 19 6418 300
a 25 12 19 6418 300
a 25 19 19 6418 300
a 39 8 0 6418 100
a 40 14 0 6418 100
a 40 28 0 6418 100
a 41 18 0 6418 100
a 42 12 0 6418 100
a 42 19 0 6418 100
a 42 25 0 6418 100
a 43 24 0 6418 100
a 44 27 0 6418 100
a 45 33 0 6418 100
a 46 20 0 6418 100
a 47 38 0 6418 100
a 48 0 0 6418 100
a 48 9 0 6418 100
a 48 21 0 6418 100
a 49 4 0 6418 100
a 50 13 0 6418 100
a 51 23 0 6418 100
a 52 3 0 6418 100
a 53 11 0 6418 100
a 53 37 0 6418 100
a 54 7 0 6418 100
a 54 17 0 6418 100
a 55 5 0 6418 100
a 55 34 0 6418 100
a 56 26 0 6418 100
a 57 6 0 6418 100
a 58 1 0 6418 100
a 58 10 0 6418 100
a 58 15 0 6418 100
a 58 29 0 6418 100
a 59 16 0 6418 100
a 60 30 0 6418 100
a 61 2 0 6418 100
a 61 31 0 6418 100
a 62 36 0 6418 100
a 63 22 0 6418 100
a 64 35 0 6418 100
a 65 32 0 6418 100
a 26 66 0 6418 100
a 33 67 0 6418 100
a 0 68 0 6418 100
a 9 68 0 6418 100
a 21 68 0 6418 100
a 23 69 0 6418 100
a 35 70 0 6418 100
a 5 71 0 6418 100
a 34 71 0 6418 100
a 22 72 0 6418 100
a 27 73 0 6418 100
a 14 74 0 6418 100
a 28 74 0 6418 100
a 13 75 0 6418 100
a 3 76 0 6418 100
a 24 77 0 6418 100
a 12 78 0 6418 100
a 19 78 0 6418 100
a 25 78 0 6418 100
a 32 79 0 6418 100
a 16 80 0 6418 100
a 11 81 0 6418 100
a 37 81 0 6418 100
a 18 82 0 6418 100
a 20 83 0 6418 100
a 38 84 0 6418 100
a 2 85 0 6418 100
a 31 85 0 6418 100
a 1 86 0 6418 100
a 10 86 0 6418 100
a 15 86 0 6418 100
a 29 86 0 6418 100
a 4 87 0 6418 100
a 8 88 0 6418 100
a 6 89 0 6418 100
a 30 90 0 6418 100
a 7 91 0 6418 100
a 17 91 0 6418 100
a 36 92 0 6418 100
