c resource constrained multi commodity flow
c
c linerlib_networkname WAF-All-2
c transhipmenttype complete
c
c id type|name
c 0 R0_CIABJ
c 1 R0_ESALG
c 2 R0_NGAPP
c 3 R1_CIABJ
c 4 R1_ESALG
c 5 R1_SNDKR
c 6 R2_BJCOO
c 7 R2_ESALG
c 8 R2_TGLFW
c 9 R3_CDMAT
c 10 R3_ESALG
c 11 R3_NGAPP
c 12 R3_TGLFW
c 13 R4_AOLOB
c 14 R4_CDBOA
c 15 R4_ESALG
c 16 R4_NGAPP
c 17 R5_AOLAD
c 18 R5_CGPNR
c 19 R5_CIABJ
c 20 R5_GHTKD
c 21 R5_NGAPP
c 22 R6_ESALG
c 23 R6_GHTKD
c 24 R6_GNCKY
c 25 R6_LRMLW
c 26 R6_SLFNA
c 27 R7_CMDLA
c 28 R7_GALBV
c 29 R7_NGAPP
c 30 R8_AOLAD
c 31 R8_ESALG
c 32 R8_NGAPP
c 33 O_SLFNA
c 34 O_CDMAT
c 35 O_SNDKR
c 36 O_ESALG
c 37 O_BJCOO
c 38 O_CIABJ
c 39 O_NGAPP
c 40 O_AOLOB
c 41 O_GHTKD
c 42 O_GALBV
c 43 O_CGPNR
c 44 O_LRMLW
c 45 O_TGLFW
c 46 O_GNCKY
c 47 O_AOLAD
c 48 O_CMDLA
c 49 D_ESALG
c 50 D_GNCKY
c 51 D_CDMAT
c 52 D_LRMLW
c 53 D_BJCOO
c 54 D_SNDKR
c 55 D_AOLAD
c 56 D_GHTKD
c 57 D_NGAPP
c 58 D_CMDLA
c 59 D_CGPNR
c 60 D_AOLOB
c 61 D_TGLFW
c 62 D_CIABJ
c 63 D_GALBV
c 64 D_CDBOA
c 65 D_SLFNA
c
c problem vertices edges commodities resources
p rcmcf 66 186 31 1
c
c origin destination demand resource_limits
k 36 53 683 1600
k 36 63 128 2700
k 47 49 2 3200
k 46 49 59 1800
k 33 49 16 2000
k 36 60 311 2000
k 36 65 101 2000
k 36 64 60 300
k 36 58 274 1900
k 41 49 227 1700
k 42 49 54 1900
k 39 49 88 1700
k 34 49 17 4200
k 36 62 317 1100
k 36 55 696 1700
k 36 54 565 600
k 43 49 19 2500
k 35 49 189 500
k 36 52 142 1800
k 37 49 94 2400
k 36 50 267 1400
k 38 49 326 1500
k 44 49 52 1300
k 48 49 286 1400
k 36 57 1573 1100
k 40 49 51 1900
k 45 49 140 1600
k 36 59 133 2300
k 36 51 220 2600
k 36 61 412 1100
k 36 56 785 1800
c
c source target cost capacity resource_consumptions
a 1 2 0 800 1247
a 2 0 0 800 199
a 0 1 0 800 1055
a 4 5 0 800 572
a 5 4 0 800 572
a 4 3 0 800 978
a 3 4 0 800 978
a 7 6 0 800 1172
a 6 8 0 800 28
a 8 6 0 800 28
a 6 7 0 800 1172
a 10 9 0 800 1499
a 9 11 0 800 399
a 11 12 0 800 53
a 12 10 0 800 1149
a 15 16 0 800 1182
a 16 15 0 1600 1182
a 15 14 0 800 1468
a 14 13 0 800 168
a 13 16 0 800 517
a 18 17 0 450 82
a 17 19 0 450 414
a 19 20 0 450 48
a 20 21 0 450 99
a 21 18 0 450 258
a 23 22 0 450 983
a 22 24 0 450 703
a 24 26 0 450 34
a 26 25 0 450 101
a 25 22 0 450 795
a 22 23 0 450 983
a 27 28 0 450 77
a 28 29 0 450 173
a 29 27 0 450 151
a 31 32 0 450 1202
a 32 30 0 450 442
a 30 31 0 450 1556
a 17 30 221 8287 300
a 30 17 221 8287 300
a 0 3 309 8287 300
a 0 19 309 8287 300
a 3 0 309 8287 300
a 3 19 309 8287 300
a 19 0 309 8287 300
a 19 3 309 8287 300
a 1 4 136 8287 300
a 1 7 136 8287 300
a 1 10 136 8287 300
a 1 15 136 8287 300
a 1 22 136 8287 300
a 1 31 136 8287 300
a 4 1 136 8287 300
a 4 7 136 8287 300
a 4 10 136 8287 300
a 4 15 136 8287 300
a 4 22 136 8287 300
a 4 31 136 8287 300
a 7 1 136 8287 300
a 7 4 136 8287 300
a 7 10 136 8287 300
a 7 15 136 8287 300
a 7 22 136 8287 300
a 7 31 136 8287 300
a 10 1 136 8287 300
a 10 4 136 8287 300
a 10 7 136 8287 300
a 10 15 136 8287 300
a 10 22 136 8287 300
a 10 31 136 8287 300
a 15 1 136 8287 300
a 15 4 136 8287 300
a 15 7 136 8287 300
a 15 10 136 8287 300
a 15 22 136 8287 300
a 15 31 136 8287 300
a 22 1 136 8287 300
a 22 4 136 8287 300
a 22 7 136 8287 300
a 22 10 136 8287 300
a 22 15 136 8287 300
a 22 31 136 8287 300
a 31 1 136 8287 300
a 31 4 136 8287 300
a 31 7 136 8287 300
a 31 10 136 8287 300
a 31 15 136 8287 300
a 31 22 136 8287 300
a 20 23 115 8287 300
a 23 20 115 8287 300
a 2 11 0 8287 300
a 2 16 0 8287 300
a 2 21 0 8287 300
a 2 29 0 8287 300
a 2 32 0 8287 300
a 11 2 0 8287 300
a 11 16 0 8287 300
a 11 21 0 8287 300
a 11 29 0 8287 300
a 11 32 0 8287 300
a 16 2 0 8287 300
a 16 11 0 8287 300
a 16 21 0 8287 300
a 16 29 0 8287 300
a 16 32 0 8287 300
a 21 2 0 8287 300
a 21 11 0 8287 300
a 21 16 0 8287 300
a 21 29 0 8287 300
a 21 32 0 8287 300
a 29 2 0 8287 300
a 29 11 0 8287 300
a 29 16 0 8287 300
a 29 21 0 8287 300
a 29 32 0 8287 300
a 32 2 0 8287 300
a 32 11 0 8287 300
a 32 16 0 8287 300
a 32 21 0 8287 300
a 32 29 0 8287 300
a 8 12 213 8287 300
a 12 8 213 8287 300
a 33 26 0 8287 100
a 34 9 0 8287 100
a 35 5 0 8287 100
a 36 1 0 8287 100
a 36 4 0 8287 100
a 36 7 0 8287 100
a 36 10 0 8287 100
a 36 15 0 8287 100
a 36 22 0 8287 100
a 36 31 0 8287 100
a 37 6 0 8287 100
a 38 0 0 8287 100
a 38 3 0 8287 100
a 38 19 0 8287 100
a 39 2 0 8287 100
a 39 11 0 8287 100
a 39 16 0 8287 100
a 39 21 0 8287 100
a 39 29 0 8287 100
a 39 32 0 8287 100
a 40 13 0 8287 100
a 41 20 0 8287 100
a 41 23 0 8287 100
a 42 28 0 8287 100
a 43 18 0 8287 100
a 44 25 0 8287 100
a 45 8 0 8287 100
a 45 12 0 8287 100
a 46 24 0 8287 100
a 47 17 0 8287 100
a 47 30 0 8287 100
a 48 27 0 8287 100
a 1 49 0 8287 100
a 4 49 0 8287 100
a 7 49 0 8287 100
a 10 49 0 8287 100
a 15 49 0 8287 100
a 22 49 0 8287 100
a 31 49 0 8287 100
a 24 50 0 8287 100
a 9 51 0 8287 100
a 25 52 0 8287 100
a 6 53 0 8287 100
a 5 54 0 8287 100
a 17 55 0 8287 100
a 30 55 0 8287 100
a 20 56 0 8287 100
a 23 56 0 8287 100
a 2 57 0 8287 100
a 11 57 0 8287 100
a 16 57 0 8287 100
a 21 57 0 8287 100
a 29 57 0 8287 100
a 32 57 0 8287 100
a 27 58 0 8287 100
a 18 59 0 8287 100
a 13 60 0 8287 100
a 8 61 0 8287 100
a 12 61 0 8287 100
a 0 62 0 8287 100
a 3 62 0 8287 100
a 19 62 0 8287 100
a 28 63 0 8287 100
a 14 64 0 8287 100
a 26 65 0 8287 100
