c resource constrained multi commodity flow
c
c linerlib_networkname WAF_high_best_pid_21672_3
c transhipmenttype complete
c
c id type|name
c 0 R0_ESALG
c 1 R0_GHTKD
c 2 R0_GNCKY
c 3 R0_GWOXB
c 4 R0_LRMLW
c 5 R0_SLFNA
c 6 R1_BJCOO
c 7 R1_CIABJ
c 8 R1_ESALG
c 9 R1_SNDKR
c 10 R1_TGLFW
c 11 R2_BJCOO
c 12 R2_ESALG
c 13 R3_BJCOO
c 14 R3_ESALG
c 15 R3_NGAPP
c 16 R4_AOLAD
c 17 R4_CGPNR
c 18 R4_CMDLA
c 19 R4_GALBV
c 20 R4_NGAPP
c 21 R5_AOLAD
c 22 R5_BJCOO
c 23 R5_ESALG
c 24 R5_GHTKD
c 25 R6_BJCOO
c 26 R6_ESALG
c 27 R6_NGAPP
c 28 R7_AOLOB
c 29 R7_BJCOO
c 30 R7_CDBOA
c 31 R7_CDMAT
c 32 R7_CIABJ
c 33 R7_ESALG
c 34 R7_NGAPP
c 35 O_SLFNA
c 36 O_CDMAT
c 37 O_SNDKR
c 38 O_ESALG
c 39 O_BJCOO
c 40 O_CIABJ
c 41 O_NGAPP
c 42 O_AOLOB
c 43 O_GHTKD
c 44 O_GALBV
c 45 O_CGPNR
c 46 O_GWOXB
c 47 O_LRMLW
c 48 O_TGLFW
c 49 O_GNCKY
c 50 O_AOLAD
c 51 O_CMDLA
c 52 D_ESALG
c 53 D_GWOXB
c 54 D_GNCKY
c 55 D_LRMLW
c 56 D_BJCOO
c 57 D_CDMAT
c 58 D_SNDKR
c 59 D_AOLAD
c 60 D_GHTKD
c 61 D_NGAPP
c 62 D_CMDLA
c 63 D_CGPNR
c 64 D_AOLOB
c 65 D_TGLFW
c 66 D_CIABJ
c 67 D_GALBV
c 68 D_CDBOA
c 69 D_SLFNA
c
c problem vertices edges commodities resources
p rcmcf 70 198 33 1
c
c origin destination demand resource_limits
k 38 56 683 1600
k 38 67 128 2700
k 50 52 2 3200
k 49 52 59 1800
k 35 52 16 2000
k 38 64 311 2000
k 38 69 101 2000
k 38 68 60 300
k 38 62 274 1900
k 43 52 227 1700
k 44 52 54 1900
k 41 52 88 1700
k 36 52 17 4200
k 38 66 317 1100
k 38 59 696 1700
k 38 53 5 2100
k 38 58 565 600
k 45 52 19 2500
k 37 52 189 500
k 38 55 142 1800
k 39 52 94 2400
k 38 54 267 1400
k 40 52 326 1500
k 47 52 52 1300
k 51 52 286 1400
k 38 61 1573 1100
k 42 52 51 1900
k 48 52 140 1600
k 46 52 40 3700
k 38 63 133 2300
k 38 57 220 2600
k 38 65 412 1100
k 38 60 785 1800
c
c source target cost capacity resource_consumptions
a 1 0 0 3150 1015
a 0 3 0 3150 827
a 3 2 0 3150 536
a 2 5 0 3150 35
a 5 0 0 3150 741
a 0 4 0 3150 820
a 4 1 0 3150 225
a 6 7 0 4800 168
a 7 8 0 4800 1029
a 8 9 0 4800 602
a 9 8 0 4800 602
a 8 10 0 4800 1170
a 10 6 0 4800 29
a 11 12 0 2400 950
a 12 11 0 2400 950
a 13 15 0 3200 27
a 15 14 0 3200 1247
a 14 13 0 3200 1227
a 17 20 0 1350 349
a 20 18 0 1350 187
a 18 19 0 1350 95
a 19 20 0 1350 215
a 20 16 0 1350 460
a 16 17 0 1350 111
a 23 21 0 2250 1513
a 21 22 0 2250 437
a 22 24 0 2250 100
a 24 23 0 2250 1050
a 25 27 0 3200 27
a 27 26 0 3200 1247
a 26 25 0 3200 1227
a 30 28 0 7200 161
a 28 32 0 7200 587
a 32 33 0 7200 955
a 33 29 0 7200 1111
a 29 34 0 7200 24
a 34 33 0 7200 1129
a 33 31 0 7200 1418
a 31 30 0 7200 114
a 16 21 221 8332 300
a 21 16 221 8332 300
a 6 11 87 8332 300
a 6 13 87 8332 300
a 6 22 87 8332 300
a 6 25 87 8332 300
a 6 29 87 8332 300
a 11 6 87 8332 300
a 11 13 87 8332 300
a 11 22 87 8332 300
a 11 25 87 8332 300
a 11 29 87 8332 300
a 13 6 87 8332 300
a 13 11 87 8332 300
a 13 22 87 8332 300
a 13 25 87 8332 300
a 13 29 87 8332 300
a 22 6 87 8332 300
a 22 11 87 8332 300
a 22 13 87 8332 300
a 22 25 87 8332 300
a 22 29 87 8332 300
a 25 6 87 8332 300
a 25 11 87 8332 300
a 25 13 87 8332 300
a 25 22 87 8332 300
a 25 29 87 8332 300
a 29 6 87 8332 300
a 29 11 87 8332 300
a 29 13 87 8332 300
a 29 22 87 8332 300
a 29 25 87 8332 300
a 7 32 309 8332 300
a 32 7 309 8332 300
a 0 8 136 8332 300
a 0 12 136 8332 300
a 0 14 136 8332 300
a 0 23 136 8332 300
a 0 26 136 8332 300
a 0 33 136 8332 300
a 8 0 136 8332 300
a 8 12 136 8332 300
a 8 14 136 8332 300
a 8 23 136 8332 300
a 8 26 136 8332 300
a 8 33 136 8332 300
a 12 0 136 8332 300
a 12 8 136 8332 300
a 12 14 136 8332 300
a 12 23 136 8332 300
a 12 26 136 8332 300
a 12 33 136 8332 300
a 14 0 136 8332 300
a 14 8 136 8332 300
a 14 12 136 8332 300
a 14 23 136 8332 300
a 14 26 136 8332 300
a 14 33 136 8332 300
a 23 0 136 8332 300
a 23 8 136 8332 300
a 23 12 136 8332 300
a 23 14 136 8332 300
a 23 26 136 8332 300
a 23 33 136 8332 300
a 26 0 136 8332 300
a 26 8 136 8332 300
a 26 12 136 8332 300
a 26 14 136 8332 300
a 26 23 136 8332 300
a 26 33 136 8332 300
a 33 0 136 8332 300
a 33 8 136 8332 300
a 33 12 136 8332 300
a 33 14 136 8332 300
a 33 23 136 8332 300
a 33 26 136 8332 300
a 1 24 115 8332 300
a 24 1 115 8332 300
a 15 20 0 8332 300
a 15 27 0 8332 300
a 15 34 0 8332 300
a 20 15 0 8332 300
a 20 27 0 8332 300
a 20 34 0 8332 300
a 27 15 0 8332 300
a 27 20 0 8332 300
a 27 34 0 8332 300
a 34 15 0 8332 300
a 34 20 0 8332 300
a 34 27 0 8332 300
a 35 5 0 8332 100
a 36 31 0 8332 100
a 37 9 0 8332 100
a 38 0 0 8332 100
a 38 8 0 8332 100
a 38 12 0 8332 100
a 38 14 0 8332 100
a 38 23 0 8332 100
a 38 26 0 8332 100
a 38 33 0 8332 100
a 39 6 0 8332 100
a 39 11 0 8332 100
a 39 13 0 8332 100
a 39 22 0 8332 100
a 39 25 0 8332 100
a 39 29 0 8332 100
a 40 7 0 8332 100
a 40 32 0 8332 100
a 41 15 0 8332 100
a 41 20 0 8332 100
a 41 27 0 8332 100
a 41 34 0 8332 100
a 42 28 0 8332 100
a 43 1 0 8332 100
a 43 24 0 8332 100
a 44 19 0 8332 100
a 45 17 0 8332 100
a 46 3 0 8332 100
a 47 4 0 8332 100
a 48 10 0 8332 100
a 49 2 0 8332 100
a 50 16 0 8332 100
a 50 21 0 8332 100
a 51 18 0 8332 100
a 0 52 0 8332 100
a 8 52 0 8332 100
a 12 52 0 8332 100
a 14 52 0 8332 100
a 23 52 0 8332 100
a 26 52 0 8332 100
a 33 52 0 8332 100
a 3 53 0 8332 100
a 2 54 0 8332 100
a 4 55 0 8332 100
a 6 56 0 8332 100
a 11 56 0 8332 100
a 13 56 0 8332 100
a 22 56 0 8332 100
a 25 56 0 8332 100
a 29 56 0 8332 100
a 31 57 0 8332 100
a 9 58 0 8332 100
a 16 59 0 8332 100
a 21 59 0 8332 100
a 1 60 0 8332 100
a 24 60 0 8332 100
a 15 61 0 8332 100
a 20 61 0 8332 100
a 27 61 0 8332 100
a 34 61 0 8332 100
a 18 62 0 8332 100
a 17 63 0 8332 100
a 28 64 0 8332 100
a 10 65 0 8332 100
a 7 66 0 8332 100
a 32 66 0 8332 100
a 19 67 0 8332 100
a 30 68 0 8332 100
a 5 69 0 8332 100
