c resource constrained multi commodity flow
c
c linerlib_networkname WAF_low_best_16089_10
c transhipmenttype complete
c
c id type|name
c 0 R0_BJCOO
c 1 R0_CIABJ
c 2 R0_ESALG
c 3 R0_SNDKR
c 4 R1_AOLOB
c 5 R1_BJCOO
c 6 R1_CDBOA
c 7 R1_CDMAT
c 8 R1_CGPNR
c 9 R1_ESALG
c 10 R1_TGLFW
c 11 R2_ESALG
c 12 R2_NGAPP
c 13 R2_TGLFW
c 14 R3_ESALG
c 15 R3_NGAPP
c 16 R4_AOLAD
c 17 R4_ESALG
c 18 R4_GHTKD
c 19 R4_NGAPP
c 20 R5_ESALG
c 21 R5_NGAPP
c 22 R6_ESALG
c 23 R6_NGAPP
c 24 R7_ESALG
c 25 R7_GNCKY
c 26 R7_LRMLW
c 27 R8_CMDLA
c 28 R8_GALBV
c 29 R8_GHTKD
c 30 R8_NGAPP
c 31 O_CDMAT
c 32 O_SNDKR
c 33 O_ESALG
c 34 O_BJCOO
c 35 O_CIABJ
c 36 O_NGAPP
c 37 O_AOLOB
c 38 O_GHTKD
c 39 O_GALBV
c 40 O_CGPNR
c 41 O_LRMLW
c 42 O_TGLFW
c 43 O_GNCKY
c 44 O_AOLAD
c 45 O_CMDLA
c 46 D_ESALG
c 47 D_GNCKY
c 48 D_CDMAT
c 49 D_LRMLW
c 50 D_BJCOO
c 51 D_SNDKR
c 52 D_AOLAD
c 53 D_GHTKD
c 54 D_NGAPP
c 55 D_CMDLA
c 56 D_CGPNR
c 57 D_AOLOB
c 58 D_TGLFW
c 59 D_CIABJ
c 60 D_GALBV
c 61 D_CDBOA
c
c problem vertices edges commodities resources
p rcmcf 62 186 29 1
c
c origin destination demand resource_limits
k 33 50 683 1600
k 33 60 128 2700
k 44 46 2 3200
k 43 46 59 1800
k 33 57 311 2000
k 33 61 60 300
k 33 55 274 1900
k 38 46 227 1700
k 39 46 54 1900
k 36 46 88 1700
k 31 46 17 4200
k 33 59 317 1100
k 33 52 696 1700
k 33 51 565 600
k 40 46 19 2500
k 32 46 189 500
k 33 49 142 1800
k 34 46 94 2400
k 33 47 267 1400
k 35 46 326 1500
k 41 46 52 1300
k 45 46 286 1400
k 33 54 1573 1100
k 37 46 51 1900
k 42 46 140 1600
k 33 56 133 2300
k 33 48 220 2600
k 33 58 412 1100
k 33 53 785 1800
c
c source target cost capacity resource_consumptions
a 0 1 0 4000 140
a 1 2 0 4000 858
a 2 3 0 4000 502
a 3 2 0 4000 502
a 2 0 0 4000 998
a 4 6 0 4000 137
a 6 9 0 4000 1191
a 9 5 0 4000 944
a 5 10 0 4000 23
a 10 8 0 4000 291
a 8 7 0 4000 52
a 7 4 0 4000 162
a 13 12 0 2400 40
a 12 11 0 2400 897
a 11 13 0 2400 863
a 14 15 0 2400 950
a 15 14 0 2400 950
a 17 16 0 2250 1504
a 16 19 0 2250 428
a 19 18 0 2250 124
a 18 17 0 2250 1044
a 21 20 0 2400 950
a 20 21 0 2400 950
a 22 23 0 2400 950
a 23 22 0 2400 950
a 25 26 0 1350 131
a 26 24 0 1350 885
a 24 25 0 1350 784
a 30 28 0 900 215
a 28 27 0 900 95
a 27 30 0 900 187
a 30 29 0 900 134
a 29 30 0 900 134
a 0 5 87 8170 300
a 5 0 87 8170 300
a 2 9 136 8170 300
a 2 11 136 8170 300
a 2 14 136 8170 300
a 2 17 136 8170 300
a 2 20 136 8170 300
a 2 22 136 8170 300
a 2 24 136 8170 300
a 9 2 136 8170 300
a 9 11 136 8170 300
a 9 14 136 8170 300
a 9 17 136 8170 300
a 9 20 136 8170 300
a 9 22 136 8170 300
a 9 24 136 8170 300
a 11 2 136 8170 300
a 11 9 136 8170 300
a 11 14 136 8170 300
a 11 17 136 8170 300
a 11 20 136 8170 300
a 11 22 136 8170 300
a 11 24 136 8170 300
a 14 2 136 8170 300
a 14 9 136 8170 300
a 14 11 136 8170 300
a 14 17 136 8170 300
a 14 20 136 8170 300
a 14 22 136 8170 300
a 14 24 136 8170 300
a 17 2 136 8170 300
a 17 9 136 8170 300
a 17 11 136 8170 300
a 17 14 136 8170 300
a 17 20 136 8170 300
a 17 22 136 8170 300
a 17 24 136 8170 300
a 20 2 136 8170 300
a 20 9 136 8170 300
a 20 11 136 8170 300
a 20 14 136 8170 300
a 20 17 136 8170 300
a 20 22 136 8170 300
a 20 24 136 8170 300
a 22 2 136 8170 300
a 22 9 136 8170 300
a 22 11 136 8170 300
a 22 14 136 8170 300
a 22 17 136 8170 300
a 22 20 136 8170 300
a 22 24 136 8170 300
a 24 2 136 8170 300
a 24 9 136 8170 300
a 24 11 136 8170 300
a 24 14 136 8170 300
a 24 17 136 8170 300
a 24 20 136 8170 300
a 24 22 136 8170 300
a 18 29 115 8170 300
a 29 18 115 8170 300
a 12 15 0 8170 300
a 12 19 0 8170 300
a 12 21 0 8170 300
a 12 23 0 8170 300
a 12 30 0 8170 300
a 15 12 0 8170 300
a 15 19 0 8170 300
a 15 21 0 8170 300
a 15 23 0 8170 300
a 15 30 0 8170 300
a 19 12 0 8170 300
a 19 15 0 8170 300
a 19 21 0 8170 300
a 19 23 0 8170 300
a 19 30 0 8170 300
a 21 12 0 8170 300
a 21 15 0 8170 300
a 21 19 0 8170 300
a 21 23 0 8170 300
a 21 30 0 8170 300
a 23 12 0 8170 300
a 23 15 0 8170 300
a 23 19 0 8170 300
a 23 21 0 8170 300
a 23 30 0 8170 300
a 30 12 0 8170 300
a 30 15 0 8170 300
a 30 19 0 8170 300
a 30 21 0 8170 300
a 30 23 0 8170 300
a 10 13 213 8170 300
a 13 10 213 8170 300
a 31 7 0 8170 100
a 32 3 0 8170 100
a 33 2 0 8170 100
a 33 9 0 8170 100
a 33 11 0 8170 100
a 33 14 0 8170 100
a 33 17 0 8170 100
a 33 20 0 8170 100
a 33 22 0 8170 100
a 33 24 0 8170 100
a 34 0 0 8170 100
a 34 5 0 8170 100
a 35 1 0 8170 100
a 36 12 0 8170 100
a 36 15 0 8170 100
a 36 19 0 8170 100
a 36 21 0 8170 100
a 36 23 0 8170 100
a 36 30 0 8170 100
a 37 4 0 8170 100
a 38 18 0 8170 100
a 38 29 0 8170 100
a 39 28 0 8170 100
a 40 8 0 8170 100
a 41 26 0 8170 100
a 42 10 0 8170 100
a 42 13 0 8170 100
a 43 25 0 8170 100
a 44 16 0 8170 100
a 45 27 0 8170 100
a 2 46 0 8170 100
a 9 46 0 8170 100
a 11 46 0 8170 100
a 14 46 0 8170 100
a 17 46 0 8170 100
a 20 46 0 8170 100
a 22 46 0 8170 100
a 24 46 0 8170 100
a 25 47 0 8170 100
a 7 48 0 8170 100
a 26 49 0 8170 100
a 0 50 0 8170 100
a 5 50 0 8170 100
a 3 51 0 8170 100
a 16 52 0 8170 100
a 18 53 0 8170 100
a 29 53 0 8170 100
a 12 54 0 8170 100
a 15 54 0 8170 100
a 19 54 0 8170 100
a 21 54 0 8170 100
a 23 54 0 8170 100
a 30 54 0 8170 100
a 27 55 0 8170 100
a 8 56 0 8170 100
a 4 57 0 8170 100
a 10 58 0 8170 100
a 13 58 0 8170 100
a 1 59 0 8170 100
a 28 60 0 8170 100
a 6 61 0 8170 100
