c resource constrained multi commodity flow
c Mediterranean
c linerlib_networkname Med_low_best_12808_11
c transhipmenttype complete
c
c id type|name
c 0 R0_CYLMS
c 1 R0_DZBJA
c 2 R0_EGALY
c 3 R0_EGPSD
c 4 R0_ESAGP
c 5 R0_ESALG
c 6 R0_ESLPA
c 7 R0_ESVLC
c 8 R0_GRPIR
c 9 R0_ILHFA
c 10 R0_ITGIT
c 11 R0_ITGOA
c 12 R0_MAAGA
c 13 R0_MACAS
c 14 R0_PTLEI
c 15 R0_TRAMB
c 16 R1_BGVAR
c 17 R1_CYLMS
c 18 R1_EGPSD
c 19 R1_GEPTI
c 20 R1_ITGIT
c 21 R1_LBBEY
c 22 R1_TRAMB
c 23 R1_TRIZM
c 24 R1_TRMER
c 25 R2_DZALG
c 26 R2_ESBCN
c 27 R2_ESTAR
c 28 R2_ITGIT
c 29 R2_ITSAL
c 30 R2_TNTUN
c 31 R3_EGPSD
c 32 R3_ESALG
c 33 R3_ILASH
c 34 R3_ITGIT
c 35 R3_ITGOA
c 36 R3_LBBEY
c 37 R3_MAPTM
c 38 O_BGVAR
c 39 O_CYLMS
c 40 O_DZALG
c 41 O_DZBJA
c 42 O_EGALY
c 43 O_EGPSD
c 44 O_ESAGP
c 45 O_ESALG
c 46 O_ESBCN
c 47 O_ESLPA
c 48 O_ESTAR
c 49 O_ESVLC
c 50 O_GEPTI
c 51 O_GRPIR
c 52 O_ILASH
c 53 O_ILHFA
c 54 O_ITGIT
c 55 O_ITGOA
c 56 O_ITSAL
c 57 O_LBBEY
c 58 O_MAAGA
c 59 O_MACAS
c 60 O_MAPTM
c 61 O_PTLEI
c 62 O_TNTUN
c 63 O_TRAMB
c 64 O_TRIZM
c 65 O_TRMER
c 66 D_BGVAR
c 67 D_CYLMS
c 68 D_DZALG
c 69 D_DZBJA
c 70 D_EGALY
c 71 D_EGPSD
c 72 D_ESAGP
c 73 D_ESALG
c 74 D_ESBCN
c 75 D_ESLPA
c 76 D_ESTAR
c 77 D_ESVLC
c 78 D_GEPTI
c 79 D_GRPIR
c 80 D_ILASH
c 81 D_ILHFA
c 82 D_ITGIT
c 83 D_ITGOA
c 84 D_ITSAL
c 85 D_LBBEY
c 86 D_MAAGA
c 87 D_MACAS
c 88 D_MAPTM
c 89 D_PTLEI
c 90 D_TNTUN
c 91 D_TRAMB
c 92 D_TRIZM
c 93 D_TRMER
c
c problem vertices edges commodities resources
p rcmcf 94 144 257 1
c
c origin destination demand resource_limits
k 45 91 266 1400
k 45 70 190 600
k 45 87 180 500
k 43 87 148 1400
k 55 88 146 1900
k 55 71 125 800
k 60 70 112 1000
k 54 87 104 1300
k 48 84 103 900
k 57 71 99 1000
k 61 72 88 1200
k 43 85 86 500
k 53 87 84 1900
k 63 73 80 1700
k 45 79 76 1100
k 43 91 72 1000
k 46 84 72 1000
k 63 71 71 1400
k 58 73 70 300
k 54 91 66 1100
k 55 78 62 2100
k 63 81 61 1400
k 56 72 59 1300
k 45 86 58 800
k 43 93 57 600
k 45 80 56 1200
k 38 93 55 2400
k 45 81 55 1700
k 55 73 51 700
k 52 66 51 1300
k 61 68 50 1400
k 65 73 49 1300
k 45 90 49 800
k 43 83 48 600
k 46 73 48 1500
k 55 72 47 1400
k 43 90 46 1200
k 42 85 45 500
k 60 85 44 1900
k 53 88 42 2600
k 43 89 41 2200
k 60 93 41 2300
k 49 72 40 1700
k 38 71 40 2100
k 45 85 37 1100
k 63 88 37 1300
k 42 71 37 600
k 45 92 37 1300
k 65 72 37 1400
k 54 83 36 400
k 61 70 36 1400
k 49 73 35 1100
k 46 68 34 1600
k 61 90 34 1500
k 43 74 34 700
k 65 83 33 1400
k 43 76 33 2300
k 45 68 33 1400
k 59 69 32 2300
k 60 78 31 3100
k 64 88 31 2800
k 43 77 31 800
k 46 71 30 2100
k 44 83 30 1600
k 64 73 30 1600
k 62 72 30 1400
k 45 78 30 1600
k 43 70 29 1500
k 65 71 28 300
k 60 83 28 1800
k 57 72 28 2400
k 61 71 28 2100
k 57 67 28 300
k 65 76 28 1800
k 59 83 27 1700
k 60 81 26 2100
k 43 66 26 900
k 63 72 25 1700
k 52 88 25 2300
k 42 87 25 1900
k 42 72 25 1200
k 52 86 25 2100
k 47 82 24 900
k 52 71 23 300
k 52 74 23 1300
k 45 83 23 300
k 59 72 22 1500
k 43 68 22 1500
k 56 73 22 800
k 42 73 22 1100
k 60 87 22 2200
k 61 86 21 1900
k 64 71 21 1400
k 38 88 21 3000
k 63 89 21 1900
k 45 93 21 1400
k 38 81 21 1200
k 45 75 21 700
k 42 82 20 1500
k 56 71 20 1600
k 61 88 20 1600
k 60 91 20 2200
k 55 68 20 1800
k 54 78 20 1000
k 62 68 19 2100
k 49 71 19 2200
k 60 74 18 2100
k 52 73 18 1100
k 60 92 18 2400
k 61 82 18 1100
k 53 73 17 1400
k 46 78 17 1900
k 65 70 17 1000
k 65 87 17 2100
k 52 82 16 1100
k 51 71 16 2000
k 62 83 16 1100
k 49 93 16 2200
k 46 72 16 1400
k 60 80 16 2300
k 59 70 16 2000
k 54 85 16 1800
k 58 72 15 1200
k 54 70 15 600
k 53 82 15 1200
k 59 73 15 1200
k 43 79 15 2600
k 59 71 14 2200
k 54 80 14 700
k 53 74 14 1000
k 47 83 14 1200
k 49 88 14 1700
k 59 68 13 1500
k 42 88 13 2300
k 63 70 13 2000
k 63 87 13 2000
k 45 66 13 1800
k 38 82 12 1000
k 54 79 12 700
k 65 82 12 1500
k 38 72 12 2300
k 62 87 12 5000
k 47 70 12 1400
k 55 86 12 1600
k 61 87 12 1300
k 43 92 11 1300
k 65 88 11 2800
k 54 68 11 2800
k 44 87 11 1600
k 54 92 11 2400
k 64 82 11 700
k 43 80 10 2500
k 58 82 10 1500
k 64 72 10 1200
k 53 86 10 2900
k 42 80 9 800
k 42 89 9 2000
k 50 82 9 900
k 38 80 9 2700
k 60 66 9 2400
k 45 77 9 1500
k 52 72 9 900
k 54 69 9 1600
k 62 82 8 300
k 51 73 8 1800
k 46 86 8 1300
k 55 89 8 1200
k 53 66 8 1000
k 60 69 8 2800
k 62 71 8 1900
k 39 82 8 1000
k 44 77 8 1500
k 45 69 8 1700
k 38 74 8 1800
k 54 66 8 1000
k 61 66 8 2300
k 44 89 7 1600
k 59 74 7 2600
k 54 90 7 2200
k 44 68 7 1700
k 60 89 7 2100
k 63 90 7 700
k 49 89 7 900
k 44 79 7 2200
k 40 72 7 1300
k 60 79 7 2900
k 38 73 7 2600
k 38 77 6 1400
k 44 90 6 1800
k 58 83 6 1400
k 51 70 6 1000
k 49 86 6 1500
k 50 71 6 2300
k 50 66 6 1900
k 63 74 6 1500
k 56 66 6 5000
k 61 73 5 1000
k 51 72 5 2300
k 46 88 5 1700
k 53 72 5 1900
k 60 77 5 2400
k 58 79 5 2700
k 43 86 4 2400
k 65 90 4 1200
k 45 89 4 900
k 51 88 4 3400
k 43 84 4 2100
k 58 88 4 1800
k 60 90 4 2300
k 54 67 4 1800
k 54 93 4 2000
k 45 67 4 1800
k 53 71 4 1600
k 54 89 4 3000
k 43 69 4 2300
k 54 86 3 3300
k 44 84 3 1600
k 50 73 3 2000
k 55 87 3 900
k 43 67 3 1100
k 44 74 3 1800
k 54 74 3 2800
k 61 81 3 1900
k 43 81 3 1700
k 60 68 3 2300
k 60 84 3 2000
k 54 76 3 2800
k 43 78 2 3000
k 57 88 2 1600
k 57 73 2 2300
k 44 70 2 2200
k 40 71 2 2200
k 54 77 2 2000
k 62 73 2 1300
k 47 72 2 1700
k 63 85 2 1300
k 42 90 2 1000
k 44 66 1 3500
k 60 86 1 3100
k 40 89 1 1500
k 63 80 1 2200
k 64 80 1 1200
k 45 84 1 1200
k 41 89 1 1900
k 44 80 1 2400
k 42 77 1 1000
k 58 71 1 2000
k 62 88 1 2000
k 50 88 1 3300
k 64 85 1 1200
k 44 85 1 2800
k 59 88 1 1900
k 44 91 1 3300
k 44 69 1 7000
k 44 67 1 2900
k 39 71 1 1700
k 39 73 1 1300
c
c source target cost capacity resource_consumptions
a 0 9 0 4800 46
a 9 3 0 4800 70
a 3 2 0 4800 50
a 2 10 0 4800 313
a 10 11 0 4800 167
a 11 7 0 4800 166
a 7 4 0 4800 108
a 4 5 0 4800 33
a 5 13 0 4800 62
a 13 12 0 4800 83
a 12 6 0 4800 109
a 6 14 0 4800 289
a 14 5 0 4800 159
a 5 1 0 4800 173
a 1 8 0 4800 310
a 8 15 0 4800 130
a 15 0 0 4800 233
a 19 16 0 1800 225
a 16 22 0 1800 58
a 22 23 0 1800 106
a 23 18 0 1800 240
a 18 21 0 1800 96
a 21 24 0 1800 68
a 24 17 0 1800 67
a 17 20 0 1800 439
a 20 19 0 1800 600
a 27 29 0 900 289
a 29 28 0 900 111
a 28 30 0 900 121
a 30 25 0 900 150
a 25 26 0 900 108
a 26 27 0 900 20
a 32 37 0 3600 20
a 37 32 0 3600 20
a 32 35 0 3600 226
a 35 34 0 3600 137
a 34 36 0 3600 309
a 36 33 0 3600 36
a 33 31 0 3600 39
a 31 32 0 3600 514
a 0 17 144 6255 300
a 17 0 144 6255 300
a 3 18 73 6255 300
a 3 31 73 6255 300
a 18 3 73 6255 300
a 18 31 73 6255 300
a 31 3 73 6255 300
a 31 18 73 6255 300
a 5 32 136 6255 300
a 32 5 136 6255 300
a 10 20 102 6255 300
a 10 28 102 6255 300
a 10 34 102 6255 300
a 20 10 102 6255 300
a 20 28 102 6255 300
a 20 34 102 6255 300
a 28 10 102 6255 300
a 28 20 102 6255 300
a 28 34 102 6255 300
a 34 10 102 6255 300
a 34 20 102 6255 300
a 34 28 102 6255 300
a 11 35 111 6255 300
a 35 11 111 6255 300
a 21 36 148 6255 300
a 36 21 148 6255 300
a 15 22 19 6255 300
a 22 15 19 6255 300
a 65 24 0 6255 100
a 50 19 0 6255 100
a 59 13 0 6255 100
a 40 25 0 6255 100
a 54 10 0 6255 100
a 54 20 0 6255 100
a 54 28 0 6255 100
a 54 34 0 6255 100
a 60 37 0 6255 100
a 64 23 0 6255 100
a 51 8 0 6255 100
a 39 0 0 6255 100
a 39 17 0 6255 100
a 57 21 0 6255 100
a 57 36 0 6255 100
a 46 26 0 6255 100
a 49 7 0 6255 100
a 43 3 0 6255 100
a 43 18 0 6255 100
a 43 31 0 6255 100
a 42 2 0 6255 100
a 53 9 0 6255 100
a 63 15 0 6255 100
a 63 22 0 6255 100
a 52 33 0 6255 100
a 55 11 0 6255 100
a 55 35 0 6255 100
a 61 14 0 6255 100
a 48 27 0 6255 100
a 47 6 0 6255 100
a 62 30 0 6255 100
a 56 29 0 6255 100
a 38 16 0 6255 100
a 44 4 0 6255 100
a 45 5 0 6255 100
a 45 32 0 6255 100
a 58 12 0 6255 100
a 41 1 0 6255 100
a 14 89 0 6255 100
a 10 82 0 6255 100
a 20 82 0 6255 100
a 28 82 0 6255 100
a 34 82 0 6255 100
a 3 71 0 6255 100
a 18 71 0 6255 100
a 31 71 0 6255 100
a 4 72 0 6255 100
a 26 74 0 6255 100
a 11 83 0 6255 100
a 35 83 0 6255 100
a 12 86 0 6255 100
a 21 85 0 6255 100
a 36 85 0 6255 100
a 5 73 0 6255 100
a 32 73 0 6255 100
a 9 81 0 6255 100
a 37 88 0 6255 100
a 16 66 0 6255 100
a 30 90 0 6255 100
a 27 76 0 6255 100
a 19 78 0 6255 100
a 1 69 0 6255 100
a 25 68 0 6255 100
a 23 92 0 6255 100
a 6 75 0 6255 100
a 8 79 0 6255 100
a 2 70 0 6255 100
a 33 80 0 6255 100
a 24 93 0 6255 100
a 29 84 0 6255 100
a 0 67 0 6255 100
a 17 67 0 6255 100
a 15 91 0 6255 100
a 22 91 0 6255 100
a 13 87 0 6255 100
a 7 77 0 6255 100
