c resource constrained multi commodity flow
c Mediterranean
c linerlib_networkname Mediterranean-All-3
c
c id type|name
c 0 R0_EGPSD
c 1 R0_ESALG
c 2 R0_ESTAR
c 3 R0_GRPIR
c 4 R0_ILASH
c 5 R0_ITGOA
c 6 R0_LBBEY
c 7 R0_MAPTM
c 8 R1_EGALY
c 9 R1_EGPSD
c 10 R1_ESALG
c 11 R1_MACAS
c 12 R1_TRAMB
c 13 R1_TRMER
c 14 R2_ESAGP
c 15 R2_ESALG
c 16 R2_ESVGO
c 17 R2_MAPTM
c 18 R2_PTLEI
c 19 R2_TRAMB
c 20 R3_BGVAR
c 21 R3_EGPSD
c 22 R3_GEPTI
c 23 R3_ILHFA
c 24 R3_SYLTK
c 25 R3_TRAMB
c 26 R3_TRIZM
c 27 R4_DZALG
c 28 R4_ESAGP
c 29 R4_ESALG
c 30 R4_ESBCN
c 31 R4_ESTAR
c 32 R4_ESVLC
c 33 R4_ITGIT
c 34 R4_ITGOA
c 35 R4_ITSAL
c 36 R4_MAAGA
c 37 R4_MACAS
c 38 R4_TNTUN
c 39 O_BGVAR
c 40 O_DZALG
c 41 O_EGALY
c 42 O_EGPSD
c 43 O_ESAGP
c 44 O_ESALG
c 45 O_ESBCN
c 46 O_ESTAR
c 47 O_ESVGO
c 48 O_ESVLC
c 49 O_GEPTI
c 50 O_GRPIR
c 51 O_ILASH
c 52 O_ILHFA
c 53 O_ITGIT
c 54 O_ITGOA
c 55 O_ITSAL
c 56 O_LBBEY
c 57 O_MAAGA
c 58 O_MACAS
c 59 O_MAPTM
c 60 O_PTLEI
c 61 O_SYLTK
c 62 O_TNTUN
c 63 O_TRAMB
c 64 O_TRIZM
c 65 O_TRMER
c 66 D_BGVAR
c 67 D_DZALG
c 68 D_EGALY
c 69 D_EGPSD
c 70 D_ESAGP
c 71 D_ESALG
c 72 D_ESBCN
c 73 D_ESTAR
c 74 D_ESVGO
c 75 D_ESVLC
c 76 D_GEPTI
c 77 D_GRPIR
c 78 D_ILASH
c 79 D_ILHFA
c 80 D_ITGIT
c 81 D_ITGOA
c 82 D_ITSAL
c 83 D_LBBEY
c 84 D_MAAGA
c 85 D_MACAS
c 86 D_MAPTM
c 87 D_PTLEI
c 88 D_SYLTK
c 89 D_TNTUN
c 90 D_TRAMB
c 91 D_TRIZM
c 92 D_TRMER
c
c problem vertices edges commodities resources
p rcmcf 93 156 264 1
c
c origin destination demand resource_limits
k 44 90 266 1400
k 44 68 190 600
k 44 85 180 500
k 42 85 148 1400
k 54 86 146 1900
k 54 69 125 800
k 59 68 112 1000
k 53 85 104 1300
k 46 82 103 900
k 56 69 99 1000
k 60 70 88 1200
k 42 83 86 500
k 52 85 84 1900
k 63 71 80 1700
k 44 77 76 1100
k 42 90 72 1000
k 45 82 72 1000
k 42 88 71 600
k 63 69 71 1400
k 57 71 70 300
k 53 90 66 1100
k 54 76 62 2100
k 63 79 61 1400
k 55 70 59 1300
k 44 84 58 800
k 42 92 57 600
k 44 78 56 1200
k 39 92 55 2400
k 44 79 55 1700
k 54 71 51 700
k 51 66 51 1300
k 60 67 50 1400
k 65 71 49 1300
k 44 89 49 800
k 42 81 48 600
k 45 71 48 1500
k 54 70 47 1400
k 42 89 46 1200
k 41 83 45 500
k 59 83 44 1900
k 52 86 42 2600
k 42 87 41 2200
k 59 92 41 2300
k 48 70 40 1700
k 39 69 40 2100
k 44 83 37 1100
k 63 86 37 1300
k 41 69 37 600
k 44 91 37 1300
k 65 70 37 1400
k 53 81 36 400
k 60 68 36 1400
k 48 71 35 1100
k 45 67 34 1600
k 60 89 34 1500
k 42 72 34 700
k 65 81 33 1400
k 42 73 33 2300
k 44 67 33 1400
k 39 88 31 1300
k 59 76 31 3100
k 64 86 31 2800
k 42 75 31 800
k 45 69 30 2100
k 43 81 30 1600
k 64 71 30 1600
k 62 70 30 1400
k 44 76 30 1600
k 42 68 29 1500
k 65 69 28 300
k 59 81 28 1800
k 56 70 28 2400
k 60 69 28 2100
k 65 73 28 1800
k 58 81 27 1700
k 44 88 26 2100
k 59 79 26 2100
k 42 66 26 900
k 63 70 25 1700
k 51 86 25 2300
k 41 85 25 1900
k 41 70 25 1200
k 53 88 25 1000
k 51 84 25 2100
k 51 69 23 300
k 51 72 23 1300
k 44 81 23 300
k 58 70 22 1500
k 42 67 22 1500
k 55 71 22 800
k 41 71 22 1100
k 59 85 22 2200
k 60 84 21 1900
k 64 69 21 1400
k 39 86 21 3000
k 63 87 21 1900
k 44 92 21 1400
k 39 79 21 1200
k 41 80 20 1500
k 55 69 20 1600
k 60 86 20 1600
k 59 90 20 2200
k 54 67 20 1800
k 53 76 20 1000
k 60 88 20 2000
k 63 88 19 1200
k 62 67 19 2100
k 48 69 19 2200
k 59 72 18 2100
k 51 71 18 1100
k 59 91 18 2400
k 60 80 18 1100
k 52 71 17 1400
k 57 74 17 800
k 45 76 17 1900
k 65 68 17 1000
k 45 88 17 2200
k 65 85 17 2100
k 47 89 17 2100
k 51 80 16 1100
k 50 69 16 2000
k 62 81 16 1100
k 48 92 16 2200
k 45 70 16 1400
k 59 78 16 2300
k 47 66 16 3300
k 58 68 16 2000
k 53 83 16 1800
k 57 70 15 1200
k 53 68 15 600
k 52 80 15 1200
k 58 71 15 1200
k 42 77 15 2600
k 58 69 14 2200
k 53 78 14 700
k 52 72 14 1000
k 48 86 14 1700
k 58 67 13 1500
k 41 86 13 2300
k 63 68 13 2000
k 63 85 13 2000
k 44 66 13 1800
k 39 80 12 1000
k 53 77 12 700
k 65 80 12 1500
k 39 70 12 2300
k 62 85 12 5000
k 54 84 12 1600
k 60 85 12 1300
k 42 91 11 1300
k 65 86 11 2800
k 53 67 11 2800
k 43 85 11 1600
k 42 74 11 1500
k 53 91 11 2400
k 64 80 11 700
k 42 78 10 2500
k 57 80 10 1500
k 61 70 10 2900
k 64 70 10 1200
k 52 84 10 2900
k 41 78 9 800
k 41 87 9 2000
k 49 80 9 900
k 39 78 9 2700
k 59 66 9 2400
k 44 75 9 1500
k 43 74 9 2000
k 51 70 9 900
k 62 80 8 300
k 50 71 8 1800
k 45 84 8 1300
k 54 87 8 1200
k 52 66 8 1000
k 62 69 8 1900
k 43 75 8 1500
k 39 72 8 1800
k 53 66 8 1000
k 60 66 8 2300
k 61 69 7 800
k 43 87 7 1600
k 58 72 7 2600
k 53 89 7 2200
k 43 67 7 1700
k 59 87 7 2100
k 63 89 7 700
k 48 87 7 900
k 43 77 7 2200
k 40 70 7 1300
k 59 77 7 2900
k 61 81 7 1100
k 39 71 7 2600
k 43 88 6 3000
k 39 75 6 1400
k 43 89 6 1800
k 57 81 6 1400
k 50 68 6 1000
k 48 84 6 1500
k 49 69 6 2300
k 47 71 6 1400
k 49 66 6 1900
k 63 72 6 1500
k 55 66 6 5000
k 47 68 6 1900
k 47 69 5 2500
k 60 71 5 1000
k 50 70 5 2300
k 45 86 5 1700
k 52 70 5 1900
k 47 70 5 2100
k 59 75 5 2400
k 57 77 5 2700
k 42 84 4 2400
k 65 89 4 1200
k 53 74 4 4000
k 44 87 4 900
k 41 88 4 800
k 50 86 4 3400
k 42 82 4 2100
k 57 86 4 1800
k 59 89 4 2300
k 53 92 4 2000
k 52 69 4 1600
k 53 87 4 3000
k 53 84 3 3300
k 43 82 3 1600
k 49 71 3 2000
k 54 85 3 900
k 43 72 3 1800
k 47 77 3 1900
k 53 72 3 2800
k 60 79 3 1900
k 42 79 3 1700
k 59 74 3 2100
k 59 67 3 2300
k 59 82 3 2000
k 53 73 3 2800
k 42 76 2 3000
k 56 86 2 1600
k 56 71 2 2300
k 43 68 2 2200
k 40 69 2 2200
k 53 75 2 2000
k 62 71 2 1300
k 63 83 2 1300
k 47 86 2 1800
k 41 89 2 1000
k 43 66 1 3500
k 59 84 1 3100
k 40 87 1 1500
k 63 78 1 2200
k 64 78 1 1200
k 44 82 1 1200
k 43 78 1 2400
k 41 75 1 1000
k 57 69 1 2000
k 62 86 1 2000
k 49 86 1 3300
k 64 83 1 1200
k 52 74 1 1900
k 43 83 1 2800
k 58 86 1 1900
k 43 90 1 3300
k 61 86 1 2100
c
c source target cost capacity resource_consumptions
a 7 2 0 1200 173
a 2 5 0 1200 132
a 5 1 0 1200 275
a 1 6 0 1200 655
a 6 4 0 1200 44
a 4 0 0 1200 47
a 0 3 0 1200 200
a 3 7 0 1200 474
a 9 8 0 800 63
a 8 13 0 800 184
a 13 9 0 800 156
a 9 11 0 800 877
a 11 10 0 1600 79
a 10 11 0 800 79
a 10 12 0 800 745
a 12 9 0 800 339
a 15 17 0 800 22
a 17 14 0 800 38
a 14 19 0 800 507
a 19 18 0 800 656
a 18 16 0 800 124
a 16 15 0 800 153
a 20 22 0 450 226
a 22 25 0 450 244
a 25 26 0 450 106
a 26 23 0 450 249
a 23 21 0 450 83
a 21 24 0 450 127
a 24 20 0 450 365
a 34 35 0 450 152
a 35 33 0 450 112
a 33 31 0 450 290
a 31 30 0 450 20
a 30 29 0 450 201
a 29 37 0 450 74
a 37 36 0 450 99
a 36 28 0 450 193
a 28 29 0 450 40
a 29 28 0 450 40
a 28 32 0 450 129
a 32 29 0 450 150
a 29 27 0 450 167
a 27 38 0 450 151
a 38 34 0 450 182
a 0 9 73 6418 300
a 0 21 73 6418 300
a 9 0 73 6418 300
a 9 21 73 6418 300
a 21 0 73 6418 300
a 21 9 73 6418 300
a 14 28 182 6418 300
a 28 14 182 6418 300
a 1 10 136 6418 300
a 1 15 136 6418 300
a 1 29 136 6418 300
a 10 1 136 6418 300
a 10 15 136 6418 300
a 10 29 136 6418 300
a 15 1 136 6418 300
a 15 10 136 6418 300
a 15 29 136 6418 300
a 29 1 136 6418 300
a 29 10 136 6418 300
a 29 15 136 6418 300
a 2 31 146 6418 300
a 31 2 146 6418 300
a 5 34 111 6418 300
a 34 5 111 6418 300
a 11 37 141 6418 300
a 37 11 141 6418 300
a 7 17 187 6418 300
a 17 7 187 6418 300
a 12 19 19 6418 300
a 12 25 19 6418 300
a 19 12 19 6418 300
a 19 25 19 6418 300
a 25 12 19 6418 300
a 25 19 19 6418 300
a 47 16 0 6418 100
a 45 30 0 6418 100
a 44 1 0 6418 100
a 44 10 0 6418 100
a 44 15 0 6418 100
a 44 29 0 6418 100
a 40 27 0 6418 100
a 43 14 0 6418 100
a 43 28 0 6418 100
a 58 11 0 6418 100
a 58 37 0 6418 100
a 49 22 0 6418 100
a 59 7 0 6418 100
a 59 17 0 6418 100
a 63 12 0 6418 100
a 63 19 0 6418 100
a 63 25 0 6418 100
a 60 18 0 6418 100
a 39 20 0 6418 100
a 42 0 0 6418 100
a 42 9 0 6418 100
a 42 21 0 6418 100
a 52 23 0 6418 100
a 54 5 0 6418 100
a 54 34 0 6418 100
a 57 36 0 6418 100
a 41 8 0 6418 100
a 64 26 0 6418 100
a 65 13 0 6418 100
a 46 2 0 6418 100
a 46 31 0 6418 100
a 53 33 0 6418 100
a 55 35 0 6418 100
a 51 4 0 6418 100
a 62 38 0 6418 100
a 48 32 0 6418 100
a 50 3 0 6418 100
a 56 6 0 6418 100
a 61 24 0 6418 100
a 20 66 0 6418 100
a 11 85 0 6418 100
a 37 85 0 6418 100
a 27 67 0 6418 100
a 18 87 0 6418 100
a 13 92 0 6418 100
a 32 75 0 6418 100
a 24 88 0 6418 100
a 4 78 0 6418 100
a 0 69 0 6418 100
a 9 69 0 6418 100
a 21 69 0 6418 100
a 36 84 0 6418 100
a 7 86 0 6418 100
a 17 86 0 6418 100
a 38 89 0 6418 100
a 8 68 0 6418 100
a 3 77 0 6418 100
a 35 82 0 6418 100
a 23 79 0 6418 100
a 14 70 0 6418 100
a 28 70 0 6418 100
a 12 90 0 6418 100
a 19 90 0 6418 100
a 25 90 0 6418 100
a 1 71 0 6418 100
a 10 71 0 6418 100
a 15 71 0 6418 100
a 29 71 0 6418 100
a 30 72 0 6418 100
a 22 76 0 6418 100
a 5 81 0 6418 100
a 34 81 0 6418 100
a 26 91 0 6418 100
a 33 80 0 6418 100
a 6 83 0 6418 100
a 16 74 0 6418 100
a 2 73 0 6418 100
a 31 73 0 6418 100
