c resource constrained multi commodity flow
c WAF
c linerlib_networkname WAF_low_best_16089_10
c
c id type|name
c 0 R0_BJCOO
c 1 R0_CIABJ
c 2 R0_ESALG
c 3 R0_SNDKR
c 4 R1_AOLOB
c 5 R1_BJCOO
c 6 R1_CDBOA
c 7 R1_CDMAT
c 8 R1_CGPNR
c 9 R1_ESALG
c 10 R1_TGLFW
c 11 R2_ESALG
c 12 R2_NGAPP
c 13 R2_TGLFW
c 14 R3_ESALG
c 15 R3_NGAPP
c 16 R4_AOLAD
c 17 R4_ESALG
c 18 R4_GHTKD
c 19 R4_NGAPP
c 20 R5_ESALG
c 21 R5_NGAPP
c 22 R6_ESALG
c 23 R6_NGAPP
c 24 R7_ESALG
c 25 R7_GNCKY
c 26 R7_LRMLW
c 27 R8_CMDLA
c 28 R8_GALBV
c 29 R8_GHTKD
c 30 R8_NGAPP
c 31 O_AOLAD
c 32 O_AOLOB
c 33 O_BJCOO
c 34 O_CDMAT
c 35 O_CGPNR
c 36 O_CIABJ
c 37 O_CMDLA
c 38 O_ESALG
c 39 O_GALBV
c 40 O_GHTKD
c 41 O_GNCKY
c 42 O_LRMLW
c 43 O_NGAPP
c 44 O_SNDKR
c 45 O_TGLFW
c 46 D_AOLAD
c 47 D_AOLOB
c 48 D_BJCOO
c 49 D_CDBOA
c 50 D_CDMAT
c 51 D_CGPNR
c 52 D_CIABJ
c 53 D_CMDLA
c 54 D_ESALG
c 55 D_GALBV
c 56 D_GHTKD
c 57 D_GNCKY
c 58 D_LRMLW
c 59 D_NGAPP
c 60 D_SNDKR
c 61 D_TGLFW
c
c problem vertices edges commodities resources
p rcmcf 62 186 29 1
c
c origin destination demand resource_limits
k 38 48 683 1600
k 38 55 128 2700
k 31 54 2 3200
k 41 54 59 1800
k 38 47 311 2000
k 38 49 60 300
k 38 53 274 1900
k 40 54 227 1700
k 39 54 54 1900
k 43 54 88 1700
k 34 54 17 4200
k 38 52 317 1100
k 38 46 696 1700
k 38 60 565 600
k 35 54 19 2500
k 44 54 189 500
k 38 58 142 1800
k 33 54 94 2400
k 38 57 267 1400
k 36 54 326 1500
k 42 54 52 1300
k 37 54 286 1400
k 38 59 1573 1100
k 32 54 51 1900
k 45 54 140 1600
k 38 51 133 2300
k 38 50 220 2600
k 38 61 412 1100
k 38 56 785 1800
c
c source target cost capacity resource_consumptions
a 0 1 0 4000 140
a 1 2 0 4000 858
a 2 3 0 4000 502
a 3 2 0 4000 502
a 2 0 0 4000 998
a 4 6 0 4000 137
a 6 9 0 4000 1191
a 9 5 0 4000 944
a 5 10 0 4000 23
a 10 8 0 4000 291
a 8 7 0 4000 52
a 7 4 0 4000 162
a 13 12 0 2400 40
a 12 11 0 2400 897
a 11 13 0 2400 863
a 14 15 0 2400 950
a 15 14 0 2400 950
a 17 16 0 2250 1504
a 16 19 0 2250 428
a 19 18 0 2250 124
a 18 17 0 2250 1044
a 21 20 0 2400 950
a 20 21 0 2400 950
a 22 23 0 2400 950
a 23 22 0 2400 950
a 25 26 0 1350 131
a 26 24 0 1350 885
a 24 25 0 1350 784
a 30 28 0 900 215
a 28 27 0 900 95
a 27 30 0 900 187
a 30 29 0 900 134
a 29 30 0 900 134
a 0 5 87 8170 300
a 5 0 87 8170 300
a 2 9 136 8170 300
a 2 11 136 8170 300
a 2 14 136 8170 300
a 2 17 136 8170 300
a 2 20 136 8170 300
a 2 22 136 8170 300
a 2 24 136 8170 300
a 9 2 136 8170 300
a 9 11 136 8170 300
a 9 14 136 8170 300
a 9 17 136 8170 300
a 9 20 136 8170 300
a 9 22 136 8170 300
a 9 24 136 8170 300
a 11 2 136 8170 300
a 11 9 136 8170 300
a 11 14 136 8170 300
a 11 17 136 8170 300
a 11 20 136 8170 300
a 11 22 136 8170 300
a 11 24 136 8170 300
a 14 2 136 8170 300
a 14 9 136 8170 300
a 14 11 136 8170 300
a 14 17 136 8170 300
a 14 20 136 8170 300
a 14 22 136 8170 300
a 14 24 136 8170 300
a 17 2 136 8170 300
a 17 9 136 8170 300
a 17 11 136 8170 300
a 17 14 136 8170 300
a 17 20 136 8170 300
a 17 22 136 8170 300
a 17 24 136 8170 300
a 20 2 136 8170 300
a 20 9 136 8170 300
a 20 11 136 8170 300
a 20 14 136 8170 300
a 20 17 136 8170 300
a 20 22 136 8170 300
a 20 24 136 8170 300
a 22 2 136 8170 300
a 22 9 136 8170 300
a 22 11 136 8170 300
a 22 14 136 8170 300
a 22 17 136 8170 300
a 22 20 136 8170 300
a 22 24 136 8170 300
a 24 2 136 8170 300
a 24 9 136 8170 300
a 24 11 136 8170 300
a 24 14 136 8170 300
a 24 17 136 8170 300
a 24 20 136 8170 300
a 24 22 136 8170 300
a 18 29 115 8170 300
a 29 18 115 8170 300
a 12 15 0 8170 300
a 12 19 0 8170 300
a 12 21 0 8170 300
a 12 23 0 8170 300
a 12 30 0 8170 300
a 15 12 0 8170 300
a 15 19 0 8170 300
a 15 21 0 8170 300
a 15 23 0 8170 300
a 15 30 0 8170 300
a 19 12 0 8170 300
a 19 15 0 8170 300
a 19 21 0 8170 300
a 19 23 0 8170 300
a 19 30 0 8170 300
a 21 12 0 8170 300
a 21 15 0 8170 300
a 21 19 0 8170 300
a 21 23 0 8170 300
a 21 30 0 8170 300
a 23 12 0 8170 300
a 23 15 0 8170 300
a 23 19 0 8170 300
a 23 21 0 8170 300
a 23 30 0 8170 300
a 30 12 0 8170 300
a 30 15 0 8170 300
a 30 19 0 8170 300
a 30 21 0 8170 300
a 30 23 0 8170 300
a 10 13 213 8170 300
a 13 10 213 8170 300
a 42 26 0 8170 100
a 34 7 0 8170 100
a 44 3 0 8170 100
a 37 27 0 8170 100
a 39 28 0 8170 100
a 43 12 0 8170 100
a 43 15 0 8170 100
a 43 19 0 8170 100
a 43 21 0 8170 100
a 43 23 0 8170 100
a 43 30 0 8170 100
a 45 10 0 8170 100
a 45 13 0 8170 100
a 36 1 0 8170 100
a 41 25 0 8170 100
a 38 2 0 8170 100
a 38 9 0 8170 100
a 38 11 0 8170 100
a 38 14 0 8170 100
a 38 17 0 8170 100
a 38 20 0 8170 100
a 38 22 0 8170 100
a 38 24 0 8170 100
a 32 4 0 8170 100
a 33 0 0 8170 100
a 33 5 0 8170 100
a 40 18 0 8170 100
a 40 29 0 8170 100
a 35 8 0 8170 100
a 31 16 0 8170 100
a 16 46 0 8170 100
a 7 50 0 8170 100
a 12 59 0 8170 100
a 15 59 0 8170 100
a 19 59 0 8170 100
a 21 59 0 8170 100
a 23 59 0 8170 100
a 30 59 0 8170 100
a 27 53 0 8170 100
a 6 49 0 8170 100
a 2 54 0 8170 100
a 9 54 0 8170 100
a 11 54 0 8170 100
a 14 54 0 8170 100
a 17 54 0 8170 100
a 20 54 0 8170 100
a 22 54 0 8170 100
a 24 54 0 8170 100
a 3 60 0 8170 100
a 4 47 0 8170 100
a 25 57 0 8170 100
a 8 51 0 8170 100
a 18 56 0 8170 100
a 29 56 0 8170 100
a 0 48 0 8170 100
a 5 48 0 8170 100
a 1 52 0 8170 100
a 28 55 0 8170 100
a 10 61 0 8170 100
a 13 61 0 8170 100
a 26 58 0 8170 100
