c resource constrained multi commodity flow
c WAF
c linerlib_networkname WAF_high_best_pid_21672_3
c
c id type|name
c 0 R0_ESALG
c 1 R0_GHTKD
c 2 R0_GNCKY
c 3 R0_GWOXB
c 4 R0_LRMLW
c 5 R0_SLFNA
c 6 R1_BJCOO
c 7 R1_CIABJ
c 8 R1_ESALG
c 9 R1_SNDKR
c 10 R1_TGLFW
c 11 R2_BJCOO
c 12 R2_ESALG
c 13 R3_BJCOO
c 14 R3_ESALG
c 15 R3_NGAPP
c 16 R4_AOLAD
c 17 R4_CGPNR
c 18 R4_CMDLA
c 19 R4_GALBV
c 20 R4_NGAPP
c 21 R5_AOLAD
c 22 R5_BJCOO
c 23 R5_ESALG
c 24 R5_GHTKD
c 25 R6_BJCOO
c 26 R6_ESALG
c 27 R6_NGAPP
c 28 R7_AOLOB
c 29 R7_BJCOO
c 30 R7_CDBOA
c 31 R7_CDMAT
c 32 R7_CIABJ
c 33 R7_ESALG
c 34 R7_NGAPP
c 35 O_AOLAD
c 36 O_AOLOB
c 37 O_BJCOO
c 38 O_CDMAT
c 39 O_CGPNR
c 40 O_CIABJ
c 41 O_CMDLA
c 42 O_ESALG
c 43 O_GALBV
c 44 O_GHTKD
c 45 O_GNCKY
c 46 O_GWOXB
c 47 O_LRMLW
c 48 O_NGAPP
c 49 O_SLFNA
c 50 O_SNDKR
c 51 O_TGLFW
c 52 D_AOLAD
c 53 D_AOLOB
c 54 D_BJCOO
c 55 D_CDBOA
c 56 D_CDMAT
c 57 D_CGPNR
c 58 D_CIABJ
c 59 D_CMDLA
c 60 D_ESALG
c 61 D_GALBV
c 62 D_GHTKD
c 63 D_GNCKY
c 64 D_GWOXB
c 65 D_LRMLW
c 66 D_NGAPP
c 67 D_SLFNA
c 68 D_SNDKR
c 69 D_TGLFW
c
c problem vertices edges commodities resources
p rcmcf 70 198 33 1
c
c origin destination demand resource_limits
k 42 54 683 1600
k 42 61 128 2700
k 35 60 2 3200
k 45 60 59 1800
k 49 60 16 2000
k 42 53 311 2000
k 42 67 101 2000
k 42 55 60 300
k 42 59 274 1900
k 44 60 227 1700
k 43 60 54 1900
k 48 60 88 1700
k 38 60 17 4200
k 42 58 317 1100
k 42 52 696 1700
k 42 64 5 2100
k 42 68 565 600
k 39 60 19 2500
k 50 60 189 500
k 42 65 142 1800
k 37 60 94 2400
k 42 63 267 1400
k 40 60 326 1500
k 47 60 52 1300
k 41 60 286 1400
k 42 66 1573 1100
k 36 60 51 1900
k 51 60 140 1600
k 46 60 40 3700
k 42 57 133 2300
k 42 56 220 2600
k 42 69 412 1100
k 42 62 785 1800
c
c source target cost capacity resource_consumptions
a 1 0 0 3150 1015
a 0 3 0 3150 827
a 3 2 0 3150 536
a 2 5 0 3150 35
a 5 0 0 3150 741
a 0 4 0 3150 820
a 4 1 0 3150 225
a 6 7 0 4800 168
a 7 8 0 4800 1029
a 8 9 0 4800 602
a 9 8 0 4800 602
a 8 10 0 4800 1170
a 10 6 0 4800 29
a 11 12 0 2400 950
a 12 11 0 2400 950
a 13 15 0 3200 27
a 15 14 0 3200 1247
a 14 13 0 3200 1227
a 17 20 0 1350 349
a 20 18 0 1350 187
a 18 19 0 1350 95
a 19 20 0 1350 215
a 20 16 0 1350 460
a 16 17 0 1350 111
a 23 21 0 2250 1513
a 21 22 0 2250 437
a 22 24 0 2250 100
a 24 23 0 2250 1050
a 25 27 0 3200 27
a 27 26 0 3200 1247
a 26 25 0 3200 1227
a 30 28 0 7200 161
a 28 32 0 7200 587
a 32 33 0 7200 955
a 33 29 0 7200 1111
a 29 34 0 7200 24
a 34 33 0 7200 1129
a 33 31 0 7200 1418
a 31 30 0 7200 114
a 16 21 221 8332 300
a 21 16 221 8332 300
a 6 11 87 8332 300
a 6 13 87 8332 300
a 6 22 87 8332 300
a 6 25 87 8332 300
a 6 29 87 8332 300
a 11 6 87 8332 300
a 11 13 87 8332 300
a 11 22 87 8332 300
a 11 25 87 8332 300
a 11 29 87 8332 300
a 13 6 87 8332 300
a 13 11 87 8332 300
a 13 22 87 8332 300
a 13 25 87 8332 300
a 13 29 87 8332 300
a 22 6 87 8332 300
a 22 11 87 8332 300
a 22 13 87 8332 300
a 22 25 87 8332 300
a 22 29 87 8332 300
a 25 6 87 8332 300
a 25 11 87 8332 300
a 25 13 87 8332 300
a 25 22 87 8332 300
a 25 29 87 8332 300
a 29 6 87 8332 300
a 29 11 87 8332 300
a 29 13 87 8332 300
a 29 22 87 8332 300
a 29 25 87 8332 300
a 7 32 309 8332 300
a 32 7 309 8332 300
a 0 8 136 8332 300
a 0 12 136 8332 300
a 0 14 136 8332 300
a 0 23 136 8332 300
a 0 26 136 8332 300
a 0 33 136 8332 300
a 8 0 136 8332 300
a 8 12 136 8332 300
a 8 14 136 8332 300
a 8 23 136 8332 300
a 8 26 136 8332 300
a 8 33 136 8332 300
a 12 0 136 8332 300
a 12 8 136 8332 300
a 12 14 136 8332 300
a 12 23 136 8332 300
a 12 26 136 8332 300
a 12 33 136 8332 300
a 14 0 136 8332 300
a 14 8 136 8332 300
a 14 12 136 8332 300
a 14 23 136 8332 300
a 14 26 136 8332 300
a 14 33 136 8332 300
a 23 0 136 8332 300
a 23 8 136 8332 300
a 23 12 136 8332 300
a 23 14 136 8332 300
a 23 26 136 8332 300
a 23 33 136 8332 300
a 26 0 136 8332 300
a 26 8 136 8332 300
a 26 12 136 8332 300
a 26 14 136 8332 300
a 26 23 136 8332 300
a 26 33 136 8332 300
a 33 0 136 8332 300
a 33 8 136 8332 300
a 33 12 136 8332 300
a 33 14 136 8332 300
a 33 23 136 8332 300
a 33 26 136 8332 300
a 1 24 115 8332 300
a 24 1 115 8332 300
a 15 20 0 8332 300
a 15 27 0 8332 300
a 15 34 0 8332 300
a 20 15 0 8332 300
a 20 27 0 8332 300
a 20 34 0 8332 300
a 27 15 0 8332 300
a 27 20 0 8332 300
a 27 34 0 8332 300
a 34 15 0 8332 300
a 34 20 0 8332 300
a 34 27 0 8332 300
a 47 4 0 8332 100
a 38 31 0 8332 100
a 50 9 0 8332 100
a 41 18 0 8332 100
a 43 19 0 8332 100
a 48 15 0 8332 100
a 48 20 0 8332 100
a 48 27 0 8332 100
a 48 34 0 8332 100
a 51 10 0 8332 100
a 40 7 0 8332 100
a 40 32 0 8332 100
a 45 2 0 8332 100
a 49 5 0 8332 100
a 42 0 0 8332 100
a 42 8 0 8332 100
a 42 12 0 8332 100
a 42 14 0 8332 100
a 42 23 0 8332 100
a 42 26 0 8332 100
a 42 33 0 8332 100
a 36 28 0 8332 100
a 46 3 0 8332 100
a 37 6 0 8332 100
a 37 11 0 8332 100
a 37 13 0 8332 100
a 37 22 0 8332 100
a 37 25 0 8332 100
a 37 29 0 8332 100
a 44 1 0 8332 100
a 44 24 0 8332 100
a 39 17 0 8332 100
a 35 16 0 8332 100
a 35 21 0 8332 100
a 3 64 0 8332 100
a 16 52 0 8332 100
a 21 52 0 8332 100
a 31 56 0 8332 100
a 15 66 0 8332 100
a 20 66 0 8332 100
a 27 66 0 8332 100
a 34 66 0 8332 100
a 18 59 0 8332 100
a 0 60 0 8332 100
a 8 60 0 8332 100
a 12 60 0 8332 100
a 14 60 0 8332 100
a 23 60 0 8332 100
a 26 60 0 8332 100
a 33 60 0 8332 100
a 30 55 0 8332 100
a 9 68 0 8332 100
a 28 53 0 8332 100
a 2 63 0 8332 100
a 17 57 0 8332 100
a 1 62 0 8332 100
a 24 62 0 8332 100
a 6 54 0 8332 100
a 11 54 0 8332 100
a 13 54 0 8332 100
a 22 54 0 8332 100
a 25 54 0 8332 100
a 29 54 0 8332 100
a 7 58 0 8332 100
a 32 58 0 8332 100
a 19 61 0 8332 100
a 5 67 0 8332 100
a 10 69 0 8332 100
a 4 65 0 8332 100
