c resource constrained multi commodity flow
c WAF
c linerlib_networkname WAF_base_best
c transhipmenttype complete
c
c id type|name
c 0 R0_BJCOO
c 1 R0_CDBOA
c 2 R0_CDMAT
c 3 R0_ESALG
c 4 R0_SNDKR
c 5 R1_AOLOB
c 6 R1_BJCOO
c 7 R1_CGPNR
c 8 R1_CIABJ
c 9 R1_ESALG
c 10 R2_AOLAD
c 11 R2_ESALG
c 12 R2_GALBV
c 13 R2_GHTKD
c 14 R2_GNCKY
c 15 R2_LRMLW
c 16 R2_SLFNA
c 17 R2_TGLFW
c 18 R3_CMDLA
c 19 R3_NGAPP
c 20 R4_CIABJ
c 21 R4_ESALG
c 22 R4_NGAPP
c 23 R4_TGLFW
c 24 R5_AOLAD
c 25 R5_ESALG
c 26 R5_GHTKD
c 27 R5_NGAPP
c 28 R6_ESALG
c 29 R6_NGAPP
c 30 R7_CIABJ
c 31 R7_ESALG
c 32 R7_NGAPP
c 33 O_SLFNA
c 34 O_CDMAT
c 35 O_SNDKR
c 36 O_ESALG
c 37 O_BJCOO
c 38 O_CIABJ
c 39 O_NGAPP
c 40 O_AOLOB
c 41 O_GHTKD
c 42 O_GALBV
c 43 O_CGPNR
c 44 O_LRMLW
c 45 O_TGLFW
c 46 O_GNCKY
c 47 O_AOLAD
c 48 O_CMDLA
c 49 D_ESALG
c 50 D_GNCKY
c 51 D_CDMAT
c 52 D_LRMLW
c 53 D_BJCOO
c 54 D_SNDKR
c 55 D_AOLAD
c 56 D_GHTKD
c 57 D_NGAPP
c 58 D_CMDLA
c 59 D_CGPNR
c 60 D_AOLOB
c 61 D_TGLFW
c 62 D_CIABJ
c 63 D_GALBV
c 64 D_CDBOA
c 65 D_SLFNA
c
c problem vertices edges commodities resources
p rcmcf 66 177 31 1
c
c origin destination demand resource_limits
k 36 53 683 1600
k 36 63 128 2700
k 47 49 2 3200
k 46 49 59 1800
k 33 49 16 2000
k 36 60 311 2000
k 36 65 101 2000
k 36 64 60 300
k 36 58 274 1900
k 41 49 227 1700
k 42 49 54 1900
k 39 49 88 1700
k 34 49 17 4200
k 36 62 317 1100
k 36 55 696 1700
k 36 54 565 600
k 43 49 19 2500
k 35 49 189 500
k 36 52 142 1800
k 37 49 94 2400
k 36 50 267 1400
k 38 49 326 1500
k 44 49 52 1300
k 48 49 286 1400
k 36 57 1573 1100
k 40 49 51 1900
k 45 49 140 1600
k 36 59 133 2300
k 36 51 220 2600
k 36 61 412 1100
k 36 56 785 1800
c
c source target cost capacity resource_consumptions
a 3 4 0 5600 583
a 4 3 0 5600 583
a 3 0 0 5600 1158
a 0 2 0 5600 395
a 2 1 0 5600 119
a 1 3 0 5600 1462
a 9 6 0 4000 1057
a 6 5 0 4000 475
a 5 7 0 4000 169
a 7 8 0 4000 390
a 8 9 0 4000 909
a 11 14 0 3150 613
a 14 15 0 3150 103
a 15 11 0 3150 692
a 11 16 0 3150 626
a 16 13 0 3150 264
a 13 17 0 3150 64
a 17 12 0 3150 189
a 12 10 0 3150 215
a 10 11 0 3150 1235
a 18 19 0 450 187
a 19 18 0 450 187
a 21 20 0 4800 798
a 20 23 0 4800 110
a 23 21 0 4800 907
a 21 22 0 4800 943
a 22 21 0 4800 943
a 25 24 0 2250 1504
a 24 27 0 2250 428
a 27 26 0 2250 124
a 26 25 0 2250 1044
a 28 29 0 2400 950
a 29 28 0 2400 950
a 30 32 0 3200 199
a 32 31 0 3200 1247
a 31 30 0 3200 1055
a 10 24 221 8287 300
a 24 10 221 8287 300
a 0 6 87 8287 300
a 6 0 87 8287 300
a 8 20 309 8287 300
a 8 30 309 8287 300
a 20 8 309 8287 300
a 20 30 309 8287 300
a 30 8 309 8287 300
a 30 20 309 8287 300
a 3 9 136 8287 300
a 3 11 136 8287 300
a 3 21 136 8287 300
a 3 25 136 8287 300
a 3 28 136 8287 300
a 3 31 136 8287 300
a 9 3 136 8287 300
a 9 11 136 8287 300
a 9 21 136 8287 300
a 9 25 136 8287 300
a 9 28 136 8287 300
a 9 31 136 8287 300
a 11 3 136 8287 300
a 11 9 136 8287 300
a 11 21 136 8287 300
a 11 25 136 8287 300
a 11 28 136 8287 300
a 11 31 136 8287 300
a 21 3 136 8287 300
a 21 9 136 8287 300
a 21 11 136 8287 300
a 21 25 136 8287 300
a 21 28 136 8287 300
a 21 31 136 8287 300
a 25 3 136 8287 300
a 25 9 136 8287 300
a 25 11 136 8287 300
a 25 21 136 8287 300
a 25 28 136 8287 300
a 25 31 136 8287 300
a 28 3 136 8287 300
a 28 9 136 8287 300
a 28 11 136 8287 300
a 28 21 136 8287 300
a 28 25 136 8287 300
a 28 31 136 8287 300
a 31 3 136 8287 300
a 31 9 136 8287 300
a 31 11 136 8287 300
a 31 21 136 8287 300
a 31 25 136 8287 300
a 31 28 136 8287 300
a 13 26 115 8287 300
a 26 13 115 8287 300
a 19 22 0 8287 300
a 19 27 0 8287 300
a 19 29 0 8287 300
a 19 32 0 8287 300
a 22 19 0 8287 300
a 22 27 0 8287 300
a 22 29 0 8287 300
a 22 32 0 8287 300
a 27 19 0 8287 300
a 27 22 0 8287 300
a 27 29 0 8287 300
a 27 32 0 8287 300
a 29 19 0 8287 300
a 29 22 0 8287 300
a 29 27 0 8287 300
a 29 32 0 8287 300
a 32 19 0 8287 300
a 32 22 0 8287 300
a 32 27 0 8287 300
a 32 29 0 8287 300
a 17 23 213 8287 300
a 23 17 213 8287 300
a 33 16 0 8287 100
a 34 2 0 8287 100
a 35 4 0 8287 100
a 36 3 0 8287 100
a 36 9 0 8287 100
a 36 11 0 8287 100
a 36 21 0 8287 100
a 36 25 0 8287 100
a 36 28 0 8287 100
a 36 31 0 8287 100
a 37 0 0 8287 100
a 37 6 0 8287 100
a 38 8 0 8287 100
a 38 20 0 8287 100
a 38 30 0 8287 100
a 39 19 0 8287 100
a 39 22 0 8287 100
a 39 27 0 8287 100
a 39 29 0 8287 100
a 39 32 0 8287 100
a 40 5 0 8287 100
a 41 13 0 8287 100
a 41 26 0 8287 100
a 42 12 0 8287 100
a 43 7 0 8287 100
a 44 15 0 8287 100
a 45 17 0 8287 100
a 45 23 0 8287 100
a 46 14 0 8287 100
a 47 10 0 8287 100
a 47 24 0 8287 100
a 48 18 0 8287 100
a 3 49 0 8287 100
a 9 49 0 8287 100
a 11 49 0 8287 100
a 21 49 0 8287 100
a 25 49 0 8287 100
a 28 49 0 8287 100
a 31 49 0 8287 100
a 14 50 0 8287 100
a 2 51 0 8287 100
a 15 52 0 8287 100
a 0 53 0 8287 100
a 6 53 0 8287 100
a 4 54 0 8287 100
a 10 55 0 8287 100
a 24 55 0 8287 100
a 13 56 0 8287 100
a 26 56 0 8287 100
a 19 57 0 8287 100
a 22 57 0 8287 100
a 27 57 0 8287 100
a 29 57 0 8287 100
a 32 57 0 8287 100
a 18 58 0 8287 100
a 7 59 0 8287 100
a 5 60 0 8287 100
a 17 61 0 8287 100
a 23 61 0 8287 100
a 8 62 0 8287 100
a 20 62 0 8287 100
a 30 62 0 8287 100
a 12 63 0 8287 100
a 1 64 0 8287 100
a 16 65 0 8287 100
