c vehicle routing problem with time windows
c solomon C108_50
c
c problem vertices edges capacity
p vrptw 52 2550 200
c
c vertex a b demand x y
v 0 0 12360 0 40 50
v 1 8300 10490 10 45 68
v 2 7560 9390 30 45 70
v 3 160 3360 10 42 66
v 4 6430 8660 10 42 68
v 5 150 2260 10 42 65
v 6 4990 8240 20 40 69
v 7 870 3080 20 40 66
v 8 1500 4290 20 38 68
v 9 4290 7100 10 38 70
v 10 2790 4880 10 35 66
v 11 3630 5900 10 35 69
v 12 5470 8260 20 25 85
v 13 300 2800 30 22 75
v 14 4890 6980 10 22 85
v 15 3180 4950 40 20 80
v 16 3940 6090 40 20 85
v 17 330 2260 20 18 75
v 18 680 3650 20 15 75
v 19 1760 4470 10 15 80
v 20 100 2650 10 30 50
v 21 8360 10430 20 30 52
v 22 7040 9910 20 28 52
v 23 6640 8450 10 28 55
v 24 150 3330 10 25 50
v 25 880 3050 40 25 52
v 26 5020 8210 10 25 55
v 27 1790 3980 10 23 52
v 28 4760 6630 20 23 55
v 29 2880 4750 10 20 50
v 30 3680 5850 10 20 55
v 31 1440 2930 20 10 35
v 32 310 3090 30 10 40
v 33 330 3130 40 8 40
v 34 6550 9120 20 8 45
v 35 1910 4360 10 5 35
v 36 5880 7930 10 5 45
v 37 3050 5120 20 2 40
v 38 4140 5870 30 0 40
v 39 4810 7100 20 0 45
v 40 1800 4050 10 35 30
v 41 630 3380 10 35 32
v 42 190 3450 20 33 32
v 43 160 2730 10 33 35
v 44 2780 4930 10 32 30
v 45 4530 6880 10 30 30
v 46 3550 6020 30 30 32
v 47 8370 11270 10 30 35
v 48 5390 7860 10 28 30
v 49 8670 11260 10 28 35
v 50 7190 9760 10 26 32
v 51 0 12360 0 40 50
c
c source target cost time
a 0 1 186 186
a 0 2 206 206
a 0 3 161 161
a 0 4 181 181
a 0 5 151 151
a 0 6 190 190
a 0 7 160 160
a 0 8 181 181
a 0 9 200 200
a 0 10 167 167
a 0 11 196 196
a 0 12 380 380
a 0 13 308 308
a 0 14 393 393
a 0 15 360 360
a 0 16 403 403
a 0 17 333 333
a 0 18 353 353
a 0 19 390 390
a 0 20 100 100
a 0 21 101 101
a 0 22 121 121
a 0 23 130 130
a 0 24 150 150
a 0 25 151 151
a 0 26 158 158
a 0 27 171 171
a 0 28 177 177
a 0 29 200 200
a 0 30 206 206
a 0 31 335 335
a 0 32 316 316
a 0 33 335 335
a 0 34 323 323
a 0 35 380 380
a 0 36 353 353
a 0 37 392 392
a 0 38 412 412
a 0 39 403 403
a 0 40 206 206
a 0 41 186 186
a 0 42 193 193
a 0 43 165 165
a 0 44 215 215
a 0 45 223 223
a 0 46 205 205
a 0 47 180 180
a 0 48 233 233
a 0 49 192 192
a 0 50 228 228
a 1 2 20 920
a 1 3 36 936
a 1 4 30 930
a 1 5 42 942
a 1 6 50 950
a 1 7 53 953
a 1 8 70 970
a 1 9 72 972
a 1 10 101 1001
a 1 11 100 1000
a 1 12 262 1162
a 1 13 240 1140
a 1 14 286 1186
a 1 15 277 1177
a 1 16 302 1202
a 1 17 278 1178
a 1 18 308 1208
a 1 19 323 1223
a 1 20 234 1134
a 1 21 219 1119
a 1 22 233 1133
a 1 23 214 1114
a 1 24 269 1169
a 1 25 256 1156
a 1 26 238 1138
a 1 27 272 1172
a 1 28 255 1155
a 1 29 308 1208
a 1 30 281 1181
a 1 31 481 1381
a 1 32 448 1348
a 1 33 464 1364
a 1 34 435 1335
a 1 35 518 1418
a 1 36 461 1361
a 1 37 513 1413
a 1 38 530 1430
a 1 39 505 1405
a 1 40 392 1292
a 1 41 373 1273
a 1 42 379 1279
a 1 43 351 1251
a 1 44 401 1301
a 1 45 408 1308
a 1 46 390 1290
a 1 47 362 1262
a 1 48 416 1316
a 1 49 371 1271
a 1 50 407 1307
a 1 51 186 1086
a 2 1 20 920
a 2 3 50 950
a 2 4 36 936
a 2 5 58 958
a 2 6 50 950
a 2 7 64 964
a 2 8 72 972
a 2 9 70 970
a 2 10 107 1007
a 2 11 100 1000
a 2 12 250 1150
a 2 13 235 1135
a 2 14 274 1174
a 2 15 269 1169
a 2 16 291 1191
a 2 17 274 1174
a 2 18 304 1204
a 2 19 316 1216
a 2 20 250 1150
a 2 21 234 1134
a 2 22 247 1147
a 2 23 226 1126
a 2 24 282 1182
a 2 25 269 1169
a 2 26 250 1150
a 2 27 284 1184
a 2 28 266 1166
a 2 29 320 1220
a 2 30 291 1191
a 2 31 494 1394
a 2 32 460 1360
a 2 33 476 1376
a 2 34 446 1346
a 2 35 531 1431
a 2 36 471 1371
a 2 37 524 1424
a 2 38 540 1440
a 2 39 514 1414
a 2 40 412 1312
a 2 41 392 1292
a 2 42 398 1298
a 2 43 370 1270
a 2 44 420 1320
a 2 45 427 1327
a 2 46 408 1308
a 2 47 380 1280
a 2 48 434 1334
a 2 49 389 1289
a 2 50 424 1324
a 2 51 206 1106
a 3 1 36 936
a 3 2 50 950
a 3 4 20 920
a 3 5 10 910
a 3 6 36 936
a 3 7 20 920
a 3 8 44 944
a 3 9 56 956
a 3 10 70 970
a 3 11 76 976
a 3 12 254 1154
a 3 13 219 1119
a 3 14 275 1175
a 3 15 260 1160
a 3 16 290 1190
a 3 17 256 1156
a 3 18 284 1184
a 3 19 304 1204
a 3 20 200 1100
a 3 21 184 1084
a 3 22 197 1097
a 3 23 178 1078
a 3 24 233 1133
a 3 25 220 1120
a 3 26 202 1102
a 3 27 236 1136
a 3 28 219 1119
a 3 29 272 1172
a 3 30 245 1145
a 3 31 445 1345
a 3 32 412 1312
a 3 33 428 1328
a 3 34 399 1299
a 3 35 482 1382
a 3 36 425 1325
a 3 37 477 1377
a 3 38 493 1393
a 3 39 469 1369
a 3 40 366 1266
a 3 41 347 1247
a 3 42 351 1251
a 3 43 322 1222
a 3 44 373 1273
a 3 45 379 1279
a 3 46 360 1260
a 3 47 332 1232
a 3 48 386 1286
a 3 49 340 1240
a 3 50 375 1275
a 3 51 161 1061
a 4 1 30 930
a 4 2 36 936
a 4 3 20 920
a 4 5 30 930
a 4 6 22 922
a 4 7 28 928
a 4 8 40 940
a 4 9 44 944
a 4 10 72 972
a 4 11 70 970
a 4 12 240 1140
a 4 13 211 1111
a 4 14 262 1162
a 4 15 250 1150
a 4 16 278 1178
a 4 17 250 1150
a 4 18 278 1178
a 4 19 295 1195
a 4 20 216 1116
a 4 21 200 1100
a 4 22 212 1112
a 4 23 191 1091
a 4 24 247 1147
a 4 25 233 1133
a 4 26 214 1114
a 4 27 248 1148
a 4 28 230 1130
a 4 29 284 1184
a 4 30 255 1155
a 4 31 459 1359
a 4 32 425 1325
a 4 33 440 1340
a 4 34 410 1310
a 4 35 495 1395
a 4 36 435 1335
a 4 37 488 1388
a 4 38 504 1404
a 4 39 478 1378
a 4 40 386 1286
a 4 41 366 1266
a 4 42 371 1271
a 4 43 342 1242
a 4 44 392 1292
a 4 45 398 1298
a 4 46 379 1279
a 4 47 351 1251
a 4 48 404 1304
a 4 49 358 1258
a 4 50 393 1293
a 4 51 181 1081
a 5 1 42 942
a 5 2 58 958
a 5 3 10 910
a 5 4 30 930
a 5 6 44 944
a 5 7 22 922
a 5 8 50 950
a 5 9 64 964
a 5 10 70 970
a 5 11 80 980
a 5 12 262 1162
a 5 13 223 1123
a 5 14 282 1182
a 5 15 266 1166
a 5 16 297 1197
a 5 17 260 1160
a 5 18 287 1187
a 5 19 308 1208
a 5 20 192 1092
a 5 21 176 1076
a 5 22 191 1091
a 5 23 172 1072
a 5 24 226 1126
a 5 25 214 1114
a 5 26 197 1097
a 5 27 230 1130
a 5 28 214 1114
a 5 29 266 1166
a 5 30 241 1141
a 5 31 438 1338
a 5 32 406 1306
a 5 33 422 1322
a 5 34 394 1294
a 5 35 476 1376
a 5 36 420 1320
a 5 37 471 1371
a 5 38 488 1388
a 5 39 465 1365
a 5 40 356 1256
a 5 41 337 1237
a 5 42 342 1242
a 5 43 313 1213
a 5 44 364 1264
a 5 45 370 1270
a 5 46 351 1251
a 5 47 323 1223
a 5 48 376 1276
a 5 49 331 1231
a 5 50 366 1266
a 5 51 151 1051
a 6 1 50 950
a 6 2 50 950
a 6 3 36 936
a 6 4 22 922
a 6 5 44 944
a 6 7 30 930
a 6 8 22 922
a 6 9 22 922
a 6 10 58 958
a 6 11 50 950
a 6 12 219 1119
a 6 13 189 1089
a 6 14 240 1140
a 6 15 228 1128
a 6 16 256 1156
a 6 17 228 1128
a 6 18 257 1157
a 6 19 273 1173
a 6 20 214 1114
a 6 21 197 1097
a 6 22 208 1108
a 6 23 184 1084
a 6 24 242 1142
a 6 25 226 1126
a 6 26 205 1105
a 6 27 240 1140
a 6 28 220 1120
a 6 29 275 1175
a 6 30 244 1144
a 6 31 453 1353
a 6 32 417 1317
a 6 33 431 1331
a 6 34 400 1300
a 6 35 487 1387
a 6 36 424 1324
a 6 37 478 1378
a 6 38 494 1394
a 6 39 466 1366
a 6 40 393 1293
a 6 41 373 1273
a 6 42 376 1276
a 6 43 347 1247
a 6 44 398 1298
a 6 45 402 1302
a 6 46 383 1283
a 6 47 354 1254
a 6 48 408 1308
a 6 49 360 1260
a 6 50 395 1295
a 6 51 190 1090
a 7 1 53 953
a 7 2 64 964
a 7 3 20 920
a 7 4 28 928
a 7 5 22 922
a 7 6 30 930
a 7 8 28 928
a 7 9 44 944
a 7 10 50 950
a 7 11 58 958
a 7 12 242 1142
a 7 13 201 1101
a 7 14 261 1161
a 7 15 244 1144
a 7 16 275 1175
a 7 17 237 1137
a 7 18 265 1165
a 7 19 286 1186
a 7 20 188 1088
a 7 21 172 1072
a 7 22 184 1084
a 7 23 162 1062
a 7 24 219 1119
a 7 25 205 1105
a 7 26 186 1086
a 7 27 220 1120
a 7 28 202 1102
a 7 29 256 1156
a 7 30 228 1128
a 7 31 431 1331
a 7 32 396 1296
a 7 33 412 1312
a 7 34 382 1282
a 7 35 467 1367
a 7 36 408 1308
a 7 37 460 1360
a 7 38 477 1377
a 7 39 451 1351
a 7 40 363 1263
a 7 41 343 1243
a 7 42 347 1247
a 7 43 317 1217
a 7 44 368 1268
a 7 45 373 1273
a 7 46 354 1254
a 7 47 325 1225
a 7 48 379 1279
a 7 49 332 1232
a 7 50 367 1267
a 7 51 160 1060
a 8 1 70 970
a 8 2 72 972
a 8 3 44 944
a 8 4 40 940
a 8 5 50 950
a 8 6 22 922
a 8 7 28 928
a 8 9 20 920
a 8 10 36 936
a 8 11 31 931
a 8 12 214 1114
a 8 13 174 1074
a 8 14 233 1133
a 8 15 216 1116
a 8 16 247 1147
a 8 17 211 1111
a 8 18 240 1140
a 8 19 259 1159
a 8 20 196 1096
a 8 21 178 1078
a 8 22 188 1088
a 8 23 164 1064
a 8 24 222 1122
a 8 25 206 1106
a 8 26 183 1083
a 8 27 219 1119
a 8 28 198 1098
a 8 29 254 1154
a 8 30 222 1122
a 8 31 432 1332
a 8 32 395 1295
a 8 33 410 1310
a 8 34 378 1278
a 8 35 466 1366
a 8 36 402 1302
a 8 37 456 1356
a 8 38 472 1372
a 8 39 444 1344
a 8 40 381 1281
a 8 41 361 1261
a 8 42 363 1263
a 8 43 333 1233
a 8 44 384 1284
a 8 45 388 1288
a 8 46 368 1268
a 8 47 339 1239
a 8 48 392 1292
a 8 49 344 1244
a 8 50 379 1279
a 8 51 181 1081
a 9 1 72 972
a 9 2 70 970
a 9 3 56 956
a 9 4 44 944
a 9 5 64 964
a 9 6 22 922
a 9 7 44 944
a 9 8 20 920
a 9 10 50 950
a 9 11 31 931
a 9 12 198 1098
a 9 13 167 1067
a 9 14 219 1119
a 9 15 205 1105
a 9 16 234 1134
a 9 17 206 1106
a 9 18 235 1135
a 9 19 250 1150
a 9 20 215 1115
a 9 21 196 1096
a 9 22 205 1105
a 9 23 180 1080
a 9 24 238 1138
a 9 25 222 1122
a 9 26 198 1098
a 9 27 234 1134
a 9 28 212 1112
a 9 29 269 1169
a 9 30 234 1134
a 9 31 448 1348
a 9 32 410 1310
a 9 33 424 1324
a 9 34 390 1290
a 9 35 481 1381
a 9 36 414 1314
a 9 37 468 1368
a 9 38 484 1384
a 9 39 454 1354
a 9 40 401 1301
a 9 41 381 1281
a 9 42 383 1283
a 9 43 353 1253
a 9 44 404 1304
a 9 45 407 1307
a 9 46 388 1288
a 9 47 359 1259
a 9 48 412 1312
a 9 49 364 1264
a 9 50 398 1298
a 9 51 200 1100
a 10 1 101 1001
a 10 2 107 1007
a 10 3 70 970
a 10 4 72 972
a 10 5 70 970
a 10 6 58 958
a 10 7 50 950
a 10 8 36 936
a 10 9 50 950
a 10 11 30 930
a 10 12 214 1114
a 10 13 158 1058
a 10 14 230 1130
a 10 15 205 1105
a 10 16 242 1142
a 10 17 192 1092
a 10 18 219 1119
a 10 19 244 1144
a 10 20 167 1067
a 10 21 148 1048
a 10 22 156 1056
a 10 23 130 1030
a 10 24 188 1088
a 10 25 172 1072
a 10 26 148 1048
a 10 27 184 1084
a 10 28 162 1062
a 10 29 219 1119
a 10 30 186 1086
a 10 31 398 1298
a 10 32 360 1260
a 10 33 374 1274
a 10 34 342 1242
a 10 35 431 1331
a 10 36 366 1266
a 10 37 420 1320
a 10 38 436 1336
a 10 39 408 1308
a 10 40 360 1260
a 10 41 340 1240
a 10 42 340 1240
a 10 43 310 1210
a 10 44 361 1261
a 10 45 363 1263
a 10 46 343 1243
a 10 47 314 1214
a 10 48 366 1266
a 10 49 317 1217
a 10 50 351 1251
a 10 51 167 1067
a 11 1 100 1000
a 11 2 100 1000
a 11 3 76 976
a 11 4 70 970
a 11 5 80 980
a 11 6 50 950
a 11 7 58 958
a 11 8 31 931
a 11 9 31 931
a 11 10 30 930
a 11 12 188 1088
a 11 13 143 1043
a 11 14 206 1106
a 11 15 186 1086
a 11 16 219 1119
a 11 17 180 1080
a 11 18 208 1108
a 11 19 228 1128
a 11 20 196 1096
a 11 21 177 1077
a 11 22 183 1083
a 11 23 156 1056
a 11 24 214 1114
a 11 25 197 1097
a 11 26 172 1072
a 11 27 208 1108
a 11 28 184 1084
a 11 29 242 1142
a 11 30 205 1105
a 11 31 422 1322
a 11 32 382 1282
a 11 33 396 1296
a 11 34 361 1261
a 11 35 453 1353
a 11 36 384 1284
a 11 37 439 1339
a 11 38 454 1354
a 11 39 424 1324
a 11 40 390 1290
a 11 41 370 1270
a 11 42 370 1270
a 11 43 340 1240
a 11 44 391 1291
a 11 45 393 1293
a 11 46 373 1273
a 11 47 343 1243
a 11 48 396 1296
a 11 49 347 1247
a 11 50 380 1280
a 11 51 196 1096
a 12 1 262 1162
a 12 2 250 1150
a 12 3 254 1154
a 12 4 240 1140
a 12 5 262 1162
a 12 6 219 1119
a 12 7 242 1142
a 12 8 214 1114
a 12 9 198 1098
a 12 10 214 1114
a 12 11 188 1088
a 12 13 104 1004
a 12 14 30 930
a 12 15 70 970
a 12 16 50 950
a 12 17 122 1022
a 12 18 141 1041
a 12 19 111 1011
a 12 20 353 1253
a 12 21 333 1233
a 12 22 331 1231
a 12 23 301 1201
a 12 24 350 1250
a 12 25 330 1230
a 12 26 300 1200
a 12 27 330 1230
a 12 28 300 1200
a 12 29 353 1253
a 12 30 304 1204
a 12 31 522 1422
a 12 32 474 1374
a 12 33 481 1381
a 12 34 434 1334
a 12 35 538 1438
a 12 36 447 1347
a 12 37 505 1405
a 12 38 514 1414
a 12 39 471 1371
a 12 40 559 1459
a 12 41 539 1439
a 12 42 536 1436
a 12 43 506 1406
a 12 44 554 1454
a 12 45 552 1452
a 12 46 532 1432
a 12 47 502 1402
a 12 48 550 1450
a 12 49 500 1400
a 12 50 530 1430
a 12 51 380 1280
a 13 1 240 1140
a 13 2 235 1135
a 13 3 219 1119
a 13 4 211 1111
a 13 5 223 1123
a 13 6 189 1089
a 13 7 201 1101
a 13 8 174 1074
a 13 9 167 1067
a 13 10 158 1058
a 13 11 143 1043
a 13 12 104 1004
a 13 14 100 1000
a 13 15 53 953
a 13 16 101 1001
a 13 17 40 940
a 13 18 70 970
a 13 19 86 986
a 13 20 262 1162
a 13 21 243 1143
a 13 22 237 1137
a 13 23 208 1108
a 13 24 251 1151
a 13 25 231 1131
a 13 26 202 1102
a 13 27 230 1130
a 13 28 200 1100
a 13 29 250 1150
a 13 30 200 1100
a 13 31 417 1317
a 13 32 370 1270
a 13 33 376 1276
a 13 34 331 1231
a 13 35 434 1334
a 13 36 344 1244
a 13 37 403 1303
a 13 38 413 1313
a 13 39 372 1272
a 13 40 468 1368
a 13 41 449 1349
a 13 42 443 1343
a 13 43 414 1314
a 13 44 460 1360
a 13 45 457 1357
a 13 46 437 1337
a 13 47 407 1307
a 13 48 453 1353
a 13 49 404 1304
a 13 50 431 1331
a 13 51 308 1208
a 14 1 286 1186
a 14 2 274 1174
a 14 3 275 1175
a 14 4 262 1162
a 14 5 282 1182
a 14 6 240 1140
a 14 7 261 1161
a 14 8 233 1133
a 14 9 219 1119
a 14 10 230 1130
a 14 11 206 1106
a 14 12 30 930
a 14 13 100 1000
a 14 15 53 953
a 14 16 20 920
a 14 17 107 1007
a 14 18 122 1022
a 14 19 86 986
a 14 20 359 1259
a 14 21 339 1239
a 14 22 335 1235
a 14 23 305 1205
a 14 24 351 1251
a 14 25 331 1231
a 14 26 301 1201
a 14 27 330 1230
a 14 28 300 1200
a 14 29 350 1250
a 14 30 300 1200
a 14 31 514 1414
a 14 32 465 1365
a 14 33 471 1371
a 14 34 423 1323
a 14 35 528 1428
a 14 36 434 1334
a 14 37 492 1392
a 14 38 500 1400
a 14 39 456 1356
a 14 40 565 1465
a 14 41 545 1445
a 14 42 541 1441
a 14 43 511 1411
a 14 44 559 1459
a 14 45 555 1455
a 14 46 536 1436
a 14 47 506 1406
a 14 48 553 1453
a 14 49 503 1403
a 14 50 531 1431
a 14 51 393 1293
a 15 1 277 1177
a 15 2 269 1169
a 15 3 260 1160
a 15 4 250 1150
a 15 5 266 1166
a 15 6 228 1128
a 15 7 244 1144
a 15 8 216 1116
a 15 9 205 1105
a 15 10 205 1105
a 15 11 186 1086
a 15 12 70 970
a 15 13 53 953
a 15 14 53 953
a 15 16 50 950
a 15 17 53 953
a 15 18 70 970
a 15 19 50 950
a 15 20 316 1216
a 15 21 297 1197
a 15 22 291 1191
a 15 23 262 1162
a 15 24 304 1204
a 15 25 284 1184
a 15 26 254 1154
a 15 27 281 1181
a 15 28 251 1151
a 15 29 300 1200
a 15 30 250 1150
a 15 31 460 1360
a 15 32 412 1312
a 15 33 417 1317
a 15 34 370 1270
a 15 35 474 1374
a 15 36 380 1280
a 15 37 438 1338
a 15 38 447 1347
a 15 39 403 1303
a 15 40 522 1422
a 15 41 502 1402
a 15 42 497 1397
a 15 43 468 1368
a 15 44 514 1414
a 15 45 509 1409
a 15 46 490 1390
a 15 47 460 1360
a 15 48 506 1406
a 15 49 457 1357
a 15 50 483 1383
a 15 51 360 1260
a 16 1 302 1202
a 16 2 291 1191
a 16 3 290 1190
a 16 4 278 1178
a 16 5 297 1197
a 16 6 256 1156
a 16 7 275 1175
a 16 8 247 1147
a 16 9 234 1134
a 16 10 242 1142
a 16 11 219 1119
a 16 12 50 950
a 16 13 101 1001
a 16 14 20 920
a 16 15 50 950
a 16 17 101 1001
a 16 18 111 1011
a 16 19 70 970
a 16 20 364 1264
a 16 21 344 1244
a 16 22 339 1239
a 16 23 310 1210
a 16 24 353 1253
a 16 25 333 1233
a 16 26 304 1204
a 16 27 331 1231
a 16 28 301 1201
a 16 29 350 1250
a 16 30 300 1200
a 16 31 509 1409
a 16 32 460 1360
a 16 33 465 1365
a 16 34 417 1317
a 16 35 522 1422
a 16 36 427 1327
a 16 37 484 1384
a 16 38 492 1392
a 16 39 447 1347
a 16 40 570 1470
a 16 41 550 1450
a 16 42 545 1445
a 16 43 516 1416
a 16 44 562 1462
a 16 45 559 1459
a 16 46 539 1439
a 16 47 509 1409
a 16 48 555 1455
a 16 49 506 1406
a 16 50 533 1433
a 16 51 403 1303
a 17 1 278 1178
a 17 2 274 1174
a 17 3 256 1156
a 17 4 250 1150
a 17 5 260 1160
a 17 6 228 1128
a 17 7 237 1137
a 17 8 211 1111
a 17 9 206 1106
a 17 10 192 1092
a 17 11 180 1080
a 17 12 122 1022
a 17 13 40 940
a 17 14 107 1007
a 17 15 53 953
a 17 16 101 1001
a 17 18 30 930
a 17 19 58 958
a 17 20 277 1177
a 17 21 259 1159
a 17 22 250 1150
a 17 23 223 1123
a 17 24 259 1159
a 17 25 240 1140
a 17 26 211 1111
a 17 27 235 1135
a 17 28 206 1106
a 17 29 250 1150
a 17 30 200 1100
a 17 31 407 1307
a 17 32 359 1259
a 17 33 364 1264
a 17 34 316 1216
a 17 35 420 1320
a 17 36 326 1226
a 17 37 384 1284
a 17 38 393 1293
a 17 39 349 1249
a 17 40 481 1381
a 17 41 462 1362
a 17 42 455 1355
a 17 43 427 1327
a 17 44 471 1371
a 17 45 465 1365
a 17 46 446 1346
a 17 47 417 1317
a 17 48 460 1360
a 17 49 412 1312
a 17 50 437 1337
a 17 51 333 1233
a 18 1 308 1208
a 18 2 304 1204
a 18 3 284 1184
a 18 4 278 1178
a 18 5 287 1187
a 18 6 257 1157
a 18 7 265 1165
a 18 8 240 1140
a 18 9 235 1135
a 18 10 219 1119
a 18 11 208 1108
a 18 12 141 1041
a 18 13 70 970
a 18 14 122 1022
a 18 15 70 970
a 18 16 111 1011
a 18 17 30 930
a 18 19 50 950
a 18 20 291 1191
a 18 21 274 1174
a 18 22 264 1164
a 18 23 238 1138
a 18 24 269 1169
a 18 25 250 1150
a 18 26 223 1123
a 18 27 243 1143
a 18 28 215 1115
a 18 29 254 1154
a 18 30 206 1106
a 18 31 403 1303
a 18 32 353 1253
a 18 33 356 1256
a 18 34 308 1208
a 18 35 412 1312
a 18 36 316 1216
a 18 37 373 1273
a 18 38 380 1280
a 18 39 335 1235
a 18 40 492 1392
a 18 41 474 1374
a 18 42 466 1366
a 18 43 438 1338
a 18 44 481 1381
a 18 45 474 1374
a 18 46 455 1355
a 18 47 427 1327
a 18 48 468 1368
a 18 49 420 1320
a 18 50 443 1343
a 18 51 353 1253
a 19 1 323 1223
a 19 2 316 1216
a 19 3 304 1204
a 19 4 295 1195
a 19 5 308 1208
a 19 6 273 1173
a 19 7 286 1186
a 19 8 259 1159
a 19 9 250 1150
a 19 10 244 1144
a 19 11 228 1128
a 19 12 111 1011
a 19 13 86 986
a 19 14 86 986
a 19 15 50 950
a 19 16 70 970
a 19 17 58 958
a 19 18 50 950
a 19 20 335 1235
a 19 21 317 1217
a 19 22 308 1208
a 19 23 281 1181
a 19 24 316 1216
a 19 25 297 1197
a 19 26 269 1169
a 19 27 291 1191
a 19 28 262 1162
a 19 29 304 1204
a 19 30 254 1154
a 19 31 452 1352
a 19 32 403 1303
a 19 33 406 1306
a 19 34 356 1256
a 19 35 460 1360
a 19 36 364 1264
a 19 37 420 1320
a 19 38 427 1327
a 19 39 380 1280
a 19 40 538 1438
a 19 41 520 1420
a 19 42 512 1412
a 19 43 484 1384
a 19 44 528 1428
a 19 45 522 1422
a 19 46 502 1402
a 19 47 474 1374
a 19 48 516 1416
a 19 49 468 1368
a 19 50 492 1392
a 19 51 390 1290
a 20 1 234 1134
a 20 2 250 1150
a 20 3 200 1100
a 20 4 216 1116
a 20 5 192 1092
a 20 6 214 1114
a 20 7 188 1088
a 20 8 196 1096
a 20 9 215 1115
a 20 10 167 1067
a 20 11 196 1096
a 20 12 353 1253
a 20 13 262 1162
a 20 14 359 1259
a 20 15 316 1216
a 20 16 364 1264
a 20 17 277 1177
a 20 18 291 1191
a 20 19 335 1235
a 20 21 20 920
a 20 22 28 928
a 20 23 53 953
a 20 24 50 950
a 20 25 53 953
a 20 26 70 970
a 20 27 72 972
a 20 28 86 986
a 20 29 100 1000
a 20 30 111 1011
a 20 31 250 1150
a 20 32 223 1123
a 20 33 241 1141
a 20 34 225 1125
a 20 35 291 1191
a 20 36 254 1154
a 20 37 297 1197
a 20 38 316 1216
a 20 39 304 1204
a 20 40 206 1106
a 20 41 186 1086
a 20 42 182 1082
a 20 43 152 1052
a 20 44 200 1100
a 20 45 200 1100
a 20 46 180 1080
a 20 47 150 1050
a 20 48 200 1100
a 20 49 151 1051
a 20 50 184 1084
a 20 51 100 1000
a 21 1 219 1119
a 21 2 234 1134
a 21 3 184 1084
a 21 4 200 1100
a 21 5 176 1076
a 21 6 197 1097
a 21 7 172 1072
a 21 8 178 1078
a 21 9 196 1096
a 21 10 148 1048
a 21 11 177 1077
a 21 12 333 1233
a 21 13 243 1143
a 21 14 339 1239
a 21 15 297 1197
a 21 16 344 1244
a 21 17 259 1159
a 21 18 274 1174
a 21 19 317 1217
a 21 20 20 920
a 21 22 20 920
a 21 23 36 936
a 21 24 53 953
a 21 25 50 950
a 21 26 58 958
a 21 27 70 970
a 21 28 76 976
a 21 29 101 1001
a 21 30 104 1004
a 21 31 262 1162
a 21 32 233 1133
a 21 33 250 1150
a 21 34 230 1130
a 21 35 302 1202
a 21 36 259 1159
a 21 37 304 1204
a 21 38 323 1223
a 21 39 308 1208
a 21 40 225 1125
a 21 41 206 1106
a 21 42 202 1102
a 21 43 172 1072
a 21 44 220 1120
a 21 45 220 1120
a 21 46 200 1100
a 21 47 170 1070
a 21 48 220 1120
a 21 49 171 1071
a 21 50 203 1103
a 21 51 101 1001
a 22 1 233 1133
a 22 2 247 1147
a 22 3 197 1097
a 22 4 212 1112
a 22 5 191 1091
a 22 6 208 1108
a 22 7 184 1084
a 22 8 188 1088
a 22 9 205 1105
a 22 10 156 1056
a 22 11 183 1083
a 22 12 331 1231
a 22 13 237 1137
a 22 14 335 1235
a 22 15 291 1191
a 22 16 339 1239
a 22 17 250 1150
a 22 18 264 1164
a 22 19 308 1208
a 22 20 28 928
a 22 21 20 920
a 22 23 30 930
a 22 24 36 936
a 22 25 30 930
a 22 26 42 942
a 22 27 50 950
a 22 28 58 958
a 22 29 82 982
a 22 30 85 985
a 22 31 247 1147
a 22 32 216 1116
a 22 33 233 1133
a 22 34 211 1111
a 22 35 286 1186
a 22 36 240 1140
a 22 37 286 1186
a 22 38 304 1204
a 22 39 288 1188
a 22 40 230 1130
a 22 41 211 1111
a 22 42 206 1106
a 22 43 177 1077
a 22 44 223 1123
a 22 45 220 1120
a 22 46 200 1100
a 22 47 171 1071
a 22 48 220 1120
a 22 49 170 1070
a 22 50 200 1100
a 22 51 121 1021
a 23 1 214 1114
a 23 2 226 1126
a 23 3 178 1078
a 23 4 191 1091
a 23 5 172 1072
a 23 6 184 1084
a 23 7 162 1062
a 23 8 164 1064
a 23 9 180 1080
a 23 10 130 1030
a 23 11 156 1056
a 23 12 301 1201
a 23 13 208 1108
a 23 14 305 1205
a 23 15 262 1162
a 23 16 310 1210
a 23 17 223 1123
a 23 18 238 1138
a 23 19 281 1181
a 23 20 53 953
a 23 21 36 936
a 23 22 30 930
a 23 24 58 958
a 23 25 42 942
a 23 26 30 930
a 23 27 58 958
a 23 28 50 950
a 23 29 94 994
a 23 30 80 980
a 23 31 269 1169
a 23 32 234 1134
a 23 33 250 1150
a 23 34 223 1123
a 23 35 304 1204
a 23 36 250 1150
a 23 37 300 1200
a 23 38 317 1217
a 23 39 297 1197
a 23 40 259 1159
a 23 41 240 1140
a 23 42 235 1135
a 23 43 206 1106
a 23 44 253 1153
a 23 45 250 1150
a 23 46 230 1130
a 23 47 200 1100
a 23 48 250 1150
a 23 49 200 1100
a 23 50 230 1130
a 23 51 130 1030
a 24 1 269 1169
a 24 2 282 1182
a 24 3 233 1133
a 24 4 247 1147
a 24 5 226 1126
a 24 6 242 1142
a 24 7 219 1119
a 24 8 222 1122
a 24 9 238 1138
a 24 10 188 1088
a 24 11 214 1114
a 24 12 350 1250
a 24 13 251 1151
a 24 14 351 1251
a 24 15 304 1204
a 24 16 353 1253
a 24 17 259 1159
a 24 18 269 1169
a 24 19 316 1216
a 24 20 50 950
a 24 21 53 953
a 24 22 36 936
a 24 23 58 958
a 24 25 20 920
a 24 26 50 950
a 24 27 28 928
a 24 28 53 953
a 24 29 50 950
a 24 30 70 970
a 24 31 212 1112
a 24 32 180 1080
a 24 33 197 1097
a 24 34 177 1077
a 24 35 250 1150
a 24 36 206 1106
a 24 37 250 1150
a 24 38 269 1169
a 24 39 254 1154
a 24 40 223 1123
a 24 41 205 1105
a 24 42 196 1096
a 24 43 170 1070
a 24 44 211 1111
a 24 45 206 1106
a 24 46 186 1086
a 24 47 158 1058
a 24 48 202 1102
a 24 49 152 1052
a 24 50 180 1080
a 24 51 150 1050
a 25 1 256 1156
a 25 2 269 1169
a 25 3 220 1120
a 25 4 233 1133
a 25 5 214 1114
a 25 6 226 1126
a 25 7 205 1105
a 25 8 206 1106
a 25 9 222 1122
a 25 10 172 1072
a 25 11 197 1097
a 25 12 330 1230
a 25 13 231 1131
a 25 14 331 1231
a 25 15 284 1184
a 25 16 333 1233
a 25 17 240 1140
a 25 18 250 1150
a 25 19 297 1197
a 25 20 53 953
a 25 21 50 950
a 25 22 30 930
a 25 23 42 942
a 25 24 20 920
a 25 26 30 930
a 25 27 20 920
a 25 28 36 936
a 25 29 53 953
a 25 30 58 958
a 25 31 226 1126
a 25 32 192 1092
a 25 33 208 1108
a 25 34 183 1083
a 25 35 262 1162
a 25 36 211 1111
a 25 37 259 1159
a 25 38 277 1177
a 25 39 259 1159
a 25 40 241 1141
a 25 41 223 1123
a 25 42 215 1115
a 25 43 187 1087
a 25 44 230 1130
a 25 45 225 1125
a 25 46 206 1106
a 25 47 177 1077
a 25 48 222 1122
a 25 49 172 1072
a 25 50 200 1100
a 25 51 151 1051
a 26 1 238 1138
a 26 2 250 1150
a 26 3 202 1102
a 26 4 214 1114
a 26 5 197 1097
a 26 6 205 1105
a 26 7 186 1086
a 26 8 183 1083
a 26 9 198 1098
a 26 10 148 1048
a 26 11 172 1072
a 26 12 300 1200
a 26 13 202 1102
a 26 14 301 1201
a 26 15 254 1154
a 26 16 304 1204
a 26 17 211 1111
a 26 18 223 1123
a 26 19 269 1169
a 26 20 70 970
a 26 21 58 958
a 26 22 42 942
a 26 23 30 930
a 26 24 50 950
a 26 25 30 930
a 26 27 36 936
a 26 28 20 920
a 26 29 70 970
a 26 30 50 950
a 26 31 250 1150
a 26 32 212 1112
a 26 33 226 1126
a 26 34 197 1097
a 26 35 282 1182
a 26 36 223 1123
a 26 37 274 1174
a 26 38 291 1191
a 26 39 269 1169
a 26 40 269 1169
a 26 41 250 1150
a 26 42 243 1143
a 26 43 215 1115
a 26 44 259 1159
a 26 45 254 1154
a 26 46 235 1135
a 26 47 206 1106
a 26 48 251 1151
a 26 49 202 1102
a 26 50 230 1130
a 26 51 158 1058
a 27 1 272 1172
a 27 2 284 1184
a 27 3 236 1136
a 27 4 248 1148
a 27 5 230 1130
a 27 6 240 1140
a 27 7 220 1120
a 27 8 219 1119
a 27 9 234 1134
a 27 10 184 1084
a 27 11 208 1108
a 27 12 330 1230
a 27 13 230 1130
a 27 14 330 1230
a 27 15 281 1181
a 27 16 331 1231
a 27 17 235 1135
a 27 18 243 1143
a 27 19 291 1191
a 27 20 72 972
a 27 21 70 970
a 27 22 50 950
a 27 23 58 958
a 27 24 28 928
a 27 25 20 920
a 27 26 36 936
a 27 28 30 930
a 27 29 36 936
a 27 30 42 942
a 27 31 214 1114
a 27 32 176 1076
a 27 33 192 1092
a 27 34 165 1065
a 27 35 247 1147
a 27 36 193 1093
a 27 37 241 1141
a 27 38 259 1159
a 27 39 240 1140
a 27 40 250 1150
a 27 41 233 1133
a 27 42 223 1123
a 27 43 197 1097
a 27 44 237 1137
a 27 45 230 1130
a 27 46 211 1111
a 27 47 183 1083
a 27 48 225 1125
a 27 49 177 1077
a 27 50 202 1102
a 27 51 171 1071
a 28 1 255 1155
a 28 2 266 1166
a 28 3 219 1119
a 28 4 230 1130
a 28 5 214 1114
a 28 6 220 1120
a 28 7 202 1102
a 28 8 198 1098
a 28 9 212 1112
a 28 10 162 1062
a 28 11 184 1084
a 28 12 300 1200
a 28 13 200 1100
a 28 14 300 1200
a 28 15 251 1151
a 28 16 301 1201
a 28 17 206 1106
a 28 18 215 1115
a 28 19 262 1162
a 28 20 86 986
a 28 21 76 976
a 28 22 58 958
a 28 23 50 950
a 28 24 53 953
a 28 25 36 936
a 28 26 20 920
a 28 27 30 930
a 28 29 58 958
a 28 30 30 930
a 28 31 238 1138
a 28 32 198 1098
a 28 33 212 1112
a 28 34 180 1080
a 28 35 269 1169
a 28 36 205 1105
a 28 37 258 1158
a 28 38 274 1174
a 28 39 250 1150
a 28 40 277 1177
a 28 41 259 1159
a 28 42 250 1150
a 28 43 223 1123
a 28 44 265 1165
a 28 45 259 1159
a 28 46 240 1140
a 28 47 211 1111
a 28 48 254 1154
a 28 49 206 1106
a 28 50 231 1131
a 28 51 177 1077
a 29 1 308 1208
a 29 2 320 1220
a 29 3 272 1172
a 29 4 284 1184
a 29 5 266 1166
a 29 6 275 1175
a 29 7 256 1156
a 29 8 254 1154
a 29 9 269 1169
a 29 10 219 1119
a 29 11 242 1142
a 29 12 353 1253
a 29 13 250 1150
a 29 14 350 1250
a 29 15 300 1200
a 29 16 350 1250
a 29 17 250 1150
a 29 18 254 1154
a 29 19 304 1204
a 29 20 100 1000
a 29 21 101 1001
a 29 22 82 982
a 29 23 94 994
a 29 24 50 950
a 29 25 53 953
a 29 26 70 970
a 29 27 36 936
a 29 28 58 958
a 29 30 50 950
a 29 31 180 1080
a 29 32 141 1041
a 29 33 156 1056
a 29 34 130 1030
a 29 35 212 1112
a 29 36 158 1058
a 29 37 205 1105
a 29 38 223 1123
a 29 39 206 1106
a 29 40 250 1150
a 29 41 234 1134
a 29 42 222 1122
a 29 43 198 1098
a 29 44 233 1133
a 29 45 223 1123
a 29 46 205 1105
a 29 47 180 1080
a 29 48 215 1115
a 29 49 170 1070
a 29 50 189 1089
a 29 51 200 1100
a 30 1 281 1181
a 30 2 291 1191
a 30 3 245 1145
a 30 4 255 1155
a 30 5 241 1141
a 30 6 244 1144
a 30 7 228 1128
a 30 8 222 1122
a 30 9 234 1134
a 30 10 186 1086
a 30 11 205 1105
a 30 12 304 1204
a 30 13 200 1100
a 30 14 300 1200
a 30 15 250 1150
a 30 16 300 1200
a 30 17 200 1100
a 30 18 206 1106
a 30 19 254 1154
a 30 20 111 1011
a 30 21 104 1004
a 30 22 85 985
a 30 23 80 980
a 30 24 70 970
a 30 25 58 958
a 30 26 50 950
a 30 27 42 942
a 30 28 30 930
a 30 29 50 950
a 30 31 223 1123
a 30 32 180 1080
a 30 33 192 1092
a 30 34 156 1056
a 30 35 250 1150
a 30 36 180 1080
a 30 37 234 1134
a 30 38 250 1150
a 30 39 223 1123
a 30 40 291 1191
a 30 41 274 1174
a 30 42 264 1164
a 30 43 238 1138
a 30 44 277 1177
a 30 45 269 1169
a 30 46 250 1150
a 30 47 223 1123
a 30 48 262 1162
a 30 49 215 1115
a 30 50 237 1137
a 30 51 206 1106
a 31 1 481 1381
a 31 2 494 1394
a 31 3 445 1345
a 31 4 459 1359
a 31 5 438 1338
a 31 6 453 1353
a 31 7 431 1331
a 31 8 432 1332
a 31 9 448 1348
a 31 10 398 1298
a 31 11 422 1322
a 31 12 522 1422
a 31 13 417 1317
a 31 14 514 1414
a 31 15 460 1360
a 31 16 509 1409
a 31 17 407 1307
a 31 18 403 1303
a 31 19 452 1352
a 31 20 250 1150
a 31 21 262 1162
a 31 22 247 1147
a 31 23 269 1169
a 31 24 212 1112
a 31 25 226 1126
a 31 26 250 1150
a 31 27 214 1114
a 31 28 238 1138
a 31 29 180 1080
a 31 30 223 1123
a 31 32 50 950
a 31 33 53 953
a 31 34 101 1001
a 31 35 50 950
a 31 36 111 1011
a 31 37 94 994
a 31 38 111 1011
a 31 39 141 1041
a 31 40 254 1154
a 31 41 251 1151
a 31 42 231 1131
a 31 43 230 1130
a 31 44 225 1125
a 31 45 206 1106
a 31 46 202 1102
a 31 47 200 1100
a 31 48 186 1086
a 31 49 180 1080
a 31 50 162 1062
a 31 51 335 1235
a 32 1 448 1348
a 32 2 460 1360
a 32 3 412 1312
a 32 4 425 1325
a 32 5 406 1306
a 32 6 417 1317
a 32 7 396 1296
a 32 8 395 1295
a 32 9 410 1310
a 32 10 360 1260
a 32 11 382 1282
a 32 12 474 1374
a 32 13 370 1270
a 32 14 465 1365
a 32 15 412 1312
a 32 16 460 1360
a 32 17 359 1259
a 32 18 353 1253
a 32 19 403 1303
a 32 20 223 1123
a 32 21 233 1133
a 32 22 216 1116
a 32 23 234 1134
a 32 24 180 1080
a 32 25 192 1092
a 32 26 212 1112
a 32 27 176 1076
a 32 28 198 1098
a 32 29 141 1041
a 32 30 180 1080
a 32 31 50 950
a 32 33 20 920
a 32 34 53 953
a 32 35 70 970
a 32 36 70 970
a 32 37 80 980
a 32 38 100 1000
a 32 39 111 1011
a 32 40 269 1169
a 32 41 262 1162
a 32 42 243 1143
a 32 43 235 1135
a 32 44 241 1141
a 32 45 223 1123
a 32 46 215 1115
a 32 47 206 1106
a 32 48 205 1105
a 32 49 186 1086
a 32 50 178 1078
a 32 51 316 1216
a 33 1 464 1364
a 33 2 476 1376
a 33 3 428 1328
a 33 4 440 1340
a 33 5 422 1322
a 33 6 431 1331
a 33 7 412 1312
a 33 8 410 1310
a 33 9 424 1324
a 33 10 374 1274
a 33 11 396 1296
a 33 12 481 1381
a 33 13 376 1276
a 33 14 471 1371
a 33 15 417 1317
a 33 16 465 1365
a 33 17 364 1264
a 33 18 356 1256
a 33 19 406 1306
a 33 20 241 1141
a 33 21 250 1150
a 33 22 233 1133
a 33 23 250 1150
a 33 24 197 1097
a 33 25 208 1108
a 33 26 226 1126
a 33 27 192 1092
a 33 28 212 1112
a 33 29 156 1056
a 33 30 192 1092
a 33 31 53 953
a 33 32 20 920
a 33 34 50 950
a 33 35 58 958
a 33 36 58 958
a 33 37 60 960
a 33 38 80 980
a 33 39 94 994
a 33 40 287 1187
a 33 41 281 1181
a 33 42 262 1162
a 33 43 254 1154
a 33 44 260 1160
a 33 45 241 1141
a 33 46 234 1134
a 33 47 225 1125
a 33 48 223 1123
a 33 49 206 1106
a 33 50 196 1096
a 33 51 335 1235
a 34 1 435 1335
a 34 2 446 1346
a 34 3 399 1299
a 34 4 410 1310
a 34 5 394 1294
a 34 6 400 1300
a 34 7 382 1282
a 34 8 378 1278
a 34 9 390 1290
a 34 10 342 1242
a 34 11 361 1261
a 34 12 434 1334
a 34 13 331 1231
a 34 14 423 1323
a 34 15 370 1270
a 34 16 417 1317
a 34 17 316 1216
a 34 18 308 1208
a 34 19 356 1256
a 34 20 225 1125
a 34 21 230 1130
a 34 22 211 1111
a 34 23 223 1123
a 34 24 177 1077
a 34 25 183 1083
a 34 26 197 1097
a 34 27 165 1065
a 34 28 180 1080
a 34 29 130 1030
a 34 30 156 1056
a 34 31 101 1001
a 34 32 53 953
a 34 33 50 950
a 34 35 104 1004
a 34 36 30 930
a 34 37 78 978
a 34 38 94 994
a 34 39 80 980
a 34 40 308 1208
a 34 41 299 1199
a 34 42 281 1181
a 34 43 269 1169
a 34 44 283 1183
a 34 45 266 1166
a 34 46 255 1155
a 34 47 241 1141
a 34 48 250 1150
a 34 49 223 1123
a 34 50 222 1122
a 34 51 323 1223
a 35 1 518 1418
a 35 2 531 1431
a 35 3 482 1382
a 35 4 495 1395
a 35 5 476 1376
a 35 6 487 1387
a 35 7 467 1367
a 35 8 466 1366
a 35 9 481 1381
a 35 10 431 1331
a 35 11 453 1353
a 35 12 538 1438
a 35 13 434 1334
a 35 14 528 1428
a 35 15 474 1374
a 35 16 522 1422
a 35 17 420 1320
a 35 18 412 1312
a 35 19 460 1360
a 35 20 291 1191
a 35 21 302 1202
a 35 22 286 1186
a 35 23 304 1204
a 35 24 250 1150
a 35 25 262 1162
a 35 26 282 1182
a 35 27 247 1147
a 35 28 269 1169
a 35 29 212 1112
a 35 30 250 1150
a 35 31 50 950
a 35 32 70 970
a 35 33 58 958
a 35 34 104 1004
a 35 36 100 1000
a 35 37 58 958
a 35 38 70 970
a 35 39 111 1011
a 35 40 304 1204
a 35 41 301 1201
a 35 42 281 1181
a 35 43 280 1180
a 35 44 274 1174
a 35 45 254 1154
a 35 46 251 1151
a 35 47 250 1150
a 35 48 235 1135
a 35 49 230 1130
a 35 50 212 1112
a 35 51 380 1280
a 36 1 461 1361
a 36 2 471 1371
a 36 3 425 1325
a 36 4 435 1335
a 36 5 420 1320
a 36 6 424 1324
a 36 7 408 1308
a 36 8 402 1302
a 36 9 414 1314
a 36 10 366 1266
a 36 11 384 1284
a 36 12 447 1347
a 36 13 344 1244
a 36 14 434 1334
a 36 15 380 1280
a 36 16 427 1327
a 36 17 326 1226
a 36 18 316 1216
a 36 19 364 1264
a 36 20 254 1154
a 36 21 259 1159
a 36 22 240 1140
a 36 23 250 1150
a 36 24 206 1106
a 36 25 211 1111
a 36 26 223 1123
a 36 27 193 1093
a 36 28 205 1105
a 36 29 158 1058
a 36 30 180 1080
a 36 31 111 1011
a 36 32 70 970
a 36 33 58 958
a 36 34 30 930
a 36 35 100 1000
a 36 37 58 958
a 36 38 70 970
a 36 39 50 950
a 36 40 335 1235
a 36 41 326 1226
a 36 42 308 1208
a 36 43 297 1197
a 36 44 308 1208
a 36 45 291 1191
a 36 46 281 1181
a 36 47 269 1169
a 36 48 274 1174
a 36 49 250 1150
a 36 50 246 1146
a 36 51 353 1253
a 37 1 513 1413
a 37 2 524 1424
a 37 3 477 1377
a 37 4 488 1388
a 37 5 471 1371
a 37 6 478 1378
a 37 7 460 1360
a 37 8 456 1356
a 37 9 468 1368
a 37 10 420 1320
a 37 11 439 1339
a 37 12 505 1405
a 37 13 403 1303
a 37 14 492 1392
a 37 15 438 1338
a 37 16 484 1384
a 37 17 384 1284
a 37 18 373 1273
a 37 19 420 1320
a 37 20 297 1197
a 37 21 304 1204
a 37 22 286 1186
a 37 23 300 1200
a 37 24 250 1150
a 37 25 259 1159
a 37 26 274 1174
a 37 27 241 1141
a 37 28 258 1158
a 37 29 205 1105
a 37 30 234 1134
a 37 31 94 994
a 37 32 80 980
a 37 33 60 960
a 37 34 78 978
a 37 35 58 958
a 37 36 58 958
a 37 38 20 920
a 37 39 53 953
a 37 40 344 1244
a 37 41 339 1239
a 37 42 320 1220
a 37 43 314 1214
a 37 44 316 1216
a 37 45 297 1197
a 37 46 291 1191
a 37 47 284 1184
a 37 48 278 1178
a 37 49 264 1164
a 37 50 252 1152
a 37 51 392 1292
a 38 1 530 1430
a 38 2 540 1440
a 38 3 493 1393
a 38 4 504 1404
a 38 5 488 1388
a 38 6 494 1394
a 38 7 477 1377
a 38 8 472 1372
a 38 9 484 1384
a 38 10 436 1336
a 38 11 454 1354
a 38 12 514 1414
a 38 13 413 1313
a 38 14 500 1400
a 38 15 447 1347
a 38 16 492 1392
a 38 17 393 1293
a 38 18 380 1280
a 38 19 427 1327
a 38 20 316 1216
a 38 21 323 1223
a 38 22 304 1204
a 38 23 317 1217
a 38 24 269 1169
a 38 25 277 1177
a 38 26 291 1191
a 38 27 259 1159
a 38 28 274 1174
a 38 29 223 1123
a 38 30 250 1150
a 38 31 111 1011
a 38 32 100 1000
a 38 33 80 980
a 38 34 94 994
a 38 35 70 970
a 38 36 70 970
a 38 37 20 920
a 38 39 50 950
a 38 40 364 1264
a 38 41 359 1259
a 38 42 339 1239
a 38 43 333 1233
a 38 44 335 1235
a 38 45 316 1216
a 38 46 310 1210
a 38 47 304 1204
a 38 48 297 1197
a 38 49 284 1184
a 38 50 272 1172
a 38 51 412 1312
a 39 1 505 1405
a 39 2 514 1414
a 39 3 469 1369
a 39 4 478 1378
a 39 5 465 1365
a 39 6 466 1366
a 39 7 451 1351
a 39 8 444 1344
a 39 9 454 1354
a 39 10 408 1308
a 39 11 424 1324
a 39 12 471 1371
a 39 13 372 1272
a 39 14 456 1356
a 39 15 403 1303
a 39 16 447 1347
a 39 17 349 1249
a 39 18 335 1235
a 39 19 380 1280
a 39 20 304 1204
a 39 21 308 1208
a 39 22 288 1188
a 39 23 297 1197
a 39 24 254 1154
a 39 25 259 1159
a 39 26 269 1169
a 39 27 240 1140
a 39 28 250 1150
a 39 29 206 1106
a 39 30 223 1123
a 39 31 141 1041
a 39 32 111 1011
a 39 33 94 994
a 39 34 80 980
a 39 35 111 1011
a 39 36 50 950
a 39 37 53 953
a 39 38 50 950
a 39 40 380 1280
a 39 41 373 1273
a 39 42 354 1254
a 39 43 344 1244
a 39 44 353 1253
a 39 45 335 1235
a 39 46 326 1226
a 39 47 316 1216
a 39 48 317 1217
a 39 49 297 1197
a 39 50 290 1190
a 39 51 403 1303
a 40 1 392 1292
a 40 2 412 1312
a 40 3 366 1266
a 40 4 386 1286
a 40 5 356 1256
a 40 6 393 1293
a 40 7 363 1263
a 40 8 381 1281
a 40 9 401 1301
a 40 10 360 1260
a 40 11 390 1290
a 40 12 559 1459
a 40 13 468 1368
a 40 14 565 1465
a 40 15 522 1422
a 40 16 570 1470
a 40 17 481 1381
a 40 18 492 1392
a 40 19 538 1438
a 40 20 206 1106
a 40 21 225 1125
a 40 22 230 1130
a 40 23 259 1159
a 40 24 223 1123
a 40 25 241 1141
a 40 26 269 1169
a 40 27 250 1150
a 40 28 277 1177
a 40 29 250 1150
a 40 30 291 1191
a 40 31 254 1154
a 40 32 269 1169
a 40 33 287 1187
a 40 34 308 1208
a 40 35 304 1204
a 40 36 335 1235
a 40 37 344 1244
a 40 38 364 1264
a 40 39 380 1280
a 40 41 20 920
a 40 42 28 928
a 40 43 53 953
a 40 44 30 930
a 40 45 50 950
a 40 46 53 953
a 40 47 70 970
a 40 48 70 970
a 40 49 86 986
a 40 50 92 992
a 40 51 206 1106
a 41 1 373 1273
a 41 2 392 1292
a 41 3 347 1247
a 41 4 366 1266
a 41 5 337 1237
a 41 6 373 1273
a 41 7 343 1243
a 41 8 361 1261
a 41 9 381 1281
a 41 10 340 1240
a 41 11 370 1270
a 41 12 539 1439
a 41 13 449 1349
a 41 14 545 1445
a 41 15 502 1402
a 41 16 550 1450
a 41 17 462 1362
a 41 18 474 1374
a 41 19 520 1420
a 41 20 186 1086
a 41 21 206 1106
a 41 22 211 1111
a 41 23 240 1140
a 41 24 205 1105
a 41 25 223 1123
a 41 26 250 1150
a 41 27 233 1133
a 41 28 259 1159
a 41 29 234 1134
a 41 30 274 1174
a 41 31 251 1151
a 41 32 262 1162
a 41 33 281 1181
a 41 34 299 1199
a 41 35 301 1201
a 41 36 326 1226
a 41 37 339 1239
a 41 38 359 1259
a 41 39 373 1273
a 41 40 20 920
a 41 42 20 920
a 41 43 36 936
a 41 44 36 936
a 41 45 53 953
a 41 46 50 950
a 41 47 58 958
a 41 48 72 972
a 41 49 76 976
a 41 50 90 990
a 41 51 186 1086
a 42 1 379 1279
a 42 2 398 1298
a 42 3 351 1251
a 42 4 371 1271
a 42 5 342 1242
a 42 6 376 1276
a 42 7 347 1247
a 42 8 363 1263
a 42 9 383 1283
a 42 10 340 1240
a 42 11 370 1270
a 42 12 536 1436
a 42 13 443 1343
a 42 14 541 1441
a 42 15 497 1397
a 42 16 545 1445
a 42 17 455 1355
a 42 18 466 1366
a 42 19 512 1412
a 42 20 182 1082
a 42 21 202 1102
a 42 22 206 1106
a 42 23 235 1135
a 42 24 196 1096
a 42 25 215 1115
a 42 26 243 1143
a 42 27 223 1123
a 42 28 250 1150
a 42 29 222 1122
a 42 30 264 1164
a 42 31 231 1131
a 42 32 243 1143
a 42 33 262 1162
a 42 34 281 1181
a 42 35 281 1181
a 42 36 308 1208
a 42 37 320 1220
a 42 38 339 1239
a 42 39 354 1254
a 42 40 28 928
a 42 41 20 920
a 42 43 30 930
a 42 44 22 922
a 42 45 36 936
a 42 46 30 930
a 42 47 42 942
a 42 48 53 953
a 42 49 58 958
a 42 50 70 970
a 42 51 193 1093
a 43 1 351 1251
a 43 2 370 1270
a 43 3 322 1222
a 43 4 342 1242
a 43 5 313 1213
a 43 6 347 1247
a 43 7 317 1217
a 43 8 333 1233
a 43 9 353 1253
a 43 10 310 1210
a 43 11 340 1240
a 43 12 506 1406
a 43 13 414 1314
a 43 14 511 1411
a 43 15 468 1368
a 43 16 516 1416
a 43 17 427 1327
a 43 18 438 1338
a 43 19 484 1384
a 43 20 152 1052
a 43 21 172 1072
a 43 22 177 1077
a 43 23 206 1106
a 43 24 170 1070
a 43 25 187 1087
a 43 26 215 1115
a 43 27 197 1097
a 43 28 223 1123
a 43 29 198 1098
a 43 30 238 1138
a 43 31 230 1130
a 43 32 235 1135
a 43 33 254 1154
a 43 34 269 1169
a 43 35 280 1180
a 43 36 297 1197
a 43 37 314 1214
a 43 38 333 1233
a 43 39 344 1244
a 43 40 53 953
a 43 41 36 936
a 43 42 30 930
a 43 44 50 950
a 43 45 58 958
a 43 46 42 942
a 43 47 30 930
a 43 48 70 970
a 43 49 50 950
a 43 50 76 976
a 43 51 165 1065
a 44 1 401 1301
a 44 2 420 1320
a 44 3 373 1273
a 44 4 392 1292
a 44 5 364 1264
a 44 6 398 1298
a 44 7 368 1268
a 44 8 384 1284
a 44 9 404 1304
a 44 10 361 1261
a 44 11 391 1291
a 44 12 554 1454
a 44 13 460 1360
a 44 14 559 1459
a 44 15 514 1414
a 44 16 562 1462
a 44 17 471 1371
a 44 18 481 1381
a 44 19 528 1428
a 44 20 200 1100
a 44 21 220 1120
a 44 22 223 1123
a 44 23 253 1153
a 44 24 211 1111
a 44 25 230 1130
a 44 26 259 1159
a 44 27 237 1137
a 44 28 265 1165
a 44 29 233 1133
a 44 30 277 1177
a 44 31 225 1125
a 44 32 241 1141
a 44 33 260 1160
a 44 34 283 1183
a 44 35 274 1174
a 44 36 308 1208
a 44 37 316 1216
a 44 38 335 1235
a 44 39 353 1253
a 44 40 30 930
a 44 41 36 936
a 44 42 22 922
a 44 43 50 950
a 44 45 20 920
a 44 46 28 928
a 44 47 53 953
a 44 48 40 940
a 44 49 64 964
a 44 50 63 963
a 44 51 215 1115
a 45 1 408 1308
a 45 2 427 1327
a 45 3 379 1279
a 45 4 398 1298
a 45 5 370 1270
a 45 6 402 1302
a 45 7 373 1273
a 45 8 388 1288
a 45 9 407 1307
a 45 10 363 1263
a 45 11 393 1293
a 45 12 552 1452
a 45 13 457 1357
a 45 14 555 1455
a 45 15 509 1409
a 45 16 559 1459
a 45 17 465 1365
a 45 18 474 1374
a 45 19 522 1422
a 45 20 200 1100
a 45 21 220 1120
a 45 22 220 1120
a 45 23 250 1150
a 45 24 206 1106
a 45 25 225 1125
a 45 26 254 1154
a 45 27 230 1130
a 45 28 259 1159
a 45 29 223 1123
a 45 30 269 1169
a 45 31 206 1106
a 45 32 223 1123
a 45 33 241 1141
a 45 34 266 1166
a 45 35 254 1154
a 45 36 291 1191
a 45 37 297 1197
a 45 38 316 1216
a 45 39 335 1235
a 45 40 50 950
a 45 41 53 953
a 45 42 36 936
a 45 43 58 958
a 45 44 20 920
a 45 46 20 920
a 45 47 50 950
a 45 48 20 920
a 45 49 53 953
a 45 50 44 944
a 45 51 223 1123
a 46 1 390 1290
a 46 2 408 1308
a 46 3 360 1260
a 46 4 379 1279
a 46 5 351 1251
a 46 6 383 1283
a 46 7 354 1254
a 46 8 368 1268
a 46 9 388 1288
a 46 10 343 1243
a 46 11 373 1273
a 46 12 532 1432
a 46 13 437 1337
a 46 14 536 1436
a 46 15 490 1390
a 46 16 539 1439
a 46 17 446 1346
a 46 18 455 1355
a 46 19 502 1402
a 46 20 180 1080
a 46 21 200 1100
a 46 22 200 1100
a 46 23 230 1130
a 46 24 186 1086
a 46 25 206 1106
a 46 26 235 1135
a 46 27 211 1111
a 46 28 240 1140
a 46 29 205 1105
a 46 30 250 1150
a 46 31 202 1102
a 46 32 215 1115
a 46 33 234 1134
a 46 34 255 1155
a 46 35 251 1151
a 46 36 281 1181
a 46 37 291 1191
a 46 38 310 1210
a 46 39 326 1226
a 46 40 53 953
a 46 41 50 950
a 46 42 30 930
a 46 43 42 942
a 46 44 28 928
a 46 45 20 920
a 46 47 30 930
a 46 48 28 928
a 46 49 36 936
a 46 50 40 940
a 46 51 205 1105
a 47 1 362 1262
a 47 2 380 1280
a 47 3 332 1232
a 47 4 351 1251
a 47 5 323 1223
a 47 6 354 1254
a 47 7 325 1225
a 47 8 339 1239
a 47 9 359 1259
a 47 10 314 1214
a 47 11 343 1243
a 47 12 502 1402
a 47 13 407 1307
a 47 14 506 1406
a 47 15 460 1360
a 47 16 509 1409
a 47 17 417 1317
a 47 18 427 1327
a 47 19 474 1374
a 47 20 150 1050
a 47 21 170 1070
a 47 22 171 1071
a 47 23 200 1100
a 47 24 158 1058
a 47 25 177 1077
a 47 26 206 1106
a 47 27 183 1083
a 47 28 211 1111
a 47 29 180 1080
a 47 30 223 1123
a 47 31 200 1100
a 47 32 206 1106
a 47 33 225 1125
a 47 34 241 1141
a 47 35 250 1150
a 47 36 269 1169
a 47 37 284 1184
a 47 38 304 1204
a 47 39 316 1216
a 47 40 70 970
a 47 41 58 958
a 47 42 42 942
a 47 43 30 930
a 47 44 53 953
a 47 45 50 950
a 47 46 30 930
a 47 48 53 953
a 47 49 20 920
a 47 50 50 950
a 47 51 180 1080
a 48 1 416 1316
a 48 2 434 1334
a 48 3 386 1286
a 48 4 404 1304
a 48 5 376 1276
a 48 6 408 1308
a 48 7 379 1279
a 48 8 392 1292
a 48 9 412 1312
a 48 10 366 1266
a 48 11 396 1296
a 48 12 550 1450
a 48 13 453 1353
a 48 14 553 1453
a 48 15 506 1406
a 48 16 555 1455
a 48 17 460 1360
a 48 18 468 1368
a 48 19 516 1416
a 48 20 200 1100
a 48 21 220 1120
a 48 22 220 1120
a 48 23 250 1150
a 48 24 202 1102
a 48 25 222 1122
a 48 26 251 1151
a 48 27 225 1125
a 48 28 254 1154
a 48 29 215 1115
a 48 30 262 1162
a 48 31 186 1086
a 48 32 205 1105
a 48 33 223 1123
a 48 34 250 1150
a 48 35 235 1135
a 48 36 274 1174
a 48 37 278 1178
a 48 38 297 1197
a 48 39 317 1217
a 48 40 70 970
a 48 41 72 972
a 48 42 53 953
a 48 43 70 970
a 48 44 40 940
a 48 45 20 920
a 48 46 28 928
a 48 47 53 953
a 48 49 50 950
a 48 50 28 928
a 48 51 233 1133
a 49 1 371 1271
a 49 2 389 1289
a 49 3 340 1240
a 49 4 358 1258
a 49 5 331 1231
a 49 6 360 1260
a 49 7 332 1232
a 49 8 344 1244
a 49 9 364 1264
a 49 10 317 1217
a 49 11 347 1247
a 49 12 500 1400
a 49 13 404 1304
a 49 14 503 1403
a 49 15 457 1357
a 49 16 506 1406
a 49 17 412 1312
a 49 18 420 1320
a 49 19 468 1368
a 49 20 151 1051
a 49 21 171 1071
a 49 22 170 1070
a 49 23 200 1100
a 49 24 152 1052
a 49 25 172 1072
a 49 26 202 1102
a 49 27 177 1077
a 49 28 206 1106
a 49 29 170 1070
a 49 30 215 1115
a 49 31 180 1080
a 49 32 186 1086
a 49 33 206 1106
a 49 34 223 1123
a 49 35 230 1130
a 49 36 250 1150
a 49 37 264 1164
a 49 38 284 1184
a 49 39 297 1197
a 49 40 86 986
a 49 41 76 976
a 49 42 58 958
a 49 43 50 950
a 49 44 64 964
a 49 45 53 953
a 49 46 36 936
a 49 47 20 920
a 49 48 50 950
a 49 50 36 936
a 49 51 192 1092
a 50 1 407 1307
a 50 2 424 1324
a 50 3 375 1275
a 50 4 393 1293
a 50 5 366 1266
a 50 6 395 1295
a 50 7 367 1267
a 50 8 379 1279
a 50 9 398 1298
a 50 10 351 1251
a 50 11 380 1280
a 50 12 530 1430
a 50 13 431 1331
a 50 14 531 1431
a 50 15 483 1383
a 50 16 533 1433
a 50 17 437 1337
a 50 18 443 1343
a 50 19 492 1392
a 50 20 184 1084
a 50 21 203 1103
a 50 22 200 1100
a 50 23 230 1130
a 50 24 180 1080
a 50 25 200 1100
a 50 26 230 1130
a 50 27 202 1102
a 50 28 231 1131
a 50 29 189 1089
a 50 30 237 1137
a 50 31 162 1062
a 50 32 178 1078
a 50 33 196 1096
a 50 34 222 1122
a 50 35 212 1112
a 50 36 246 1146
a 50 37 252 1152
a 50 38 272 1172
a 50 39 290 1190
a 50 40 92 992
a 50 41 90 990
a 50 42 70 970
a 50 43 76 976
a 50 44 63 963
a 50 45 44 944
a 50 46 40 940
a 50 47 50 950
a 50 48 28 928
a 50 49 36 936
a 50 51 228 1128
