c vehicle routing problem with time windows
c solomon C206_50
c
c problem vertices edges capacity
p vrptw 52 2550 700
c
c vertex a b demand x y
v 0 0 33900 0 40 50
v 1 2130 5680 10 52 75
v 2 220 5630 30 45 70
v 3 10300 14630 10 62 69
v 4 11540 15270 10 60 66
v 5 150 4020 10 42 65
v 6 3310 8220 20 16 42
v 7 9650 13400 20 58 70
v 8 26530 32800 20 34 60
v 9 23850 29760 10 28 70
v 10 26280 31130 10 35 66
v 11 26030 29520 10 35 69
v 12 19850 24120 20 25 85
v 13 23100 26590 30 22 75
v 14 18460 23650 10 22 85
v 15 20770 25140 40 20 80
v 16 17630 22640 40 20 85
v 17 21430 26380 20 18 75
v 18 15600 20830 20 15 75
v 19 16890 21440 10 15 80
v 20 100 6450 10 30 50
v 21 26750 32880 20 30 56
v 22 120 5050 20 28 52
v 23 15190 19260 10 14 66
v 24 230 3680 10 25 50
v 25 23800 27870 40 22 66
v 26 13300 19190 10 8 62
v 27 930 4840 10 23 52
v 28 12680 17850 20 4 55
v 29 1680 7870 10 20 50
v 30 1700 5950 10 20 55
v 31 5850 11360 20 10 35
v 32 4480 8970 30 10 40
v 33 4990 10300 40 8 40
v 34 11900 16610 20 8 45
v 35 6660 12450 10 5 35
v 36 10760 15890 10 5 45
v 37 7720 13290 20 2 40
v 38 8900 13950 30 0 40
v 39 10360 14390 20 0 45
v 40 16120 21850 10 36 18
v 41 25990 30760 10 35 32
v 42 25290 29620 20 33 32
v 43 24630 28420 10 33 35
v 44 17450 22400 10 32 20
v 45 19320 24370 10 30 30
v 46 18840 22930 30 34 25
v 47 23480 27710 10 30 35
v 48 27150 31560 10 36 40
v 49 8120 12810 10 48 20
v 50 20180 27250 10 26 32
v 51 0 33900 0 40 50
c
c source target cost time
a 0 1 277 277
a 0 2 206 206
a 0 3 290 290
a 0 4 256 256
a 0 5 151 151
a 0 6 252 252
a 0 7 269 269
a 0 8 116 116
a 0 9 233 233
a 0 10 167 167
a 0 11 196 196
a 0 12 380 380
a 0 13 308 308
a 0 14 393 393
a 0 15 360 360
a 0 16 403 403
a 0 17 333 333
a 0 18 353 353
a 0 19 390 390
a 0 20 100 100
a 0 21 116 116
a 0 22 121 121
a 0 23 305 305
a 0 24 150 150
a 0 25 240 240
a 0 26 341 341
a 0 27 171 171
a 0 28 363 363
a 0 29 200 200
a 0 30 206 206
a 0 31 335 335
a 0 32 316 316
a 0 33 335 335
a 0 34 323 323
a 0 35 380 380
a 0 36 353 353
a 0 37 392 392
a 0 38 412 412
a 0 39 403 403
a 0 40 322 322
a 0 41 186 186
a 0 42 193 193
a 0 43 165 165
a 0 44 310 310
a 0 45 223 223
a 0 46 257 257
a 0 47 180 180
a 0 48 107 107
a 0 49 310 310
a 0 50 228 228
a 1 2 86 986
a 1 3 116 1016
a 1 4 120 1020
a 1 5 141 1041
a 1 6 488 1388
a 1 7 78 978
a 1 8 234 1134
a 1 9 245 1145
a 1 10 192 1092
a 1 11 180 1080
a 1 12 287 1187
a 1 13 300 1200
a 1 14 316 1216
a 1 15 323 1223
a 1 16 335 1235
a 1 17 340 1240
a 1 18 370 1270
a 1 19 373 1273
a 1 20 333 1233
a 1 21 290 1190
a 1 22 332 1232
a 1 23 390 1290
a 1 24 367 1267
a 1 25 313 1213
a 1 26 458 1358
a 1 27 370 1270
a 1 28 520 1420
a 1 29 406 1306
a 1 30 377 1277
a 1 31 580 1480
a 1 32 546 1446
a 1 33 562 1462
a 1 34 532 1432
a 1 35 617 1517
a 1 36 557 1457
a 1 37 610 1510
a 1 38 626 1526
a 1 39 600 1500
a 1 40 592 1492
a 1 41 462 1362
a 1 42 470 1370
a 1 43 442 1342
a 1 44 585 1485
a 1 45 500 1400
a 1 46 531 1431
a 1 47 456 1356
a 1 48 384 1284
a 1 49 551 1451
a 1 50 502 1402
a 1 51 277 1177
a 2 1 86 986
a 2 3 170 1070
a 2 4 155 1055
a 2 5 58 958
a 2 6 403 1303
a 2 7 130 1030
a 2 8 148 1048
a 2 9 170 1070
a 2 10 107 1007
a 2 11 100 1000
a 2 12 250 1150
a 2 13 235 1135
a 2 14 274 1174
a 2 15 269 1169
a 2 16 291 1191
a 2 17 274 1174
a 2 18 304 1204
a 2 19 316 1216
a 2 20 250 1150
a 2 21 205 1105
a 2 22 247 1147
a 2 23 312 1212
a 2 24 282 1182
a 2 25 233 1133
a 2 26 378 1278
a 2 27 284 1184
a 2 28 436 1336
a 2 29 320 1220
a 2 30 291 1191
a 2 31 494 1394
a 2 32 460 1360
a 2 33 476 1376
a 2 34 446 1346
a 2 35 531 1431
a 2 36 471 1371
a 2 37 524 1424
a 2 38 540 1440
a 2 39 514 1414
a 2 40 527 1427
a 2 41 392 1292
a 2 42 398 1298
a 2 43 370 1270
a 2 44 516 1416
a 2 45 427 1327
a 2 46 463 1363
a 2 47 380 1280
a 2 48 313 1213
a 2 49 500 1400
a 2 50 424 1324
a 2 51 206 1106
a 3 1 116 1016
a 3 2 170 1070
a 3 4 36 936
a 3 5 203 1103
a 3 6 533 1433
a 3 7 41 941
a 3 8 294 1194
a 3 9 340 1240
a 3 10 271 1171
a 3 11 270 1170
a 3 12 403 1303
a 3 13 404 1304
a 3 14 430 1330
a 3 15 434 1334
a 3 16 449 1349
a 3 17 444 1344
a 3 18 473 1373
a 3 19 482 1382
a 3 20 372 1272
a 3 21 345 1245
a 3 22 380 1280
a 3 23 480 1380
a 3 24 415 1315
a 3 25 401 1301
a 3 26 544 1444
a 3 27 425 1325
a 3 28 596 1496
a 3 29 460 1360
a 3 30 442 1342
a 3 31 621 1521
a 3 32 595 1495
a 3 33 612 1512
a 3 34 590 1490
a 3 35 663 1563
a 3 36 618 1518
a 3 37 666 1566
a 3 38 684 1584
a 3 39 664 1564
a 3 40 572 1472
a 3 41 458 1358
a 3 42 470 1370
a 3 43 446 1346
a 3 44 574 1474
a 3 45 504 1404
a 3 46 521 1421
a 3 47 466 1366
a 3 48 389 1289
a 3 49 509 1409
a 3 50 516 1416
a 3 51 290 1190
a 4 1 120 1020
a 4 2 155 1055
a 4 3 36 936
a 4 5 180 1080
a 4 6 501 1401
a 4 7 44 944
a 4 8 266 1166
a 4 9 322 1222
a 4 10 250 1150
a 4 11 251 1151
a 4 12 398 1298
a 4 13 390 1290
a 4 14 424 1324
a 4 15 423 1323
a 4 16 442 1342
a 4 17 429 1329
a 4 18 458 1358
a 4 19 471 1371
a 4 20 340 1240
a 4 21 316 1216
a 4 22 349 1249
a 4 23 460 1360
a 4 24 384 1284
a 4 25 380 1280
a 4 26 521 1421
a 4 27 395 1295
a 4 28 570 1470
a 4 29 430 1330
a 4 30 414 1314
a 4 31 588 1488
a 4 32 563 1463
a 4 33 581 1481
a 4 34 560 1460
a 4 35 631 1531
a 4 36 588 1488
a 4 37 635 1535
a 4 38 653 1553
a 4 39 635 1535
a 4 40 536 1436
a 4 41 422 1322
a 4 42 434 1334
a 4 43 411 1311
a 4 44 538 1438
a 4 45 468 1368
a 4 46 485 1385
a 4 47 431 1331
a 4 48 353 1253
a 4 49 475 1375
a 4 50 480 1380
a 4 51 256 1156
a 5 1 141 1041
a 5 2 58 958
a 5 3 203 1103
a 5 4 180 1080
a 5 6 347 1247
a 5 7 167 1067
a 5 8 94 994
a 5 9 148 1048
a 5 10 70 970
a 5 11 80 980
a 5 12 262 1162
a 5 13 223 1123
a 5 14 282 1182
a 5 15 266 1166
a 5 16 297 1197
a 5 17 260 1160
a 5 18 287 1187
a 5 19 308 1208
a 5 20 192 1092
a 5 21 150 1050
a 5 22 191 1091
a 5 23 280 1180
a 5 24 226 1126
a 5 25 200 1100
a 5 26 341 1241
a 5 27 230 1130
a 5 28 392 1292
a 5 29 266 1166
a 5 30 241 1141
a 5 31 438 1338
a 5 32 406 1306
a 5 33 422 1322
a 5 34 394 1294
a 5 35 476 1376
a 5 36 420 1320
a 5 37 471 1371
a 5 38 488 1388
a 5 39 465 1365
a 5 40 473 1373
a 5 41 337 1237
a 5 42 342 1242
a 5 43 313 1213
a 5 44 460 1360
a 5 45 370 1270
a 5 46 407 1307
a 5 47 323 1223
a 5 48 257 1157
a 5 49 453 1353
a 5 50 366 1266
a 5 51 151 1051
a 6 1 488 1388
a 6 2 403 1303
a 6 3 533 1433
a 6 4 501 1401
a 6 5 347 1247
a 6 7 504 1404
a 6 8 254 1154
a 6 9 304 1204
a 6 10 306 1206
a 6 11 330 1230
a 6 12 439 1339
a 6 13 335 1235
a 6 14 434 1334
a 6 15 382 1282
a 6 16 431 1331
a 6 17 330 1230
a 6 18 330 1230
a 6 19 380 1280
a 6 20 161 1061
a 6 21 197 1097
a 6 22 156 1056
a 6 23 240 1140
a 6 24 120 1020
a 6 25 247 1147
a 6 26 215 1115
a 6 27 122 1022
a 6 28 176 1076
a 6 29 89 989
a 6 30 136 1036
a 6 31 92 992
a 6 32 63 963
a 6 33 82 982
a 6 34 85 985
a 6 35 130 1030
a 6 36 114 1014
a 6 37 141 1041
a 6 38 161 1061
a 6 39 162 1062
a 6 40 312 1212
a 6 41 214 1114
a 6 42 197 1097
a 6 43 183 1083
a 6 44 272 1172
a 6 45 184 1084
a 6 46 247 1147
a 6 47 156 1056
a 6 48 200 1100
a 6 49 388 1288
a 6 50 141 1041
a 6 51 252 1152
a 7 1 78 978
a 7 2 130 1030
a 7 3 41 941
a 7 4 44 944
a 7 5 167 1067
a 7 6 504 1404
a 7 8 260 1160
a 7 9 300 1200
a 7 10 233 1133
a 7 11 230 1130
a 7 12 362 1262
a 7 13 363 1263
a 7 14 390 1290
a 7 15 392 1292
a 7 16 408 1308
a 7 17 403 1303
a 7 18 432 1332
a 7 19 441 1341
a 7 20 344 1244
a 7 21 313 1213
a 7 22 349 1249
a 7 23 441 1341
a 7 24 385 1285
a 7 25 362 1262
a 7 26 506 1406
a 7 27 393 1293
a 7 28 560 1460
a 7 29 429 1329
a 7 30 408 1308
a 7 31 594 1494
a 7 32 566 1466
a 7 33 583 1483
a 7 34 559 1459
a 7 35 635 1535
a 7 36 586 1486
a 7 37 635 1535
a 7 38 652 1552
a 7 39 631 1531
a 7 40 564 1464
a 7 41 444 1344
a 7 42 454 1354
a 7 43 430 1330
a 7 44 563 1463
a 7 45 488 1388
a 7 46 510 1410
a 7 47 448 1348
a 7 48 372 1272
a 7 49 509 1409
a 7 50 496 1396
a 7 51 269 1169
a 8 1 234 1134
a 8 2 148 1048
a 8 3 294 1194
a 8 4 266 1166
a 8 5 94 994
a 8 6 254 1154
a 8 7 260 1160
a 8 9 116 1016
a 8 10 60 960
a 8 11 90 990
a 8 12 265 1165
a 8 13 192 1092
a 8 14 277 1177
a 8 15 244 1144
a 8 16 286 1186
a 8 17 219 1119
a 8 18 242 1142
a 8 19 275 1175
a 8 20 107 1007
a 8 21 56 956
a 8 22 100 1000
a 8 23 208 1108
a 8 24 134 1034
a 8 25 134 1034
a 8 26 260 1160
a 8 27 136 1036
a 8 28 304 1204
a 8 29 172 1072
a 8 30 148 1048
a 8 31 346 1246
a 8 32 312 1212
a 8 33 328 1228
a 8 34 300 1200
a 8 35 382 1282
a 8 36 326 1226
a 8 37 377 1277
a 8 38 394 1294
a 8 39 371 1271
a 8 40 420 1320
a 8 41 280 1180
a 8 42 280 1180
a 8 43 250 1150
a 8 44 400 1300
a 8 45 302 1202
a 8 46 350 1250
a 8 47 253 1153
a 8 48 200 1100
a 8 49 423 1323
a 8 50 291 1191
a 8 51 116 1016
a 9 1 245 1145
a 9 2 170 1070
a 9 3 340 1240
a 9 4 322 1222
a 9 5 148 1048
a 9 6 304 1204
a 9 7 300 1200
a 9 8 116 1016
a 9 10 80 980
a 9 11 70 970
a 9 12 152 1052
a 9 13 78 978
a 9 14 161 1061
a 9 15 128 1028
a 9 16 170 1070
a 9 17 111 1011
a 9 18 139 1039
a 9 19 164 1064
a 9 20 200 1100
a 9 21 141 1041
a 9 22 180 1080
a 9 23 145 1045
a 9 24 202 1102
a 9 25 72 972
a 9 26 215 1115
a 9 27 186 1086
a 9 28 283 1183
a 9 29 215 1115
a 9 30 170 1070
a 9 31 393 1293
a 9 32 349 1249
a 9 33 360 1260
a 9 34 320 1220
a 9 35 418 1318
a 9 36 339 1239
a 9 37 396 1296
a 9 38 410 1310
a 9 39 375 1275
a 9 40 526 1426
a 9 41 386 1286
a 9 42 383 1283
a 9 43 353 1253
a 9 44 501 1401
a 9 45 400 1300
a 9 46 453 1353
a 9 47 350 1250
a 9 48 310 1210
a 9 49 538 1438
a 9 50 380 1280
a 9 51 233 1133
a 10 1 192 1092
a 10 2 107 1007
a 10 3 271 1171
a 10 4 250 1150
a 10 5 70 970
a 10 6 306 1206
a 10 7 233 1133
a 10 8 60 960
a 10 9 80 980
a 10 11 30 930
a 10 12 214 1114
a 10 13 158 1058
a 10 14 230 1130
a 10 15 205 1105
a 10 16 242 1142
a 10 17 192 1092
a 10 18 219 1119
a 10 19 244 1144
a 10 20 167 1067
a 10 21 111 1011
a 10 22 156 1056
a 10 23 210 1110
a 10 24 188 1088
a 10 25 130 1030
a 10 26 272 1172
a 10 27 184 1084
a 10 28 328 1228
a 10 29 219 1119
a 10 30 186 1086
a 10 31 398 1298
a 10 32 360 1260
a 10 33 374 1274
a 10 34 342 1242
a 10 35 431 1331
a 10 36 366 1266
a 10 37 420 1320
a 10 38 436 1336
a 10 39 408 1308
a 10 40 480 1380
a 10 41 340 1240
a 10 42 340 1240
a 10 43 310 1210
a 10 44 460 1360
a 10 45 363 1263
a 10 46 410 1310
a 10 47 314 1214
a 10 48 260 1160
a 10 49 478 1378
a 10 50 351 1251
a 10 51 167 1067
a 11 1 180 1080
a 11 2 100 1000
a 11 3 270 1170
a 11 4 251 1151
a 11 5 80 980
a 11 6 330 1230
a 11 7 230 1130
a 11 8 90 990
a 11 9 70 970
a 11 10 30 930
a 11 12 188 1088
a 11 13 143 1043
a 11 14 206 1106
a 11 15 186 1086
a 11 16 219 1119
a 11 17 180 1080
a 11 18 208 1108
a 11 19 228 1128
a 11 20 196 1096
a 11 21 139 1039
a 11 22 183 1083
a 11 23 212 1112
a 11 24 214 1114
a 11 25 133 1033
a 11 26 278 1178
a 11 27 208 1108
a 11 28 340 1240
a 11 29 242 1142
a 11 30 205 1105
a 11 31 422 1322
a 11 32 382 1282
a 11 33 396 1296
a 11 34 361 1261
a 11 35 453 1353
a 11 36 384 1284
a 11 37 439 1339
a 11 38 454 1354
a 11 39 424 1324
a 11 40 510 1410
a 11 41 370 1270
a 11 42 370 1270
a 11 43 340 1240
a 11 44 490 1390
a 11 45 393 1293
a 11 46 440 1340
a 11 47 343 1243
a 11 48 290 1190
a 11 49 506 1406
a 11 50 380 1280
a 11 51 196 1096
a 12 1 287 1187
a 12 2 250 1150
a 12 3 403 1303
a 12 4 398 1298
a 12 5 262 1162
a 12 6 439 1339
a 12 7 362 1262
a 12 8 265 1165
a 12 9 152 1052
a 12 10 214 1114
a 12 11 188 1088
a 12 13 104 1004
a 12 14 30 930
a 12 15 70 970
a 12 16 50 950
a 12 17 122 1022
a 12 18 141 1041
a 12 19 111 1011
a 12 20 353 1253
a 12 21 294 1194
a 12 22 331 1231
a 12 23 219 1119
a 12 24 350 1250
a 12 25 192 1092
a 12 26 286 1186
a 12 27 330 1230
a 12 28 366 1266
a 12 29 353 1253
a 12 30 304 1204
a 12 31 522 1422
a 12 32 474 1374
a 12 33 481 1381
a 12 34 434 1334
a 12 35 538 1438
a 12 36 447 1347
a 12 37 505 1405
a 12 38 514 1414
a 12 39 471 1371
a 12 40 678 1578
a 12 41 539 1439
a 12 42 536 1436
a 12 43 506 1406
a 12 44 653 1553
a 12 45 552 1452
a 12 46 606 1506
a 12 47 502 1402
a 12 48 463 1363
a 12 49 689 1589
a 12 50 530 1430
a 12 51 380 1280
a 13 1 300 1200
a 13 2 235 1135
a 13 3 404 1304
a 13 4 390 1290
a 13 5 223 1123
a 13 6 335 1235
a 13 7 363 1263
a 13 8 192 1092
a 13 9 78 978
a 13 10 158 1058
a 13 11 143 1043
a 13 12 104 1004
a 13 14 100 1000
a 13 15 53 953
a 13 16 101 1001
a 13 17 40 940
a 13 18 70 970
a 13 19 86 986
a 13 20 262 1162
a 13 21 206 1106
a 13 22 237 1137
a 13 23 120 1020
a 13 24 251 1151
a 13 25 90 990
a 13 26 191 1091
a 13 27 230 1130
a 13 28 269 1169
a 13 29 250 1150
a 13 30 200 1100
a 13 31 417 1317
a 13 32 370 1270
a 13 33 376 1276
a 13 34 331 1231
a 13 35 434 1334
a 13 36 344 1244
a 13 37 403 1303
a 13 38 413 1313
a 13 39 372 1272
a 13 40 586 1486
a 13 41 449 1349
a 13 42 443 1343
a 13 43 414 1314
a 13 44 559 1459
a 13 45 457 1357
a 13 46 514 1414
a 13 47 407 1307
a 13 48 376 1276
a 13 49 608 1508
a 13 50 431 1331
a 13 51 308 1208
a 14 1 316 1216
a 14 2 274 1174
a 14 3 430 1330
a 14 4 424 1324
a 14 5 282 1182
a 14 6 434 1334
a 14 7 390 1290
a 14 8 277 1177
a 14 9 161 1061
a 14 10 230 1130
a 14 11 206 1106
a 14 12 30 930
a 14 13 100 1000
a 14 15 53 953
a 14 16 20 920
a 14 17 107 1007
a 14 18 122 1022
a 14 19 86 986
a 14 20 359 1259
a 14 21 300 1200
a 14 22 335 1235
a 14 23 206 1106
a 14 24 351 1251
a 14 25 190 1090
a 14 26 269 1169
a 14 27 330 1230
a 14 28 349 1249
a 14 29 350 1250
a 14 30 300 1200
a 14 31 514 1414
a 14 32 465 1365
a 14 33 471 1371
a 14 34 423 1323
a 14 35 528 1428
a 14 36 434 1334
a 14 37 492 1392
a 14 38 500 1400
a 14 39 456 1356
a 14 40 684 1584
a 14 41 545 1445
a 14 42 541 1441
a 14 43 511 1411
a 14 44 657 1557
a 14 45 555 1455
a 14 46 611 1511
a 14 47 506 1406
a 14 48 471 1371
a 14 49 700 1600
a 14 50 531 1431
a 14 51 393 1293
a 15 1 323 1223
a 15 2 269 1169
a 15 3 434 1334
a 15 4 423 1323
a 15 5 266 1166
a 15 6 382 1282
a 15 7 392 1292
a 15 8 244 1144
a 15 9 128 1028
a 15 10 205 1105
a 15 11 186 1086
a 15 12 70 970
a 15 13 53 953
a 15 14 53 953
a 15 16 50 950
a 15 17 53 953
a 15 18 70 970
a 15 19 50 950
a 15 20 316 1216
a 15 21 260 1160
a 15 22 291 1191
a 15 23 152 1052
a 15 24 304 1204
a 15 25 141 1041
a 15 26 216 1116
a 15 27 281 1181
a 15 28 296 1196
a 15 29 300 1200
a 15 30 250 1150
a 15 31 460 1360
a 15 32 412 1312
a 15 33 417 1317
a 15 34 370 1270
a 15 35 474 1374
a 15 36 380 1280
a 15 37 438 1338
a 15 38 447 1347
a 15 39 403 1303
a 15 40 640 1540
a 15 41 502 1402
a 15 42 497 1397
a 15 43 468 1368
a 15 44 611 1511
a 15 45 509 1409
a 15 46 567 1467
a 15 47 460 1360
a 15 48 430 1330
a 15 49 662 1562
a 15 50 483 1383
a 15 51 360 1260
a 16 1 335 1235
a 16 2 291 1191
a 16 3 449 1349
a 16 4 442 1342
a 16 5 297 1197
a 16 6 431 1331
a 16 7 408 1308
a 16 8 286 1186
a 16 9 170 1070
a 16 10 242 1142
a 16 11 219 1119
a 16 12 50 950
a 16 13 101 1001
a 16 14 20 920
a 16 15 50 950
a 16 17 101 1001
a 16 18 111 1011
a 16 19 70 970
a 16 20 364 1264
a 16 21 306 1206
a 16 22 339 1239
a 16 23 199 1099
a 16 24 353 1253
a 16 25 191 1091
a 16 26 259 1159
a 16 27 331 1231
a 16 28 340 1240
a 16 29 350 1250
a 16 30 300 1200
a 16 31 509 1409
a 16 32 460 1360
a 16 33 465 1365
a 16 34 417 1317
a 16 35 522 1422
a 16 36 427 1327
a 16 37 484 1384
a 16 38 492 1392
a 16 39 447 1347
a 16 40 688 1588
a 16 41 550 1450
a 16 42 545 1445
a 16 43 516 1416
a 16 44 660 1560
a 16 45 559 1459
a 16 46 616 1516
a 16 47 509 1409
a 16 48 477 1377
a 16 49 707 1607
a 16 50 533 1433
a 16 51 403 1303
a 17 1 340 1240
a 17 2 274 1174
a 17 3 444 1344
a 17 4 429 1329
a 17 5 260 1160
a 17 6 330 1230
a 17 7 403 1303
a 17 8 219 1119
a 17 9 111 1011
a 17 10 192 1092
a 17 11 180 1080
a 17 12 122 1022
a 17 13 40 940
a 17 14 107 1007
a 17 15 53 953
a 17 16 101 1001
a 17 18 30 930
a 17 19 58 958
a 17 20 277 1177
a 17 21 224 1124
a 17 22 250 1150
a 17 23 98 998
a 17 24 259 1159
a 17 25 98 998
a 17 26 164 1064
a 17 27 235 1135
a 17 28 244 1144
a 17 29 250 1150
a 17 30 200 1100
a 17 31 407 1307
a 17 32 359 1259
a 17 33 364 1264
a 17 34 316 1216
a 17 35 420 1320
a 17 36 326 1226
a 17 37 384 1284
a 17 38 393 1293
a 17 39 349 1249
a 17 40 597 1497
a 17 41 462 1362
a 17 42 455 1355
a 17 43 427 1327
a 17 44 567 1467
a 17 45 465 1365
a 17 46 524 1424
a 17 47 417 1317
a 17 48 393 1293
a 17 49 626 1526
a 17 50 437 1337
a 17 51 333 1233
a 18 1 370 1270
a 18 2 304 1204
a 18 3 473 1373
a 18 4 458 1358
a 18 5 287 1187
a 18 6 330 1230
a 18 7 432 1332
a 18 8 242 1142
a 18 9 139 1039
a 18 10 219 1119
a 18 11 208 1108
a 18 12 141 1041
a 18 13 70 970
a 18 14 122 1022
a 18 15 70 970
a 18 16 111 1011
a 18 17 30 930
a 18 19 50 950
a 18 20 291 1191
a 18 21 242 1142
a 18 22 264 1164
a 18 23 90 990
a 18 24 269 1169
a 18 25 114 1014
a 18 26 147 1047
a 18 27 243 1143
a 18 28 228 1128
a 18 29 254 1154
a 18 30 206 1106
a 18 31 403 1303
a 18 32 353 1253
a 18 33 356 1256
a 18 34 308 1208
a 18 35 412 1312
a 18 36 316 1216
a 18 37 373 1273
a 18 38 380 1280
a 18 39 335 1235
a 18 40 607 1507
a 18 41 474 1374
a 18 42 466 1366
a 18 43 438 1338
a 18 44 575 1475
a 18 45 474 1374
a 18 46 534 1434
a 18 47 427 1327
a 18 48 408 1308
a 18 49 641 1541
a 18 50 443 1343
a 18 51 353 1253
a 19 1 373 1273
a 19 2 316 1216
a 19 3 482 1382
a 19 4 471 1371
a 19 5 308 1208
a 19 6 380 1280
a 19 7 441 1341
a 19 8 275 1175
a 19 9 164 1064
a 19 10 244 1144
a 19 11 228 1128
a 19 12 111 1011
a 19 13 86 986
a 19 14 86 986
a 19 15 50 950
a 19 16 70 970
a 19 17 58 958
a 19 18 50 950
a 19 20 335 1235
a 19 21 283 1183
a 19 22 308 1208
a 19 23 140 1040
a 19 24 316 1216
a 19 25 156 1056
a 19 26 193 1093
a 19 27 291 1191
a 19 28 273 1173
a 19 29 304 1204
a 19 30 254 1154
a 19 31 452 1352
a 19 32 403 1303
a 19 33 406 1306
a 19 34 356 1256
a 19 35 460 1360
a 19 36 364 1264
a 19 37 420 1320
a 19 38 427 1327
a 19 39 380 1280
a 19 40 654 1554
a 19 41 520 1420
a 19 42 512 1412
a 19 43 484 1384
a 19 44 623 1523
a 19 45 522 1422
a 19 46 581 1481
a 19 47 474 1374
a 19 48 451 1351
a 19 49 684 1584
a 19 50 492 1392
a 19 51 390 1290
a 20 1 333 1233
a 20 2 250 1150
a 20 3 372 1272
a 20 4 340 1240
a 20 5 192 1092
a 20 6 161 1061
a 20 7 344 1244
a 20 8 107 1007
a 20 9 200 1100
a 20 10 167 1067
a 20 11 196 1096
a 20 12 353 1253
a 20 13 262 1162
a 20 14 359 1259
a 20 15 316 1216
a 20 16 364 1264
a 20 17 277 1177
a 20 18 291 1191
a 20 19 335 1235
a 20 21 60 960
a 20 22 28 928
a 20 23 226 1126
a 20 24 50 950
a 20 25 178 1078
a 20 26 250 1150
a 20 27 72 972
a 20 28 264 1164
a 20 29 100 1000
a 20 30 111 1011
a 20 31 250 1150
a 20 32 223 1123
a 20 33 241 1141
a 20 34 225 1125
a 20 35 291 1191
a 20 36 254 1154
a 20 37 297 1197
a 20 38 316 1216
a 20 39 304 1204
a 20 40 325 1225
a 20 41 186 1086
a 20 42 182 1082
a 20 43 152 1052
a 20 44 300 1200
a 20 45 200 1100
a 20 46 253 1153
a 20 47 150 1050
a 20 48 116 1016
a 20 49 349 1249
a 20 50 184 1084
a 20 51 100 1000
a 21 1 290 1190
a 21 2 205 1105
a 21 3 345 1245
a 21 4 316 1216
a 21 5 150 1050
a 21 6 197 1097
a 21 7 313 1213
a 21 8 56 956
a 21 9 141 1041
a 21 10 111 1011
a 21 11 139 1039
a 21 12 294 1194
a 21 13 206 1106
a 21 14 300 1200
a 21 15 260 1160
a 21 16 306 1206
a 21 17 224 1124
a 21 18 242 1142
a 21 19 283 1183
a 21 20 60 960
a 21 22 44 944
a 21 23 188 1088
a 21 24 78 978
a 21 25 128 1028
a 21 26 228 1128
a 21 27 80 980
a 21 28 260 1160
a 21 29 116 1016
a 21 30 100 1000
a 21 31 290 1190
a 21 32 256 1156
a 21 33 272 1172
a 21 34 245 1145
a 21 35 326 1226
a 21 36 273 1173
a 21 37 322 1222
a 21 38 340 1240
a 21 39 319 1219
a 21 40 384 1284
a 21 41 245 1145
a 21 42 241 1141
a 21 43 212 1112
a 21 44 360 1260
a 21 45 260 1160
a 21 46 312 1212
a 21 47 210 1110
a 21 48 170 1070
a 21 49 402 1302
a 21 50 243 1143
a 21 51 116 1016
a 22 1 332 1232
a 22 2 247 1147
a 22 3 380 1280
a 22 4 349 1249
a 22 5 191 1091
a 22 6 156 1056
a 22 7 349 1249
a 22 8 100 1000
a 22 9 180 1080
a 22 10 156 1056
a 22 11 183 1083
a 22 12 331 1231
a 22 13 237 1137
a 22 14 335 1235
a 22 15 291 1191
a 22 16 339 1239
a 22 17 250 1150
a 22 18 264 1164
a 22 19 308 1208
a 22 20 28 928
a 22 21 44 944
a 22 23 197 1097
a 22 24 36 936
a 22 25 152 1052
a 22 26 223 1123
a 22 27 50 950
a 22 28 241 1141
a 22 29 82 982
a 22 30 85 985
a 22 31 247 1147
a 22 32 216 1116
a 22 33 233 1133
a 22 34 211 1111
a 22 35 286 1186
a 22 36 240 1140
a 22 37 286 1186
a 22 38 304 1204
a 22 39 288 1188
a 22 40 349 1249
a 22 41 211 1111
a 22 42 206 1106
a 22 43 177 1077
a 22 44 322 1222
a 22 45 220 1120
a 22 46 276 1176
a 22 47 171 1071
a 22 48 144 1044
a 22 49 377 1277
a 22 50 200 1100
a 22 51 121 1021
a 23 1 390 1290
a 23 2 312 1212
a 23 3 480 1380
a 23 4 460 1360
a 23 5 280 1180
a 23 6 240 1140
a 23 7 441 1341
a 23 8 208 1108
a 23 9 145 1045
a 23 10 210 1110
a 23 11 212 1112
a 23 12 219 1119
a 23 13 120 1020
a 23 14 206 1106
a 23 15 152 1052
a 23 16 199 1099
a 23 17 98 998
a 23 18 90 990
a 23 19 140 1040
a 23 20 226 1126
a 23 21 188 1088
a 23 22 197 1097
a 23 24 194 1094
a 23 25 80 980
a 23 26 72 972
a 23 27 166 1066
a 23 28 148 1048
a 23 29 170 1070
a 23 30 125 1025
a 23 31 312 1212
a 23 32 263 1163
a 23 33 266 1166
a 23 34 218 1118
a 23 35 322 1222
a 23 36 228 1128
a 23 37 286 1186
a 23 38 295 1195
a 23 39 252 1152
a 23 40 528 1428
a 23 41 399 1299
a 23 42 389 1289
a 23 43 363 1263
a 23 44 493 1393
a 23 45 393 1293
a 23 46 456 1356
a 23 47 348 1248
a 23 48 340 1240
a 23 49 572 1472
a 23 50 360 1260
a 23 51 305 1205
a 24 1 367 1267
a 24 2 282 1182
a 24 3 415 1315
a 24 4 384 1284
a 24 5 226 1126
a 24 6 120 1020
a 24 7 385 1285
a 24 8 134 1034
a 24 9 202 1102
a 24 10 188 1088
a 24 11 214 1114
a 24 12 350 1250
a 24 13 251 1151
a 24 14 351 1251
a 24 15 304 1204
a 24 16 353 1253
a 24 17 259 1159
a 24 18 269 1169
a 24 19 316 1216
a 24 20 50 950
a 24 21 78 978
a 24 22 36 936
a 24 23 194 1094
a 24 25 162 1062
a 24 26 208 1108
a 24 27 28 928
a 24 28 215 1115
a 24 29 50 950
a 24 30 70 970
a 24 31 212 1112
a 24 32 180 1080
a 24 33 197 1097
a 24 34 177 1077
a 24 35 250 1150
a 24 36 206 1106
a 24 37 250 1150
a 24 38 269 1169
a 24 39 254 1154
a 24 40 338 1238
a 24 41 205 1105
a 24 42 196 1096
a 24 43 170 1070
a 24 44 308 1208
a 24 45 206 1106
a 24 46 265 1165
a 24 47 158 1058
a 24 48 148 1048
a 24 49 378 1278
a 24 50 180 1080
a 24 51 150 1050
a 25 1 313 1213
a 25 2 233 1133
a 25 3 401 1301
a 25 4 380 1280
a 25 5 200 1100
a 25 6 247 1147
a 25 7 362 1262
a 25 8 134 1034
a 25 9 72 972
a 25 10 130 1030
a 25 11 133 1033
a 25 12 192 1092
a 25 13 90 990
a 25 14 190 1090
a 25 15 141 1041
a 25 16 191 1091
a 25 17 98 998
a 25 18 114 1014
a 25 19 156 1056
a 25 20 178 1078
a 25 21 128 1028
a 25 22 152 1052
a 25 23 80 980
a 25 24 162 1062
a 25 26 145 1045
a 25 27 140 1040
a 25 28 210 1110
a 25 29 161 1061
a 25 30 111 1011
a 25 31 332 1232
a 25 32 286 1186
a 25 33 295 1195
a 25 34 252 1152
a 25 35 353 1253
a 25 36 270 1170
a 25 37 328 1228
a 25 38 340 1240
a 25 39 304 1204
a 25 40 500 1400
a 25 41 364 1264
a 25 42 357 1257
a 25 43 328 1228
a 25 44 470 1370
a 25 45 368 1268
a 25 46 427 1327
a 25 47 320 1220
a 25 48 295 1195
a 25 49 528 1428
a 25 50 342 1242
a 25 51 240 1140
a 26 1 458 1358
a 26 2 378 1278
a 26 3 544 1444
a 26 4 521 1421
a 26 5 341 1241
a 26 6 215 1115
a 26 7 506 1406
a 26 8 260 1160
a 26 9 215 1115
a 26 10 272 1172
a 26 11 278 1178
a 26 12 286 1186
a 26 13 191 1091
a 26 14 269 1169
a 26 15 216 1116
a 26 16 259 1159
a 26 17 164 1064
a 26 18 147 1047
a 26 19 193 1093
a 26 20 250 1150
a 26 21 228 1128
a 26 22 223 1123
a 26 23 72 972
a 26 24 208 1108
a 26 25 145 1045
a 26 27 180 1080
a 26 28 80 980
a 26 29 169 1069
a 26 30 138 1038
a 26 31 270 1170
a 26 32 220 1120
a 26 33 220 1120
a 26 34 170 1070
a 26 35 271 1171
a 26 36 172 1072
a 26 37 228 1128
a 26 38 234 1134
a 26 39 187 1087
a 26 40 521 1421
a 26 41 403 1303
a 26 42 390 1290
a 26 43 367 1267
a 26 44 483 1383
a 26 45 388 1288
a 26 46 452 1352
a 26 47 348 1248
a 26 48 356 1256
a 26 49 580 1480
a 26 50 349 1249
a 26 51 341 1241
a 27 1 370 1270
a 27 2 284 1184
a 27 3 425 1325
a 27 4 395 1295
a 27 5 230 1130
a 27 6 122 1022
a 27 7 393 1293
a 27 8 136 1036
a 27 9 186 1086
a 27 10 184 1084
a 27 11 208 1108
a 27 12 330 1230
a 27 13 230 1130
a 27 14 330 1230
a 27 15 281 1181
a 27 16 331 1231
a 27 17 235 1135
a 27 18 243 1143
a 27 19 291 1191
a 27 20 72 972
a 27 21 80 980
a 27 22 50 950
a 27 23 166 1066
a 27 24 28 928
a 27 25 140 1040
a 27 26 180 1080
a 27 28 192 1092
a 27 29 36 936
a 27 30 42 942
a 27 31 214 1114
a 27 32 176 1076
a 27 33 192 1092
a 27 34 165 1065
a 27 35 247 1147
a 27 36 193 1093
a 27 37 241 1141
a 27 38 259 1159
a 27 39 240 1140
a 27 40 364 1264
a 27 41 233 1133
a 27 42 223 1123
a 27 43 197 1097
a 27 44 332 1232
a 27 45 230 1130
a 27 46 291 1191
a 27 47 183 1083
a 27 48 176 1076
a 27 49 406 1306
a 27 50 202 1102
a 27 51 171 1071
a 28 1 520 1420
a 28 2 436 1336
a 28 3 596 1496
a 28 4 570 1470
a 28 5 392 1292
a 28 6 176 1076
a 28 7 560 1460
a 28 8 304 1204
a 28 9 283 1183
a 28 10 328 1228
a 28 11 340 1240
a 28 12 366 1266
a 28 13 269 1169
a 28 14 349 1249
a 28 15 296 1196
a 28 16 340 1240
a 28 17 244 1144
a 28 18 228 1128
a 28 19 273 1173
a 28 20 264 1164
a 28 21 260 1160
a 28 22 241 1141
a 28 23 148 1048
a 28 24 215 1115
a 28 25 210 1110
a 28 26 80 980
a 28 27 192 1092
a 28 29 167 1067
a 28 30 160 1060
a 28 31 208 1108
a 28 32 161 1061
a 28 33 155 1055
a 28 34 107 1007
a 28 35 200 1100
a 28 36 100 1000
a 28 37 151 1051
a 28 38 155 1055
a 28 39 107 1007
a 28 40 489 1389
a 28 41 386 1286
a 28 42 370 1270
a 28 43 352 1252
a 28 44 448 1348
a 28 45 360 1260
a 28 46 424 1324
a 28 47 328 1228
a 28 48 353 1253
a 28 49 562 1462
a 28 50 318 1218
a 28 51 363 1263
a 29 1 406 1306
a 29 2 320 1220
a 29 3 460 1360
a 29 4 430 1330
a 29 5 266 1166
a 29 6 89 989
a 29 7 429 1329
a 29 8 172 1072
a 29 9 215 1115
a 29 10 219 1119
a 29 11 242 1142
a 29 12 353 1253
a 29 13 250 1150
a 29 14 350 1250
a 29 15 300 1200
a 29 16 350 1250
a 29 17 250 1150
a 29 18 254 1154
a 29 19 304 1204
a 29 20 100 1000
a 29 21 116 1016
a 29 22 82 982
a 29 23 170 1070
a 29 24 50 950
a 29 25 161 1061
a 29 26 169 1069
a 29 27 36 936
a 29 28 167 1067
a 29 30 50 950
a 29 31 180 1080
a 29 32 141 1041
a 29 33 156 1056
a 29 34 130 1030
a 29 35 212 1112
a 29 36 158 1058
a 29 37 205 1105
a 29 38 223 1123
a 29 39 206 1106
a 29 40 357 1257
a 29 41 234 1134
a 29 42 222 1122
a 29 43 198 1098
a 29 44 323 1223
a 29 45 223 1123
a 29 46 286 1186
a 29 47 180 1080
a 29 48 188 1088
a 29 49 410 1310
a 29 50 189 1089
a 29 51 200 1100
a 30 1 377 1277
a 30 2 291 1191
a 30 3 442 1342
a 30 4 414 1314
a 30 5 241 1141
a 30 6 136 1036
a 30 7 408 1308
a 30 8 148 1048
a 30 9 170 1070
a 30 10 186 1086
a 30 11 205 1105
a 30 12 304 1204
a 30 13 200 1100
a 30 14 300 1200
a 30 15 250 1150
a 30 16 300 1200
a 30 17 200 1100
a 30 18 206 1106
a 30 19 254 1154
a 30 20 111 1011
a 30 21 100 1000
a 30 22 85 985
a 30 23 125 1025
a 30 24 70 970
a 30 25 111 1011
a 30 26 138 1038
a 30 27 42 942
a 30 28 160 1060
a 30 29 50 950
a 30 31 223 1123
a 30 32 180 1080
a 30 33 192 1092
a 30 34 156 1056
a 30 35 250 1150
a 30 36 180 1080
a 30 37 234 1134
a 30 38 250 1150
a 30 39 223 1123
a 30 40 403 1303
a 30 41 274 1174
a 30 42 264 1164
a 30 43 238 1138
a 30 44 370 1270
a 30 45 269 1169
a 30 46 331 1231
a 30 47 223 1123
a 30 48 219 1119
a 30 49 448 1348
a 30 50 237 1137
a 30 51 206 1106
a 31 1 580 1480
a 31 2 494 1394
a 31 3 621 1521
a 31 4 588 1488
a 31 5 438 1338
a 31 6 92 992
a 31 7 594 1494
a 31 8 346 1246
a 31 9 393 1293
a 31 10 398 1298
a 31 11 422 1322
a 31 12 522 1422
a 31 13 417 1317
a 31 14 514 1414
a 31 15 460 1360
a 31 16 509 1409
a 31 17 407 1307
a 31 18 403 1303
a 31 19 452 1352
a 31 20 250 1150
a 31 21 290 1190
a 31 22 247 1147
a 31 23 312 1212
a 31 24 212 1112
a 31 25 332 1232
a 31 26 270 1170
a 31 27 214 1114
a 31 28 208 1108
a 31 29 180 1080
a 31 30 223 1123
a 31 32 50 950
a 31 33 53 953
a 31 34 101 1001
a 31 35 50 950
a 31 36 111 1011
a 31 37 94 994
a 31 38 111 1011
a 31 39 141 1041
a 31 40 310 1210
a 31 41 251 1151
a 31 42 231 1131
a 31 43 230 1130
a 31 44 266 1166
a 31 45 206 1106
a 31 46 260 1160
a 31 47 200 1100
a 31 48 264 1164
a 31 49 408 1308
a 31 50 162 1062
a 31 51 335 1235
a 32 1 546 1446
a 32 2 460 1360
a 32 3 595 1495
a 32 4 563 1463
a 32 5 406 1306
a 32 6 63 963
a 32 7 566 1466
a 32 8 312 1212
a 32 9 349 1249
a 32 10 360 1260
a 32 11 382 1282
a 32 12 474 1374
a 32 13 370 1270
a 32 14 465 1365
a 32 15 412 1312
a 32 16 460 1360
a 32 17 359 1259
a 32 18 353 1253
a 32 19 403 1303
a 32 20 223 1123
a 32 21 256 1156
a 32 22 216 1116
a 32 23 263 1163
a 32 24 180 1080
a 32 25 286 1186
a 32 26 220 1120
a 32 27 176 1076
a 32 28 161 1061
a 32 29 141 1041
a 32 30 180 1080
a 32 31 50 950
a 32 33 20 920
a 32 34 53 953
a 32 35 70 970
a 32 36 70 970
a 32 37 80 980
a 32 38 100 1000
a 32 39 111 1011
a 32 40 340 1240
a 32 41 262 1162
a 32 42 243 1143
a 32 43 235 1135
a 32 44 297 1197
a 32 45 223 1123
a 32 46 283 1183
a 32 47 206 1106
a 32 48 260 1160
a 32 49 429 1329
a 32 50 178 1078
a 32 51 316 1216
a 33 1 562 1462
a 33 2 476 1376
a 33 3 612 1512
a 33 4 581 1481
a 33 5 422 1322
a 33 6 82 982
a 33 7 583 1483
a 33 8 328 1228
a 33 9 360 1260
a 33 10 374 1274
a 33 11 396 1296
a 33 12 481 1381
a 33 13 376 1276
a 33 14 471 1371
a 33 15 417 1317
a 33 16 465 1365
a 33 17 364 1264
a 33 18 356 1256
a 33 19 406 1306
a 33 20 241 1141
a 33 21 272 1172
a 33 22 233 1133
a 33 23 266 1166
a 33 24 197 1097
a 33 25 295 1195
a 33 26 220 1120
a 33 27 192 1092
a 33 28 155 1055
a 33 29 156 1056
a 33 30 192 1092
a 33 31 53 953
a 33 32 20 920
a 33 34 50 950
a 33 35 58 958
a 33 36 58 958
a 33 37 60 960
a 33 38 80 980
a 33 39 94 994
a 33 40 356 1256
a 33 41 281 1181
a 33 42 262 1162
a 33 43 254 1154
a 33 44 312 1212
a 33 45 241 1141
a 33 46 300 1200
a 33 47 225 1125
a 33 48 280 1180
a 33 49 447 1347
a 33 50 196 1096
a 33 51 335 1235
a 34 1 532 1432
a 34 2 446 1346
a 34 3 590 1490
a 34 4 560 1460
a 34 5 394 1294
a 34 6 85 985
a 34 7 559 1459
a 34 8 300 1200
a 34 9 320 1220
a 34 10 342 1242
a 34 11 361 1261
a 34 12 434 1334
a 34 13 331 1231
a 34 14 423 1323
a 34 15 370 1270
a 34 16 417 1317
a 34 17 316 1216
a 34 18 308 1208
a 34 19 356 1256
a 34 20 225 1125
a 34 21 245 1145
a 34 22 211 1111
a 34 23 218 1118
a 34 24 177 1077
a 34 25 252 1152
a 34 26 170 1070
a 34 27 165 1065
a 34 28 107 1007
a 34 29 130 1030
a 34 30 156 1056
a 34 31 101 1001
a 34 32 53 953
a 34 33 50 950
a 34 35 104 1004
a 34 36 30 930
a 34 37 78 978
a 34 38 94 994
a 34 39 80 980
a 34 40 388 1288
a 34 41 299 1199
a 34 42 281 1181
a 34 43 269 1169
a 34 44 346 1246
a 34 45 266 1166
a 34 46 328 1228
a 34 47 241 1141
a 34 48 284 1184
a 34 49 471 1371
a 34 50 222 1122
a 34 51 323 1223
a 35 1 617 1517
a 35 2 531 1431
a 35 3 663 1563
a 35 4 631 1531
a 35 5 476 1376
a 35 6 130 1030
a 35 7 635 1535
a 35 8 382 1282
a 35 9 418 1318
a 35 10 431 1331
a 35 11 453 1353
a 35 12 538 1438
a 35 13 434 1334
a 35 14 528 1428
a 35 15 474 1374
a 35 16 522 1422
a 35 17 420 1320
a 35 18 412 1312
a 35 19 460 1360
a 35 20 291 1191
a 35 21 326 1226
a 35 22 286 1186
a 35 23 322 1222
a 35 24 250 1150
a 35 25 353 1253
a 35 26 271 1171
a 35 27 247 1147
a 35 28 200 1100
a 35 29 212 1112
a 35 30 250 1150
a 35 31 50 950
a 35 32 70 970
a 35 33 58 958
a 35 34 104 1004
a 35 36 100 1000
a 35 37 58 958
a 35 38 70 970
a 35 39 111 1011
a 35 40 353 1253
a 35 41 301 1201
a 35 42 281 1181
a 35 43 280 1180
a 35 44 308 1208
a 35 45 254 1154
a 35 46 306 1206
a 35 47 250 1150
a 35 48 314 1214
a 35 49 455 1355
a 35 50 212 1112
a 35 51 380 1280
a 36 1 557 1457
a 36 2 471 1371
a 36 3 618 1518
a 36 4 588 1488
a 36 5 420 1320
a 36 6 114 1014
a 36 7 586 1486
a 36 8 326 1226
a 36 9 339 1239
a 36 10 366 1266
a 36 11 384 1284
a 36 12 447 1347
a 36 13 344 1244
a 36 14 434 1334
a 36 15 380 1280
a 36 16 427 1327
a 36 17 326 1226
a 36 18 316 1216
a 36 19 364 1264
a 36 20 254 1154
a 36 21 273 1173
a 36 22 240 1140
a 36 23 228 1128
a 36 24 206 1106
a 36 25 270 1170
a 36 26 172 1072
a 36 27 193 1093
a 36 28 100 1000
a 36 29 158 1058
a 36 30 180 1080
a 36 31 111 1011
a 36 32 70 970
a 36 33 58 958
a 36 34 30 930
a 36 35 100 1000
a 36 37 58 958
a 36 38 70 970
a 36 39 50 950
a 36 40 411 1311
a 36 41 326 1226
a 36 42 308 1208
a 36 43 297 1197
a 36 44 367 1267
a 36 45 291 1191
a 36 46 352 1252
a 36 47 269 1169
a 36 48 314 1214
a 36 49 497 1397
a 36 50 246 1146
a 36 51 353 1253
a 37 1 610 1510
a 37 2 524 1424
a 37 3 666 1566
a 37 4 635 1535
a 37 5 471 1371
a 37 6 141 1041
a 37 7 635 1535
a 37 8 377 1277
a 37 9 396 1296
a 37 10 420 1320
a 37 11 439 1339
a 37 12 505 1405
a 37 13 403 1303
a 37 14 492 1392
a 37 15 438 1338
a 37 16 484 1384
a 37 17 384 1284
a 37 18 373 1273
a 37 19 420 1320
a 37 20 297 1197
a 37 21 322 1222
a 37 22 286 1186
a 37 23 286 1186
a 37 24 250 1150
a 37 25 328 1228
a 37 26 228 1128
a 37 27 241 1141
a 37 28 151 1051
a 37 29 205 1105
a 37 30 234 1134
a 37 31 94 994
a 37 32 80 980
a 37 33 60 960
a 37 34 78 978
a 37 35 58 958
a 37 36 58 958
a 37 38 20 920
a 37 39 53 953
a 37 40 404 1304
a 37 41 339 1239
a 37 42 320 1220
a 37 43 314 1214
a 37 44 360 1260
a 37 45 297 1197
a 37 46 353 1253
a 37 47 284 1184
a 37 48 340 1240
a 37 49 501 1401
a 37 50 252 1152
a 37 51 392 1292
a 38 1 626 1526
a 38 2 540 1440
a 38 3 684 1584
a 38 4 653 1553
a 38 5 488 1388
a 38 6 161 1061
a 38 7 652 1552
a 38 8 394 1294
a 38 9 410 1310
a 38 10 436 1336
a 38 11 454 1354
a 38 12 514 1414
a 38 13 413 1313
a 38 14 500 1400
a 38 15 447 1347
a 38 16 492 1392
a 38 17 393 1293
a 38 18 380 1280
a 38 19 427 1327
a 38 20 316 1216
a 38 21 340 1240
a 38 22 304 1204
a 38 23 295 1195
a 38 24 269 1169
a 38 25 340 1240
a 38 26 234 1134
a 38 27 259 1159
a 38 28 155 1055
a 38 29 223 1123
a 38 30 250 1150
a 38 31 111 1011
a 38 32 100 1000
a 38 33 80 980
a 38 34 94 994
a 38 35 70 970
a 38 36 70 970
a 38 37 20 920
a 38 39 50 950
a 38 40 421 1321
a 38 41 359 1259
a 38 42 339 1239
a 38 43 333 1233
a 38 44 377 1277
a 38 45 316 1216
a 38 46 371 1271
a 38 47 304 1204
a 38 48 360 1260
a 38 49 520 1420
a 38 50 272 1172
a 38 51 412 1312
a 39 1 600 1500
a 39 2 514 1414
a 39 3 664 1564
a 39 4 635 1535
a 39 5 465 1365
a 39 6 162 1062
a 39 7 631 1531
a 39 8 371 1271
a 39 9 375 1275
a 39 10 408 1308
a 39 11 424 1324
a 39 12 471 1371
a 39 13 372 1272
a 39 14 456 1356
a 39 15 403 1303
a 39 16 447 1347
a 39 17 349 1249
a 39 18 335 1235
a 39 19 380 1280
a 39 20 304 1204
a 39 21 319 1219
a 39 22 288 1188
a 39 23 252 1152
a 39 24 254 1154
a 39 25 304 1204
a 39 26 187 1087
a 39 27 240 1140
a 39 28 107 1007
a 39 29 206 1106
a 39 30 223 1123
a 39 31 141 1041
a 39 32 111 1011
a 39 33 94 994
a 39 34 80 980
a 39 35 111 1011
a 39 36 50 950
a 39 37 53 953
a 39 38 50 950
a 39 40 450 1350
a 39 41 373 1273
a 39 42 354 1254
a 39 43 344 1244
a 39 44 406 1306
a 39 45 335 1235
a 39 46 394 1294
a 39 47 316 1216
a 39 48 363 1263
a 39 49 541 1441
a 39 50 290 1190
a 39 51 403 1303
a 40 1 592 1492
a 40 2 527 1427
a 40 3 572 1472
a 40 4 536 1436
a 40 5 473 1373
a 40 6 312 1212
a 40 7 564 1464
a 40 8 420 1320
a 40 9 526 1426
a 40 10 480 1380
a 40 11 510 1410
a 40 12 678 1578
a 40 13 586 1486
a 40 14 684 1584
a 40 15 640 1540
a 40 16 688 1588
a 40 17 597 1497
a 40 18 607 1507
a 40 19 654 1554
a 40 20 325 1225
a 40 21 384 1284
a 40 22 349 1249
a 40 23 528 1428
a 40 24 338 1238
a 40 25 500 1400
a 40 26 521 1421
a 40 27 364 1264
a 40 28 489 1389
a 40 29 357 1257
a 40 30 403 1303
a 40 31 310 1210
a 40 32 340 1240
a 40 33 356 1256
a 40 34 388 1288
a 40 35 353 1253
a 40 36 411 1311
a 40 37 404 1304
a 40 38 421 1321
a 40 39 450 1350
a 40 41 140 1040
a 40 42 143 1043
a 40 43 172 1072
a 40 44 44 944
a 40 45 134 1034
a 40 46 72 972
a 40 47 180 1080
a 40 48 220 1120
a 40 49 121 1021
a 40 50 172 1072
a 40 51 322 1222
a 41 1 462 1362
a 41 2 392 1292
a 41 3 458 1358
a 41 4 422 1322
a 41 5 337 1237
a 41 6 214 1114
a 41 7 444 1344
a 41 8 280 1180
a 41 9 386 1286
a 41 10 340 1240
a 41 11 370 1270
a 41 12 539 1439
a 41 13 449 1349
a 41 14 545 1445
a 41 15 502 1402
a 41 16 550 1450
a 41 17 462 1362
a 41 18 474 1374
a 41 19 520 1420
a 41 20 186 1086
a 41 21 245 1145
a 41 22 211 1111
a 41 23 399 1299
a 41 24 205 1105
a 41 25 364 1264
a 41 26 403 1303
a 41 27 233 1133
a 41 28 386 1286
a 41 29 234 1134
a 41 30 274 1174
a 41 31 251 1151
a 41 32 262 1162
a 41 33 281 1181
a 41 34 299 1199
a 41 35 301 1201
a 41 36 326 1226
a 41 37 339 1239
a 41 38 359 1259
a 41 39 373 1273
a 41 40 140 1040
a 41 42 20 920
a 41 43 36 936
a 41 44 123 1023
a 41 45 53 953
a 41 46 70 970
a 41 47 58 958
a 41 48 80 980
a 41 49 176 1076
a 41 50 90 990
a 41 51 186 1086
a 42 1 470 1370
a 42 2 398 1298
a 42 3 470 1370
a 42 4 434 1334
a 42 5 342 1242
a 42 6 197 1097
a 42 7 454 1354
a 42 8 280 1180
a 42 9 383 1283
a 42 10 340 1240
a 42 11 370 1270
a 42 12 536 1436
a 42 13 443 1343
a 42 14 541 1441
a 42 15 497 1397
a 42 16 545 1445
a 42 17 455 1355
a 42 18 466 1366
a 42 19 512 1412
a 42 20 182 1082
a 42 21 241 1141
a 42 22 206 1106
a 42 23 389 1289
a 42 24 196 1096
a 42 25 357 1257
a 42 26 390 1290
a 42 27 223 1123
a 42 28 370 1270
a 42 29 222 1122
a 42 30 264 1164
a 42 31 231 1131
a 42 32 243 1143
a 42 33 262 1162
a 42 34 281 1181
a 42 35 281 1181
a 42 36 308 1208
a 42 37 320 1220
a 42 38 339 1239
a 42 39 354 1254
a 42 40 143 1043
a 42 41 20 920
a 42 43 30 930
a 42 44 120 1020
a 42 45 36 936
a 42 46 70 970
a 42 47 42 942
a 42 48 85 985
a 42 49 192 1092
a 42 50 70 970
a 42 51 193 1093
a 43 1 442 1342
a 43 2 370 1270
a 43 3 446 1346
a 43 4 411 1311
a 43 5 313 1213
a 43 6 183 1083
a 43 7 430 1330
a 43 8 250 1150
a 43 9 353 1253
a 43 10 310 1210
a 43 11 340 1240
a 43 12 506 1406
a 43 13 414 1314
a 43 14 511 1411
a 43 15 468 1368
a 43 16 516 1416
a 43 17 427 1327
a 43 18 438 1338
a 43 19 484 1384
a 43 20 152 1052
a 43 21 212 1112
a 43 22 177 1077
a 43 23 363 1263
a 43 24 170 1070
a 43 25 328 1228
a 43 26 367 1267
a 43 27 197 1097
a 43 28 352 1252
a 43 29 198 1098
a 43 30 238 1138
a 43 31 230 1130
a 43 32 235 1135
a 43 33 254 1154
a 43 34 269 1169
a 43 35 280 1180
a 43 36 297 1197
a 43 37 314 1214
a 43 38 333 1233
a 43 39 344 1244
a 43 40 172 1072
a 43 41 36 936
a 43 42 30 930
a 43 44 150 1050
a 43 45 58 958
a 43 46 100 1000
a 43 47 30 930
a 43 48 58 958
a 43 49 212 1112
a 43 50 76 976
a 43 51 165 1065
a 44 1 585 1485
a 44 2 516 1416
a 44 3 574 1474
a 44 4 538 1438
a 44 5 460 1360
a 44 6 272 1172
a 44 7 563 1463
a 44 8 400 1300
a 44 9 501 1401
a 44 10 460 1360
a 44 11 490 1390
a 44 12 653 1553
a 44 13 559 1459
a 44 14 657 1557
a 44 15 611 1511
a 44 16 660 1560
a 44 17 567 1467
a 44 18 575 1475
a 44 19 623 1523
a 44 20 300 1200
a 44 21 360 1260
a 44 22 322 1222
a 44 23 493 1393
a 44 24 308 1208
a 44 25 470 1370
a 44 26 483 1383
a 44 27 332 1232
a 44 28 448 1348
a 44 29 323 1223
a 44 30 370 1270
a 44 31 266 1166
a 44 32 297 1197
a 44 33 312 1212
a 44 34 346 1246
a 44 35 308 1208
a 44 36 367 1267
a 44 37 360 1260
a 44 38 377 1277
a 44 39 406 1306
a 44 40 44 944
a 44 41 123 1023
a 44 42 120 1020
a 44 43 150 1050
a 44 45 101 1001
a 44 46 53 953
a 44 47 151 1051
a 44 48 203 1103
a 44 49 160 1060
a 44 50 134 1034
a 44 51 310 1210
a 45 1 500 1400
a 45 2 427 1327
a 45 3 504 1404
a 45 4 468 1368
a 45 5 370 1270
a 45 6 184 1084
a 45 7 488 1388
a 45 8 302 1202
a 45 9 400 1300
a 45 10 363 1263
a 45 11 393 1293
a 45 12 552 1452
a 45 13 457 1357
a 45 14 555 1455
a 45 15 509 1409
a 45 16 559 1459
a 45 17 465 1365
a 45 18 474 1374
a 45 19 522 1422
a 45 20 200 1100
a 45 21 260 1160
a 45 22 220 1120
a 45 23 393 1293
a 45 24 206 1106
a 45 25 368 1268
a 45 26 388 1288
a 45 27 230 1130
a 45 28 360 1260
a 45 29 223 1123
a 45 30 269 1169
a 45 31 206 1106
a 45 32 223 1123
a 45 33 241 1141
a 45 34 266 1166
a 45 35 254 1154
a 45 36 291 1191
a 45 37 297 1197
a 45 38 316 1216
a 45 39 335 1235
a 45 40 134 1034
a 45 41 53 953
a 45 42 36 936
a 45 43 58 958
a 45 44 101 1001
a 45 46 64 964
a 45 47 50 950
a 45 48 116 1016
a 45 49 205 1105
a 45 50 44 944
a 45 51 223 1123
a 46 1 531 1431
a 46 2 463 1363
a 46 3 521 1421
a 46 4 485 1385
a 46 5 407 1307
a 46 6 247 1147
a 46 7 510 1410
a 46 8 350 1250
a 46 9 453 1353
a 46 10 410 1310
a 46 11 440 1340
a 46 12 606 1506
a 46 13 514 1414
a 46 14 611 1511
a 46 15 567 1467
a 46 16 616 1516
a 46 17 524 1424
a 46 18 534 1434
a 46 19 581 1481
a 46 20 253 1153
a 46 21 312 1212
a 46 22 276 1176
a 46 23 456 1356
a 46 24 265 1165
a 46 25 427 1327
a 46 26 452 1352
a 46 27 291 1191
a 46 28 424 1324
a 46 29 286 1186
a 46 30 331 1231
a 46 31 260 1160
a 46 32 283 1183
a 46 33 300 1200
a 46 34 328 1228
a 46 35 306 1206
a 46 36 352 1252
a 46 37 353 1253
a 46 38 371 1271
a 46 39 394 1294
a 46 40 72 972
a 46 41 70 970
a 46 42 70 970
a 46 43 100 1000
a 46 44 53 953
a 46 45 64 964
a 46 47 107 1007
a 46 48 151 1051
a 46 49 148 1048
a 46 50 106 1006
a 46 51 257 1157
a 47 1 456 1356
a 47 2 380 1280
a 47 3 466 1366
a 47 4 431 1331
a 47 5 323 1223
a 47 6 156 1056
a 47 7 448 1348
a 47 8 253 1153
a 47 9 350 1250
a 47 10 314 1214
a 47 11 343 1243
a 47 12 502 1402
a 47 13 407 1307
a 47 14 506 1406
a 47 15 460 1360
a 47 16 509 1409
a 47 17 417 1317
a 47 18 427 1327
a 47 19 474 1374
a 47 20 150 1050
a 47 21 210 1110
a 47 22 171 1071
a 47 23 348 1248
a 47 24 158 1058
a 47 25 320 1220
a 47 26 348 1248
a 47 27 183 1083
a 47 28 328 1228
a 47 29 180 1080
a 47 30 223 1123
a 47 31 200 1100
a 47 32 206 1106
a 47 33 225 1125
a 47 34 241 1141
a 47 35 250 1150
a 47 36 269 1169
a 47 37 284 1184
a 47 38 304 1204
a 47 39 316 1216
a 47 40 180 1080
a 47 41 58 958
a 47 42 42 942
a 47 43 30 930
a 47 44 151 1051
a 47 45 50 950
a 47 46 107 1007
a 47 48 78 978
a 47 49 234 1134
a 47 50 50 950
a 47 51 180 1080
a 48 1 384 1284
a 48 2 313 1213
a 48 3 389 1289
a 48 4 353 1253
a 48 5 257 1157
a 48 6 200 1100
a 48 7 372 1272
a 48 8 200 1100
a 48 9 310 1210
a 48 10 260 1160
a 48 11 290 1190
a 48 12 463 1363
a 48 13 376 1276
a 48 14 471 1371
a 48 15 430 1330
a 48 16 477 1377
a 48 17 393 1293
a 48 18 408 1308
a 48 19 451 1351
a 48 20 116 1016
a 48 21 170 1070
a 48 22 144 1044
a 48 23 340 1240
a 48 24 148 1048
a 48 25 295 1195
a 48 26 356 1256
a 48 27 176 1076
a 48 28 353 1253
a 48 29 188 1088
a 48 30 219 1119
a 48 31 264 1164
a 48 32 260 1160
a 48 33 280 1180
a 48 34 284 1184
a 48 35 314 1214
a 48 36 314 1214
a 48 37 340 1240
a 48 38 360 1260
a 48 39 363 1263
a 48 40 220 1120
a 48 41 80 980
a 48 42 85 985
a 48 43 58 958
a 48 44 203 1103
a 48 45 116 1016
a 48 46 151 1051
a 48 47 78 978
a 48 49 233 1133
a 48 50 128 1028
a 48 51 107 1007
a 49 1 551 1451
a 49 2 500 1400
a 49 3 509 1409
a 49 4 475 1375
a 49 5 453 1353
a 49 6 388 1288
a 49 7 509 1409
a 49 8 423 1323
a 49 9 538 1438
a 49 10 478 1378
a 49 11 506 1406
a 49 12 689 1589
a 49 13 608 1508
a 49 14 700 1600
a 49 15 662 1562
a 49 16 707 1607
a 49 17 626 1526
a 49 18 641 1541
a 49 19 684 1584
a 49 20 349 1249
a 49 21 402 1302
a 49 22 377 1277
a 49 23 572 1472
a 49 24 378 1278
a 49 25 528 1428
a 49 26 580 1480
a 49 27 406 1306
a 49 28 562 1462
a 49 29 410 1310
a 49 30 448 1348
a 49 31 408 1308
a 49 32 429 1329
a 49 33 447 1347
a 49 34 471 1371
a 49 35 455 1355
a 49 36 497 1397
a 49 37 501 1401
a 49 38 520 1420
a 49 39 541 1441
a 49 40 121 1021
a 49 41 176 1076
a 49 42 192 1092
a 49 43 212 1112
a 49 44 160 1060
a 49 45 205 1105
a 49 46 148 1048
a 49 47 234 1134
a 49 48 233 1133
a 49 50 250 1150
a 49 51 310 1210
a 50 1 502 1402
a 50 2 424 1324
a 50 3 516 1416
a 50 4 480 1380
a 50 5 366 1266
a 50 6 141 1041
a 50 7 496 1396
a 50 8 291 1191
a 50 9 380 1280
a 50 10 351 1251
a 50 11 380 1280
a 50 12 530 1430
a 50 13 431 1331
a 50 14 531 1431
a 50 15 483 1383
a 50 16 533 1433
a 50 17 437 1337
a 50 18 443 1343
a 50 19 492 1392
a 50 20 184 1084
a 50 21 243 1143
a 50 22 200 1100
a 50 23 360 1260
a 50 24 180 1080
a 50 25 342 1242
a 50 26 349 1249
a 50 27 202 1102
a 50 28 318 1218
a 50 29 189 1089
a 50 30 237 1137
a 50 31 162 1062
a 50 32 178 1078
a 50 33 196 1096
a 50 34 222 1122
a 50 35 212 1112
a 50 36 246 1146
a 50 37 252 1152
a 50 38 272 1172
a 50 39 290 1190
a 50 40 172 1072
a 50 41 90 990
a 50 42 70 970
a 50 43 76 976
a 50 44 134 1034
a 50 45 44 944
a 50 46 106 1006
a 50 47 50 950
a 50 48 128 1028
a 50 49 250 1150
a 50 51 228 1128
