c vehicle routing problem with time windows
c solomon R206_50
c
c problem vertices edges capacity
p vrptw 52 2550 1000
c
c vertex a b demand x y
v 0 0 10000 0 35 35
v 1 0 9740 10 41 49
v 2 0 9720 7 35 17
v 3 0 9670 13 55 45
v 4 6200 8600 19 55 20
v 5 0 9690 26 15 30
v 6 3450 5850 3 25 30
v 7 0 9680 5 20 50
v 8 3230 5630 9 10 43
v 9 3290 5690 16 55 60
v 10 4850 7250 16 30 60
v 11 1460 3860 12 20 65
v 12 0 9750 19 50 35
v 13 6390 8790 23 30 25
v 14 320 2720 20 15 10
v 15 1180 3580 8 30 5
v 16 2030 4430 19 10 20
v 17 6820 9220 2 5 30
v 18 2860 5260 12 20 40
v 19 2040 4440 17 15 60
v 20 5040 7440 9 45 65
v 21 0 9710 11 45 20
v 22 3320 5720 18 45 10
v 23 1460 3860 29 55 5
v 24 6560 8960 3 65 35
v 25 7160 9560 6 65 20
v 26 0 9780 17 45 30
v 27 600 3000 16 35 40
v 28 650 3050 16 41 37
v 29 1320 3720 9 64 42
v 30 1870 4270 21 40 60
v 31 0 9720 27 31 52
v 32 5990 8390 23 35 69
v 33 240 2640 11 53 52
v 34 0 9530 14 65 55
v 35 6300 8700 8 63 65
v 36 410 2810 5 2 60
v 37 0 9680 8 20 20
v 38 2340 4740 16 5 5
v 39 330 2730 31 60 12
v 40 2790 5190 9 40 25
v 41 3340 5740 5 42 7
v 42 250 2650 5 24 12
v 43 5430 7830 7 23 3
v 44 1670 4070 18 11 14
v 45 290 2690 16 6 38
v 46 4520 6920 1 2 48
v 47 480 2880 27 8 56
v 48 0 9620 36 13 52
v 49 4010 6410 30 6 68
v 50 0 9730 13 47 47
v 51 0 10000 0 35 35
c
c source target cost time
a 0 1 152 152
a 0 2 180 180
a 0 3 223 223
a 0 4 250 250
a 0 5 206 206
a 0 6 111 111
a 0 7 212 212
a 0 8 262 262
a 0 9 320 320
a 0 10 254 254
a 0 11 335 335
a 0 12 150 150
a 0 13 111 111
a 0 14 320 320
a 0 15 304 304
a 0 16 291 291
a 0 17 304 304
a 0 18 158 158
a 0 19 320 320
a 0 20 316 316
a 0 21 180 180
a 0 22 269 269
a 0 23 360 360
a 0 24 300 300
a 0 25 335 335
a 0 26 111 111
a 0 27 50 50
a 0 28 63 63
a 0 29 298 298
a 0 30 254 254
a 0 31 174 174
a 0 32 340 340
a 0 33 247 247
a 0 34 360 360
a 0 35 410 410
a 0 36 414 414
a 0 37 212 212
a 0 38 424 424
a 0 39 339 339
a 0 40 111 111
a 0 41 288 288
a 0 42 254 254
a 0 43 341 341
a 0 44 318 318
a 0 45 291 291
a 0 46 354 354
a 0 47 342 342
a 0 48 278 278
a 0 49 439 439
a 0 50 169 169
a 1 2 325 425
a 1 3 145 245
a 1 4 322 422
a 1 5 322 422
a 1 6 248 348
a 1 7 210 310
a 1 8 315 415
a 1 9 178 278
a 1 10 155 255
a 1 11 264 364
a 1 12 166 266
a 1 13 264 364
a 1 14 468 568
a 1 15 453 553
a 1 16 424 524
a 1 17 407 507
a 1 18 228 328
a 1 19 282 382
a 1 20 164 264
a 1 21 292 392
a 1 22 392 492
a 1 23 461 561
a 1 24 277 377
a 1 25 376 476
a 1 26 194 294
a 1 27 108 208
a 1 28 120 220
a 1 29 240 340
a 1 30 110 210
a 1 31 104 204
a 1 32 208 308
a 1 33 123 223
a 1 34 247 347
a 1 35 272 372
a 1 36 405 505
a 1 37 358 458
a 1 38 568 668
a 1 39 415 515
a 1 40 240 340
a 1 41 420 520
a 1 42 407 507
a 1 43 493 593
a 1 44 460 560
a 1 45 366 466
a 1 46 390 490
a 1 47 337 437
a 1 48 281 381
a 1 49 398 498
a 1 50 63 163
a 1 51 152 252
a 2 1 325 425
a 2 3 344 444
a 2 4 202 302
a 2 5 238 338
a 2 6 164 264
a 2 7 362 462
a 2 8 360 460
a 2 9 474 574
a 2 10 432 532
a 2 11 502 602
a 2 12 234 334
a 2 13 94 194
a 2 14 211 311
a 2 15 130 230
a 2 16 251 351
a 2 17 326 426
a 2 18 274 374
a 2 19 474 574
a 2 20 490 590
a 2 21 104 204
a 2 22 122 222
a 2 23 233 333
a 2 24 349 449
a 2 25 301 401
a 2 26 164 264
a 2 27 230 330
a 2 28 208 308
a 2 29 382 482
a 2 30 432 532
a 2 31 352 452
a 2 32 520 620
a 2 33 393 493
a 2 34 484 584
a 2 35 555 655
a 2 36 542 642
a 2 37 152 252
a 2 38 323 423
a 2 39 254 354
a 2 40 94 194
a 2 41 122 222
a 2 42 120 220
a 2 43 184 284
a 2 44 241 341
a 2 45 358 458
a 2 46 452 552
a 2 47 474 574
a 2 48 413 513
a 2 49 586 686
a 2 50 323 423
a 2 51 180 280
a 3 1 145 245
a 3 2 344 444
a 3 4 250 350
a 3 5 427 527
a 3 6 335 435
a 3 7 353 453
a 3 8 450 550
a 3 9 150 250
a 3 10 291 391
a 3 11 403 503
a 3 12 111 211
a 3 13 320 420
a 3 14 531 631
a 3 15 471 571
a 3 16 514 614
a 3 17 522 622
a 3 18 353 453
a 3 19 427 527
a 3 20 223 323
a 3 21 269 369
a 3 22 364 464
a 3 23 400 500
a 3 24 141 241
a 3 25 269 369
a 3 26 180 280
a 3 27 206 306
a 3 28 161 261
a 3 29 94 194
a 3 30 212 312
a 3 31 250 350
a 3 32 312 412
a 3 33 72 172
a 3 34 141 241
a 3 35 215 315
a 3 36 550 650
a 3 37 430 530
a 3 38 640 740
a 3 39 333 433
a 3 40 250 350
a 3 41 401 501
a 3 42 452 552
a 3 43 528 628
a 3 44 538 638
a 3 45 494 594
a 3 46 530 630
a 3 47 482 582
a 3 48 425 525
a 3 49 541 641
a 3 50 82 182
a 3 51 223 323
a 4 1 322 422
a 4 2 202 302
a 4 3 250 350
a 4 5 412 512
a 4 6 316 416
a 4 7 460 560
a 4 8 505 605
a 4 9 400 500
a 4 10 471 571
a 4 11 570 670
a 4 12 158 258
a 4 13 254 354
a 4 14 412 512
a 4 15 291 391
a 4 16 450 550
a 4 17 509 609
a 4 18 403 503
a 4 19 565 665
a 4 20 460 560
a 4 21 100 200
a 4 22 141 241
a 4 23 150 250
a 4 24 180 280
a 4 25 100 200
a 4 26 141 241
a 4 27 282 382
a 4 28 220 320
a 4 29 237 337
a 4 30 427 527
a 4 31 400 500
a 4 32 529 629
a 4 33 320 420
a 4 34 364 464
a 4 35 457 557
a 4 36 664 764
a 4 37 350 450
a 4 38 522 622
a 4 39 94 194
a 4 40 158 258
a 4 41 183 283
a 4 42 320 420
a 4 43 362 462
a 4 44 444 544
a 4 45 522 622
a 4 46 599 699
a 4 47 592 692
a 4 48 528 628
a 4 49 685 785
a 4 50 281 381
a 4 51 250 350
a 5 1 322 422
a 5 2 238 338
a 5 3 427 527
a 5 4 412 512
a 5 6 100 200
a 5 7 206 306
a 5 8 139 239
a 5 9 500 600
a 5 10 335 435
a 5 11 353 453
a 5 12 353 453
a 5 13 158 258
a 5 14 200 300
a 5 15 291 391
a 5 16 111 211
a 5 17 100 200
a 5 18 111 211
a 5 19 300 400
a 5 20 460 560
a 5 21 316 416
a 5 22 360 460
a 5 23 471 571
a 5 24 502 602
a 5 25 509 609
a 5 26 300 400
a 5 27 223 323
a 5 28 269 369
a 5 29 504 604
a 5 30 390 490
a 5 31 272 372
a 5 32 438 538
a 5 33 439 539
a 5 34 559 659
a 5 35 594 694
a 5 36 326 426
a 5 37 111 211
a 5 38 269 369
a 5 39 484 584
a 5 40 254 354
a 5 41 354 454
a 5 42 201 301
a 5 43 281 381
a 5 44 164 264
a 5 45 120 220
a 5 46 222 322
a 5 47 269 369
a 5 48 220 320
a 5 49 390 490
a 5 50 362 462
a 5 51 206 306
a 6 1 248 348
a 6 2 164 264
a 6 3 335 435
a 6 4 316 416
a 6 5 100 200
a 6 7 206 306
a 6 8 198 298
a 6 9 424 524
a 6 10 304 404
a 6 11 353 453
a 6 12 254 354
a 6 13 70 170
a 6 14 223 323
a 6 15 254 354
a 6 16 180 280
a 6 17 200 300
a 6 18 111 211
a 6 19 316 416
a 6 20 403 503
a 6 21 223 323
a 6 22 282 382
a 6 23 390 490
a 6 24 403 503
a 6 25 412 512
a 6 26 200 300
a 6 27 141 241
a 6 28 174 274
a 6 29 408 508
a 6 30 335 435
a 6 31 228 328
a 6 32 402 502
a 6 33 356 456
a 6 34 471 571
a 6 35 516 616
a 6 36 378 478
a 6 37 111 211
a 6 38 320 420
a 6 39 393 493
a 6 40 158 258
a 6 41 286 386
a 6 42 180 280
a 6 43 270 370
a 6 44 212 312
a 6 45 206 306
a 6 46 292 392
a 6 47 310 410
a 6 48 250 350
a 6 49 424 524
a 6 50 278 378
a 6 51 111 211
a 7 1 210 310
a 7 2 362 462
a 7 3 353 453
a 7 4 460 560
a 7 5 206 306
a 7 6 206 306
a 7 8 122 222
a 7 9 364 464
a 7 10 141 241
a 7 11 150 250
a 7 12 335 435
a 7 13 269 369
a 7 14 403 503
a 7 15 460 560
a 7 16 316 416
a 7 17 250 350
a 7 18 100 200
a 7 19 111 211
a 7 20 291 391
a 7 21 390 490
a 7 22 471 571
a 7 23 570 670
a 7 24 474 574
a 7 25 540 640
a 7 26 320 420
a 7 27 180 280
a 7 28 246 346
a 7 29 447 547
a 7 30 223 323
a 7 31 111 211
a 7 32 242 342
a 7 33 330 430
a 7 34 452 552
a 7 35 455 555
a 7 36 205 305
a 7 37 300 400
a 7 38 474 574
a 7 39 551 651
a 7 40 320 420
a 7 41 483 583
a 7 42 382 482
a 7 43 470 570
a 7 44 371 471
a 7 45 184 284
a 7 46 181 281
a 7 47 134 234
a 7 48 72 172
a 7 49 228 328
a 7 50 271 371
a 7 51 212 312
a 8 1 315 415
a 8 2 360 460
a 8 3 450 550
a 8 4 505 605
a 8 5 139 239
a 8 6 198 298
a 8 7 122 222
a 8 9 481 581
a 8 10 262 362
a 8 11 241 341
a 8 12 407 507
a 8 13 269 369
a 8 14 333 433
a 8 15 429 529
a 8 16 230 330
a 8 17 139 239
a 8 18 104 204
a 8 19 177 277
a 8 20 413 513
a 8 21 418 518
a 8 22 481 581
a 8 23 588 688
a 8 24 555 655
a 8 25 596 696
a 8 26 373 473
a 8 27 251 351
a 8 28 315 415
a 8 29 540 640
a 8 30 344 444
a 8 31 228 328
a 8 32 360 460
a 8 33 439 539
a 8 34 562 662
a 8 35 573 673
a 8 36 187 287
a 8 37 250 350
a 8 38 383 483
a 8 39 588 688
a 8 40 349 449
a 8 41 481 581
a 8 42 340 440
a 8 43 420 520
a 8 44 290 390
a 8 45 64 164
a 8 46 94 194
a 8 47 131 231
a 8 48 94 194
a 8 49 253 353
a 8 50 372 472
a 8 51 262 362
a 9 1 178 278
a 9 2 474 574
a 9 3 150 250
a 9 4 400 500
a 9 5 500 600
a 9 6 424 524
a 9 7 364 464
a 9 8 481 581
a 9 10 250 350
a 9 11 353 453
a 9 12 254 354
a 9 13 430 530
a 9 14 640 740
a 9 15 604 704
a 9 16 602 702
a 9 17 583 683
a 9 18 403 503
a 9 19 400 500
a 9 20 111 211
a 9 21 412 512
a 9 22 509 609
a 9 23 550 650
a 9 24 269 369
a 9 25 412 512
a 9 26 316 416
a 9 27 282 382
a 9 28 269 369
a 9 29 201 301
a 9 30 150 250
a 9 31 252 352
a 9 32 219 319
a 9 33 82 182
a 9 34 111 211
a 9 35 94 194
a 9 36 530 630
a 9 37 531 631
a 9 38 743 843
a 9 39 482 582
a 9 40 380 480
a 9 41 545 645
a 9 42 571 671
a 9 43 653 753
a 9 44 636 736
a 9 45 537 637
a 9 46 543 643
a 9 47 471 571
a 9 48 427 527
a 9 49 496 596
a 9 50 152 252
a 9 51 320 420
a 10 1 155 255
a 10 2 432 532
a 10 3 291 391
a 10 4 471 571
a 10 5 335 435
a 10 6 304 404
a 10 7 141 241
a 10 8 262 362
a 10 9 250 350
a 10 11 111 211
a 10 12 320 420
a 10 13 350 450
a 10 14 522 622
a 10 15 550 650
a 10 16 447 547
a 10 17 390 490
a 10 18 223 323
a 10 19 150 250
a 10 20 158 258
a 10 21 427 527
a 10 22 522 622
a 10 23 604 704
a 10 24 430 530
a 10 25 531 631
a 10 26 335 435
a 10 27 206 306
a 10 28 254 354
a 10 29 384 484
a 10 30 100 200
a 10 31 80 180
a 10 32 102 202
a 10 33 243 343
a 10 34 353 453
a 10 35 333 433
a 10 36 280 380
a 10 37 412 512
a 10 38 604 704
a 10 39 566 666
a 10 40 364 464
a 10 41 543 643
a 10 42 483 583
a 10 43 574 674
a 10 44 497 597
a 10 45 325 425
a 10 46 304 404
a 10 47 223 323
a 10 48 187 287
a 10 49 252 352
a 10 50 214 314
a 10 51 254 354
a 11 1 264 364
a 11 2 502 602
a 11 3 403 503
a 11 4 570 670
a 11 5 353 453
a 11 6 353 453
a 11 7 150 250
a 11 8 241 341
a 11 9 353 453
a 11 10 111 211
a 11 12 424 524
a 11 13 412 512
a 11 14 552 652
a 11 15 608 708
a 11 16 460 560
a 11 17 380 480
a 11 18 250 350
a 11 19 70 170
a 11 20 250 350
a 11 21 514 614
a 11 22 604 704
a 11 23 694 794
a 11 24 540 640
a 11 25 636 736
a 11 26 430 530
a 11 27 291 391
a 11 28 350 450
a 11 29 496 596
a 11 30 206 306
a 11 31 170 270
a 11 32 155 255
a 11 33 354 454
a 11 34 460 560
a 11 35 430 530
a 11 36 186 286
a 11 37 450 550
a 11 38 618 718
a 11 39 664 764
a 11 40 447 547
a 11 41 620 720
a 11 42 531 631
a 11 43 620 720
a 11 44 517 617
a 11 45 304 404
a 11 46 247 347
a 11 47 150 250
a 11 48 147 247
a 11 49 143 243
a 11 50 324 424
a 11 51 335 435
a 12 1 166 266
a 12 2 234 334
a 12 3 111 211
a 12 4 158 258
a 12 5 353 453
a 12 6 254 354
a 12 7 335 435
a 12 8 407 507
a 12 9 254 354
a 12 10 320 420
a 12 11 424 524
a 12 13 223 323
a 12 14 430 530
a 12 15 360 460
a 12 16 427 527
a 12 17 452 552
a 12 18 304 404
a 12 19 430 530
a 12 20 304 404
a 12 21 158 258
a 12 22 254 354
a 12 23 304 404
a 12 24 150 250
a 12 25 212 312
a 12 26 70 170
a 12 27 158 258
a 12 28 92 192
a 12 29 156 256
a 12 30 269 369
a 12 31 254 354
a 12 32 371 471
a 12 33 172 272
a 12 34 250 350
a 12 35 326 426
a 12 36 541 641
a 12 37 335 435
a 12 38 540 640
a 12 39 250 350
a 12 40 141 241
a 12 41 291 391
a 12 42 347 447
a 12 43 418 518
a 12 44 442 542
a 12 45 441 541
a 12 46 497 597
a 12 47 469 569
a 12 48 407 507
a 12 49 550 650
a 12 50 123 223
a 12 51 150 250
a 13 1 264 364
a 13 2 94 194
a 13 3 320 420
a 13 4 254 354
a 13 5 158 258
a 13 6 70 170
a 13 7 269 369
a 13 8 269 369
a 13 9 430 530
a 13 10 350 450
a 13 11 412 512
a 13 12 223 323
a 13 14 212 312
a 13 15 200 300
a 13 16 206 306
a 13 17 254 354
a 13 18 180 280
a 13 19 380 480
a 13 20 427 527
a 13 21 158 258
a 13 22 212 312
a 13 23 320 420
a 13 24 364 464
a 13 25 353 453
a 13 26 158 258
a 13 27 158 258
a 13 28 162 262
a 13 29 380 480
a 13 30 364 464
a 13 31 270 370
a 13 32 442 542
a 13 33 354 454
a 13 34 460 560
a 13 35 518 618
a 13 36 448 548
a 13 37 111 211
a 13 38 320 420
a 13 39 326 426
a 13 40 100 200
a 13 41 216 316
a 13 42 143 243
a 13 43 230 330
a 13 44 219 319
a 13 45 272 372
a 13 46 362 462
a 13 47 380 480
a 13 48 319 419
a 13 49 492 592
a 13 50 278 378
a 13 51 111 211
a 14 1 468 568
a 14 2 211 311
a 14 3 531 631
a 14 4 412 512
a 14 5 200 300
a 14 6 223 323
a 14 7 403 503
a 14 8 333 433
a 14 9 640 740
a 14 10 522 622
a 14 11 552 652
a 14 12 430 530
a 14 13 212 312
a 14 15 158 258
a 14 16 111 211
a 14 17 223 323
a 14 18 304 404
a 14 19 500 600
a 14 20 626 726
a 14 21 316 416
a 14 22 300 400
a 14 23 403 503
a 14 24 559 659
a 14 25 509 609
a 14 26 360 460
a 14 27 360 460
a 14 28 374 474
a 14 29 585 685
a 14 30 559 659
a 14 31 449 549
a 14 32 622 722
a 14 33 566 666
a 14 34 672 772
a 14 35 730 830
a 14 36 516 616
a 14 37 111 211
a 14 38 111 211
a 14 39 450 550
a 14 40 291 391
a 14 41 271 371
a 14 42 92 192
a 14 43 106 206
a 14 44 56 156
a 14 45 294 394
a 14 46 401 501
a 14 47 465 565
a 14 48 420 520
a 14 49 586 686
a 14 50 489 589
a 14 51 320 420
a 15 1 453 553
a 15 2 130 230
a 15 3 471 571
a 15 4 291 391
a 15 5 291 391
a 15 6 254 354
a 15 7 460 560
a 15 8 429 529
a 15 9 604 704
a 15 10 550 650
a 15 11 608 708
a 15 12 360 460
a 15 13 200 300
a 15 14 158 258
a 15 16 250 350
a 15 17 353 453
a 15 18 364 464
a 15 19 570 670
a 15 20 618 718
a 15 21 212 312
a 15 22 158 258
a 15 23 250 350
a 15 24 460 560
a 15 25 380 480
a 15 26 291 391
a 15 27 353 453
a 15 28 338 438
a 15 29 502 602
a 15 30 559 659
a 15 31 470 570
a 15 32 641 741
a 15 33 523 623
a 15 34 610 710
a 15 35 684 784
a 15 36 617 717
a 15 37 180 280
a 15 38 250 350
a 15 39 308 408
a 15 40 223 323
a 15 41 121 221
a 15 42 92 192
a 15 43 72 172
a 15 44 210 310
a 15 45 408 508
a 15 46 513 613
a 15 47 555 655
a 15 48 499 599
a 15 49 674 774
a 15 50 453 553
a 15 51 304 404
a 16 1 424 524
a 16 2 251 351
a 16 3 514 614
a 16 4 450 550
a 16 5 111 211
a 16 6 180 280
a 16 7 316 416
a 16 8 230 330
a 16 9 602 702
a 16 10 447 547
a 16 11 460 560
a 16 12 427 527
a 16 13 206 306
a 16 14 111 211
a 16 15 250 350
a 16 17 111 211
a 16 18 223 323
a 16 19 403 503
a 16 20 570 670
a 16 21 350 450
a 16 22 364 464
a 16 23 474 574
a 16 24 570 670
a 16 25 550 650
a 16 26 364 464
a 16 27 320 420
a 16 28 353 453
a 16 29 583 683
a 16 30 500 600
a 16 31 382 482
a 16 32 550 650
a 16 33 536 636
a 16 34 651 751
a 16 35 695 795
a 16 36 407 507
a 16 37 100 200
a 16 38 158 258
a 16 39 506 606
a 16 40 304 404
a 16 41 345 445
a 16 42 161 261
a 16 43 214 314
a 16 44 60 160
a 16 45 184 284
a 16 46 291 391
a 16 47 360 460
a 16 48 321 421
a 16 49 481 581
a 16 50 458 558
a 16 51 291 391
a 17 1 407 507
a 17 2 326 426
a 17 3 522 622
a 17 4 509 609
a 17 5 100 200
a 17 6 200 300
a 17 7 250 350
a 17 8 139 239
a 17 9 583 683
a 17 10 390 490
a 17 11 380 480
a 17 12 452 552
a 17 13 254 354
a 17 14 223 323
a 17 15 353 453
a 17 16 111 211
a 17 18 180 280
a 17 19 316 416
a 17 20 531 631
a 17 21 412 512
a 17 22 447 547
a 17 23 559 659
a 17 24 602 702
a 17 25 608 708
a 17 26 400 500
a 17 27 316 416
a 17 28 366 466
a 17 29 602 702
a 17 30 460 560
a 17 31 340 440
a 17 32 492 592
a 17 33 528 628
a 17 34 650 750
a 17 35 677 777
a 17 36 301 401
a 17 37 180 280
a 17 38 250 350
a 17 39 578 678
a 17 40 353 453
a 17 41 435 535
a 17 42 261 361
a 17 43 324 424
a 17 44 170 270
a 17 45 80 180
a 17 46 182 282
a 17 47 261 361
a 17 48 234 334
a 17 49 380 480
a 17 50 453 553
a 17 51 304 404
a 18 1 228 328
a 18 2 274 374
a 18 3 353 453
a 18 4 403 503
a 18 5 111 211
a 18 6 111 211
a 18 7 100 200
a 18 8 104 204
a 18 9 403 503
a 18 10 223 323
a 18 11 250 350
a 18 12 304 404
a 18 13 180 280
a 18 14 304 404
a 18 15 364 464
a 18 16 223 323
a 18 17 180 280
a 18 19 206 306
a 18 20 353 453
a 18 21 320 420
a 18 22 390 490
a 18 23 494 594
a 18 24 452 552
a 18 25 492 592
a 18 26 269 369
a 18 27 150 250
a 18 28 212 312
a 18 29 440 540
a 18 30 282 382
a 18 31 162 262
a 18 32 326 426
a 18 33 351 451
a 18 34 474 574
a 18 35 497 597
a 18 36 269 369
a 18 37 200 300
a 18 38 380 480
a 18 39 488 588
a 18 40 250 350
a 18 41 396 496
a 18 42 282 382
a 18 43 371 471
a 18 44 275 375
a 18 45 141 241
a 18 46 196 296
a 18 47 200 300
a 18 48 138 238
a 18 49 313 413
a 18 50 278 378
a 18 51 158 258
a 19 1 282 382
a 19 2 474 574
a 19 3 427 527
a 19 4 565 665
a 19 5 300 400
a 19 6 316 416
a 19 7 111 211
a 19 8 177 277
a 19 9 400 500
a 19 10 150 250
a 19 11 70 170
a 19 12 430 530
a 19 13 380 480
a 19 14 500 600
a 19 15 570 670
a 19 16 403 503
a 19 17 316 416
a 19 18 206 306
a 19 20 304 404
a 19 21 500 600
a 19 22 583 683
a 19 23 680 780
a 19 24 559 659
a 19 25 640 740
a 19 26 424 524
a 19 27 282 382
a 19 28 347 447
a 19 29 522 622
a 19 30 250 350
a 19 31 178 278
a 19 32 219 319
a 19 33 388 488
a 19 34 502 602
a 19 35 482 582
a 19 36 130 230
a 19 37 403 503
a 19 38 559 659
a 19 39 657 757
a 19 40 430 530
a 19 41 594 694
a 19 42 488 588
a 19 43 575 675
a 19 44 461 561
a 19 45 237 337
a 19 46 176 276
a 19 47 80 180
a 19 48 82 182
a 19 49 120 220
a 19 50 345 445
a 19 51 320 420
a 20 1 164 264
a 20 2 490 590
a 20 3 223 323
a 20 4 460 560
a 20 5 460 560
a 20 6 403 503
a 20 7 291 391
a 20 8 413 513
a 20 9 111 211
a 20 10 158 258
a 20 11 250 350
a 20 12 304 404
a 20 13 427 527
a 20 14 626 726
a 20 15 618 718
a 20 16 570 670
a 20 17 531 631
a 20 18 353 453
a 20 19 304 404
a 20 21 450 550
a 20 22 550 650
a 20 23 608 708
a 20 24 360 460
a 20 25 492 592
a 20 26 350 450
a 20 27 269 369
a 20 28 282 382
a 20 29 298 398
a 20 30 70 170
a 20 31 191 291
a 20 32 107 207
a 20 33 152 252
a 20 34 223 323
a 20 35 180 280
a 20 36 432 532
a 20 37 514 614
a 20 38 721 821
a 20 39 550 650
a 20 40 403 503
a 20 41 580 680
a 20 42 570 670
a 20 43 657 757
a 20 44 612 712
a 20 45 474 574
a 20 46 462 562
a 20 47 380 480
a 20 48 345 445
a 20 49 391 491
a 20 50 181 281
a 20 51 316 416
a 21 1 292 392
a 21 2 104 204
a 21 3 269 369
a 21 4 100 200
a 21 5 316 416
a 21 6 223 323
a 21 7 390 490
a 21 8 418 518
a 21 9 412 512
a 21 10 427 527
a 21 11 514 614
a 21 12 158 258
a 21 13 158 258
a 21 14 316 416
a 21 15 212 312
a 21 16 350 450
a 21 17 412 512
a 21 18 320 420
a 21 19 500 600
a 21 20 450 550
a 21 22 100 200
a 21 23 180 280
a 21 24 250 350
a 21 25 200 300
a 21 26 100 200
a 21 27 223 323
a 21 28 174 274
a 21 29 290 390
a 21 30 403 503
a 21 31 349 449
a 21 32 500 600
a 21 33 329 429
a 21 34 403 503
a 21 35 484 584
a 21 36 587 687
a 21 37 250 350
a 21 38 427 527
a 21 39 170 270
a 21 40 70 170
a 21 41 133 233
a 21 42 224 324
a 21 43 278 378
a 21 44 345 445
a 21 45 429 529
a 21 46 513 613
a 21 47 516 616
a 21 48 452 552
a 21 49 618 718
a 21 50 270 370
a 21 51 180 280
a 22 1 392 492
a 22 2 122 222
a 22 3 364 464
a 22 4 141 241
a 22 5 360 460
a 22 6 282 382
a 22 7 471 571
a 22 8 481 581
a 22 9 509 609
a 22 10 522 622
a 22 11 604 704
a 22 12 254 354
a 22 13 212 312
a 22 14 300 400
a 22 15 158 258
a 22 16 364 464
a 22 17 447 547
a 22 18 390 490
a 22 19 583 683
a 22 20 550 650
a 22 21 100 200
a 22 23 111 211
a 22 24 320 420
a 22 25 223 323
a 22 26 200 300
a 22 27 316 416
a 22 28 272 372
a 22 29 372 472
a 22 30 502 602
a 22 31 442 542
a 22 32 598 698
a 22 33 427 527
a 22 34 492 592
a 22 35 578 678
a 22 36 659 759
a 22 37 269 369
a 22 38 403 503
a 22 39 151 251
a 22 40 158 258
a 22 41 42 142
a 22 42 210 310
a 22 43 230 330
a 22 44 342 442
a 22 45 480 580
a 22 46 573 673
a 22 47 590 690
a 22 48 528 628
a 22 49 698 798
a 22 50 370 470
a 22 51 269 369
a 23 1 461 561
a 23 2 233 333
a 23 3 400 500
a 23 4 150 250
a 23 5 471 571
a 23 6 390 490
a 23 7 570 670
a 23 8 588 688
a 23 9 550 650
a 23 10 604 704
a 23 11 694 794
a 23 12 304 404
a 23 13 320 420
a 23 14 403 503
a 23 15 250 350
a 23 16 474 574
a 23 17 559 659
a 23 18 494 594
a 23 19 680 780
a 23 20 608 708
a 23 21 180 280
a 23 22 111 211
a 23 24 316 416
a 23 25 180 280
a 23 26 269 369
a 23 27 403 503
a 23 28 349 449
a 23 29 380 480
a 23 30 570 670
a 23 31 527 627
a 23 32 670 770
a 23 33 470 570
a 23 34 509 609
a 23 35 605 705
a 23 36 763 863
a 23 37 380 480
a 23 38 500 600
a 23 39 86 186
a 23 40 250 350
a 23 41 131 231
a 23 42 317 417
a 23 43 320 420
a 23 44 449 549
a 23 45 590 690
a 23 46 682 782
a 23 47 693 793
a 23 48 630 730
a 23 49 798 898
a 23 50 427 527
a 23 51 360 460
a 24 1 277 377
a 24 2 349 449
a 24 3 141 241
a 24 4 180 280
a 24 5 502 602
a 24 6 403 503
a 24 7 474 574
a 24 8 555 655
a 24 9 269 369
a 24 10 430 530
a 24 11 540 640
a 24 12 150 250
a 24 13 364 464
a 24 14 559 659
a 24 15 460 560
a 24 16 570 670
a 24 17 602 702
a 24 18 452 552
a 24 19 559 659
a 24 20 360 460
a 24 21 250 350
a 24 22 320 420
a 24 23 316 416
a 24 25 150 250
a 24 26 206 306
a 24 27 304 404
a 24 28 240 340
a 24 29 70 170
a 24 30 353 453
a 24 31 380 480
a 24 32 453 553
a 24 33 208 308
a 24 34 200 300
a 24 35 300 400
a 24 36 677 777
a 24 37 474 574
a 24 38 670 770
a 24 39 235 335
a 24 40 269 369
a 24 41 362 462
a 24 42 470 570
a 24 43 528 628
a 24 44 579 679
a 24 45 590 690
a 24 46 643 743
a 24 47 607 707
a 24 48 547 647
a 24 49 676 776
a 24 50 216 316
a 24 51 300 400
a 25 1 376 476
a 25 2 301 401
a 25 3 269 369
a 25 4 100 200
a 25 5 509 609
a 25 6 412 512
a 25 7 540 640
a 25 8 596 696
a 25 9 412 512
a 25 10 531 631
a 25 11 636 736
a 25 12 212 312
a 25 13 353 453
a 25 14 509 609
a 25 15 380 480
a 25 16 550 650
a 25 17 608 708
a 25 18 492 592
a 25 19 640 740
a 25 20 492 592
a 25 21 200 300
a 25 22 223 323
a 25 23 180 280
a 25 24 150 250
a 25 26 223 323
a 25 27 360 460
a 25 28 294 394
a 25 29 220 320
a 25 30 471 571
a 25 31 466 566
a 25 32 574 674
a 25 33 341 441
a 25 34 350 450
a 25 35 450 550
a 25 36 746 846
a 25 37 450 550
a 25 38 618 718
a 25 39 94 194
a 25 40 254 354
a 25 41 264 364
a 25 42 417 517
a 25 43 453 553
a 25 44 543 643
a 25 45 616 716
a 25 46 689 789
a 25 47 674 774
a 25 48 610 710
a 25 49 760 860
a 25 50 324 424
a 25 51 335 435
a 26 1 194 294
a 26 2 164 264
a 26 3 180 280
a 26 4 141 241
a 26 5 300 400
a 26 6 200 300
a 26 7 320 420
a 26 8 373 473
a 26 9 316 416
a 26 10 335 435
a 26 11 430 530
a 26 12 70 170
a 26 13 158 258
a 26 14 360 460
a 26 15 291 391
a 26 16 364 464
a 26 17 400 500
a 26 18 269 369
a 26 19 424 524
a 26 20 350 450
a 26 21 100 200
a 26 22 200 300
a 26 23 269 369
a 26 24 206 306
a 26 25 223 323
a 26 27 141 241
a 26 28 80 180
a 26 29 224 324
a 26 30 304 404
a 26 31 260 360
a 26 32 402 502
a 26 33 234 334
a 26 34 320 420
a 26 35 393 493
a 26 36 524 624
a 26 37 269 369
a 26 38 471 571
a 26 39 234 334
a 26 40 70 170
a 26 41 231 331
a 26 42 276 376
a 26 43 348 448
a 26 44 375 475
a 26 45 398 498
a 26 46 466 566
a 26 47 452 552
a 26 48 388 488
a 26 49 544 644
a 26 50 171 271
a 26 51 111 211
a 27 1 108 208
a 27 2 230 330
a 27 3 206 306
a 27 4 282 382
a 27 5 223 323
a 27 6 141 241
a 27 7 180 280
a 27 8 251 351
a 27 9 282 382
a 27 10 206 306
a 27 11 291 391
a 27 12 158 258
a 27 13 158 258
a 27 14 360 460
a 27 15 353 453
a 27 16 320 420
a 27 17 316 416
a 27 18 150 250
a 27 19 282 382
a 27 20 269 369
a 27 21 223 323
a 27 22 316 416
a 27 23 403 503
a 27 24 304 404
a 27 25 360 460
a 27 26 141 241
a 27 28 67 167
a 27 29 290 390
a 27 30 206 306
a 27 31 126 226
a 27 32 290 390
a 27 33 216 316
a 27 34 335 435
a 27 35 375 475
a 27 36 385 485
a 27 37 250 350
a 27 38 460 560
a 27 39 375 475
a 27 40 158 258
a 27 41 337 437
a 27 42 300 400
a 27 43 388 488
a 27 44 353 453
a 27 45 290 390
a 27 46 339 439
a 27 47 313 413
a 27 48 250 350
a 27 49 403 503
a 27 50 138 238
a 27 51 50 150
a 28 1 120 220
a 28 2 208 308
a 28 3 161 261
a 28 4 220 320
a 28 5 269 369
a 28 6 174 274
a 28 7 246 346
a 28 8 315 415
a 28 9 269 369
a 28 10 254 354
a 28 11 350 450
a 28 12 92 192
a 28 13 162 262
a 28 14 374 474
a 28 15 338 438
a 28 16 353 453
a 28 17 366 466
a 28 18 212 312
a 28 19 347 447
a 28 20 282 382
a 28 21 174 274
a 28 22 272 372
a 28 23 349 449
a 28 24 240 340
a 28 25 294 394
a 28 26 80 180
a 28 27 67 167
a 28 29 235 335
a 28 30 230 330
a 28 31 180 280
a 28 32 325 425
a 28 33 192 292
a 28 34 300 400
a 28 35 356 456
a 28 36 452 552
a 28 37 270 370
a 28 38 481 581
a 28 39 314 414
a 28 40 120 220
a 28 41 300 400
a 28 42 302 402
a 28 43 384 484
a 28 44 378 478
a 28 45 350 450
a 28 46 405 505
a 28 47 380 480
a 28 48 317 417
a 28 49 467 567
a 28 50 116 216
a 28 51 63 163
a 29 1 240 340
a 29 2 382 482
a 29 3 94 194
a 29 4 237 337
a 29 5 504 604
a 29 6 408 508
a 29 7 447 547
a 29 8 540 640
a 29 9 201 301
a 29 10 384 484
a 29 11 496 596
a 29 12 156 256
a 29 13 380 480
a 29 14 585 685
a 29 15 502 602
a 29 16 583 683
a 29 17 602 702
a 29 18 440 540
a 29 19 522 622
a 29 20 298 398
a 29 21 290 390
a 29 22 372 472
a 29 23 380 480
a 29 24 70 170
a 29 25 220 320
a 29 26 224 324
a 29 27 290 390
a 29 28 235 335
a 29 30 300 400
a 29 31 344 444
a 29 32 396 496
a 29 33 148 248
a 29 34 130 230
a 29 35 230 330
a 29 36 645 745
a 29 37 491 591
a 29 38 696 796
a 29 39 302 402
a 29 40 294 394
a 29 41 413 513
a 29 42 500 600
a 29 43 565 665
a 29 44 599 699
a 29 45 581 681
a 29 46 622 722
a 29 47 577 677
a 29 48 519 619
a 29 49 635 735
a 29 50 177 277
a 29 51 298 398
a 30 1 110 210
a 30 2 432 532
a 30 3 212 312
a 30 4 427 527
a 30 5 390 490
a 30 6 335 435
a 30 7 223 323
a 30 8 344 444
a 30 9 150 250
a 30 10 100 200
a 30 11 206 306
a 30 12 269 369
a 30 13 364 464
a 30 14 559 659
a 30 15 559 659
a 30 16 500 600
a 30 17 460 560
a 30 18 282 382
a 30 19 250 350
a 30 20 70 170
a 30 21 403 503
a 30 22 502 602
a 30 23 570 670
a 30 24 353 453
a 30 25 471 571
a 30 26 304 404
a 30 27 206 306
a 30 28 230 330
a 30 29 300 400
a 30 31 120 220
a 30 32 102 202
a 30 33 152 252
a 30 34 254 354
a 30 35 235 335
a 30 36 380 480
a 30 37 447 547
a 30 38 651 751
a 30 39 520 620
a 30 40 350 450
a 30 41 530 630
a 30 42 505 605
a 30 43 594 694
a 30 44 543 643
a 30 45 404 504
a 30 46 398 498
a 30 47 322 422
a 30 48 281 381
a 30 49 349 449
a 30 50 147 247
a 30 51 254 354
a 31 1 104 204
a 31 2 352 452
a 31 3 250 350
a 31 4 400 500
a 31 5 272 372
a 31 6 228 328
a 31 7 111 211
a 31 8 228 328
a 31 9 252 352
a 31 10 80 180
a 31 11 170 270
a 31 12 254 354
a 31 13 270 370
a 31 14 449 549
a 31 15 470 570
a 31 16 382 482
a 31 17 340 440
a 31 18 162 262
a 31 19 178 278
a 31 20 191 291
a 31 21 349 449
a 31 22 442 542
a 31 23 527 627
a 31 24 380 480
a 31 25 466 566
a 31 26 260 360
a 31 27 126 226
a 31 28 180 280
a 31 29 344 444
a 31 30 120 220
a 31 32 174 274
a 31 33 220 320
a 31 34 341 441
a 31 35 345 445
a 31 36 300 400
a 31 37 338 438
a 31 38 537 637
a 31 39 494 594
a 31 40 284 384
a 31 41 463 563
a 31 42 406 506
a 31 43 496 596
a 31 44 429 529
a 31 45 286 386
a 31 46 292 392
a 31 47 233 333
a 31 48 180 280
a 31 49 296 396
a 31 50 167 267
a 31 51 174 274
a 32 1 208 308
a 32 2 520 620
a 32 3 312 412
a 32 4 529 629
a 32 5 438 538
a 32 6 402 502
a 32 7 242 342
a 32 8 360 460
a 32 9 219 319
a 32 10 102 202
a 32 11 155 255
a 32 12 371 471
a 32 13 442 542
a 32 14 622 722
a 32 15 641 741
a 32 16 550 650
a 32 17 492 592
a 32 18 326 426
a 32 19 219 319
a 32 20 107 207
a 32 21 500 600
a 32 22 598 698
a 32 23 670 770
a 32 24 453 553
a 32 25 574 674
a 32 26 402 502
a 32 27 290 390
a 32 28 325 425
a 32 29 396 496
a 32 30 102 202
a 32 31 174 274
a 32 33 247 347
a 32 34 331 431
a 32 35 282 382
a 32 36 342 442
a 32 37 512 612
a 32 38 706 806
a 32 39 622 722
a 32 40 442 542
a 32 41 623 723
a 32 42 580 680
a 32 43 670 770
a 32 44 600 700
a 32 45 424 524
a 32 46 391 491
a 32 47 299 399
a 32 48 278 378
a 32 49 290 390
a 32 50 250 350
a 32 51 340 440
a 33 1 123 223
a 33 2 393 493
a 33 3 72 172
a 33 4 320 420
a 33 5 439 539
a 33 6 356 456
a 33 7 330 430
a 33 8 439 539
a 33 9 82 182
a 33 10 243 343
a 33 11 354 454
a 33 12 172 272
a 33 13 354 454
a 33 14 566 666
a 33 15 523 623
a 33 16 536 636
a 33 17 528 628
a 33 18 351 451
a 33 19 388 488
a 33 20 152 252
a 33 21 329 429
a 33 22 427 527
a 33 23 470 570
a 33 24 208 308
a 33 25 341 441
a 33 26 234 334
a 33 27 216 316
a 33 28 192 292
a 33 29 148 248
a 33 30 152 252
a 33 31 220 320
a 33 32 247 347
a 33 34 123 223
a 33 35 164 264
a 33 36 516 616
a 33 37 459 559
a 33 38 671 771
a 33 39 406 506
a 33 40 299 399
a 33 41 463 563
a 33 42 494 594
a 33 43 574 674
a 33 44 566 666
a 33 45 490 590
a 33 46 511 611
a 33 47 451 551
a 33 48 400 500
a 33 49 496 596
a 33 50 78 178
a 33 51 247 347
a 34 1 247 347
a 34 2 484 584
a 34 3 141 241
a 34 4 364 464
a 34 5 559 659
a 34 6 471 571
a 34 7 452 552
a 34 8 562 662
a 34 9 111 211
a 34 10 353 453
a 34 11 460 560
a 34 12 250 350
a 34 13 460 560
a 34 14 672 772
a 34 15 610 710
a 34 16 651 751
a 34 17 650 750
a 34 18 474 574
a 34 19 502 602
a 34 20 223 323
a 34 21 403 503
a 34 22 492 592
a 34 23 509 609
a 34 24 200 300
a 34 25 350 450
a 34 26 320 420
a 34 27 335 435
a 34 28 300 400
a 34 29 130 230
a 34 30 254 354
a 34 31 341 441
a 34 32 331 431
a 34 33 123 223
a 34 35 101 201
a 34 36 631 731
a 34 37 570 670
a 34 38 781 881
a 34 39 432 532
a 34 40 390 490
a 34 41 532 632
a 34 42 594 694
a 34 43 668 768
a 34 44 678 778
a 34 45 614 714
a 34 46 633 733
a 34 47 570 670
a 34 48 520 620
a 34 49 604 704
a 34 50 196 296
a 34 51 360 460
a 35 1 272 372
a 35 2 555 655
a 35 3 215 315
a 35 4 457 557
a 35 5 594 694
a 35 6 516 616
a 35 7 455 555
a 35 8 573 673
a 35 9 94 194
a 35 10 333 433
a 35 11 430 530
a 35 12 326 426
a 35 13 518 618
a 35 14 730 830
a 35 15 684 784
a 35 16 695 795
a 35 17 677 777
a 35 18 497 597
a 35 19 482 582
a 35 20 180 280
a 35 21 484 584
a 35 22 578 678
a 35 23 605 705
a 35 24 300 400
a 35 25 450 550
a 35 26 393 493
a 35 27 375 475
a 35 28 356 456
a 35 29 230 330
a 35 30 235 335
a 35 31 345 445
a 35 32 282 382
a 35 33 164 264
a 35 34 101 201
a 35 36 612 712
a 35 37 622 722
a 35 38 834 934
a 35 39 530 630
a 35 40 461 561
a 35 41 616 716
a 35 42 658 758
a 35 43 737 837
a 35 44 728 828
a 35 45 630 730
a 35 46 633 733
a 35 47 557 657
a 35 48 516 616
a 35 49 570 670
a 35 50 240 340
a 35 51 410 510
a 36 1 405 505
a 36 2 542 642
a 36 3 550 650
a 36 4 664 764
a 36 5 326 426
a 36 6 378 478
a 36 7 205 305
a 36 8 187 287
a 36 9 530 630
a 36 10 280 380
a 36 11 186 286
a 36 12 541 641
a 36 13 448 548
a 36 14 516 616
a 36 15 617 717
a 36 16 407 507
a 36 17 301 401
a 36 18 269 369
a 36 19 130 230
a 36 20 432 532
a 36 21 587 687
a 36 22 659 759
a 36 23 763 863
a 36 24 677 777
a 36 25 746 846
a 36 26 524 624
a 36 27 385 485
a 36 28 452 552
a 36 29 645 745
a 36 30 380 480
a 36 31 300 400
a 36 32 342 442
a 36 33 516 616
a 36 34 631 731
a 36 35 612 712
a 36 37 438 538
a 36 38 550 650
a 36 39 752 852
a 36 40 516 616
a 36 41 664 764
a 36 42 528 628
a 36 43 607 707
a 36 44 468 568
a 36 45 223 323
a 36 46 120 220
a 36 47 72 172
a 36 48 136 236
a 36 49 89 189
a 36 50 468 568
a 36 51 414 514
a 37 1 358 458
a 37 2 152 252
a 37 3 430 530
a 37 4 350 450
a 37 5 111 211
a 37 6 111 211
a 37 7 300 400
a 37 8 250 350
a 37 9 531 631
a 37 10 412 512
a 37 11 450 550
a 37 12 335 435
a 37 13 111 211
a 37 14 111 211
a 37 15 180 280
a 37 16 100 200
a 37 17 180 280
a 37 18 200 300
a 37 19 403 503
a 37 20 514 614
a 37 21 250 350
a 37 22 269 369
a 37 23 380 480
a 37 24 474 574
a 37 25 450 550
a 37 26 269 369
a 37 27 250 350
a 37 28 270 370
a 37 29 491 591
a 37 30 447 547
a 37 31 338 438
a 37 32 512 612
a 37 33 459 559
a 37 34 570 670
a 37 35 622 722
a 37 36 438 538
a 37 38 212 312
a 37 39 407 507
a 37 40 206 306
a 37 41 255 355
a 37 42 89 189
a 37 43 172 272
a 37 44 108 208
a 37 45 228 328
a 37 46 332 432
a 37 47 379 479
a 37 48 327 427
a 37 49 500 600
a 37 50 381 481
a 37 51 212 312
a 38 1 568 668
a 38 2 323 423
a 38 3 640 740
a 38 4 522 622
a 38 5 269 369
a 38 6 320 420
a 38 7 474 574
a 38 8 383 483
a 38 9 743 843
a 38 10 604 704
a 38 11 618 718
a 38 12 540 640
a 38 13 320 420
a 38 14 111 211
a 38 15 250 350
a 38 16 158 258
a 38 17 250 350
a 38 18 380 480
a 38 19 559 659
a 38 20 721 821
a 38 21 427 527
a 38 22 403 503
a 38 23 500 600
a 38 24 670 770
a 38 25 618 718
a 38 26 471 571
a 38 27 460 560
a 38 28 481 581
a 38 29 696 796
a 38 30 651 751
a 38 31 537 637
a 38 32 706 806
a 38 33 671 771
a 38 34 781 881
a 38 35 834 934
a 38 36 550 650
a 38 37 212 312
a 38 39 554 654
a 38 40 403 503
a 38 41 370 470
a 38 42 202 302
a 38 43 181 281
a 38 44 108 208
a 38 45 330 430
a 38 46 431 531
a 38 47 510 610
a 38 48 476 576
a 38 49 630 730
a 38 50 593 693
a 38 51 424 524
a 39 1 415 515
a 39 2 254 354
a 39 3 333 433
a 39 4 94 194
a 39 5 484 584
a 39 6 393 493
a 39 7 551 651
a 39 8 588 688
a 39 9 482 582
a 39 10 566 666
a 39 11 664 764
a 39 12 250 350
a 39 13 326 426
a 39 14 450 550
a 39 15 308 408
a 39 16 506 606
a 39 17 578 678
a 39 18 488 588
a 39 19 657 757
a 39 20 550 650
a 39 21 170 270
a 39 22 151 251
a 39 23 86 186
a 39 24 235 335
a 39 25 94 194
a 39 26 234 334
a 39 27 375 475
a 39 28 314 414
a 39 29 302 402
a 39 30 520 620
a 39 31 494 594
a 39 32 622 722
a 39 33 406 506
a 39 34 432 532
a 39 35 530 630
a 39 36 752 852
a 39 37 407 507
a 39 38 554 654
a 39 40 238 338
a 39 41 186 286
a 39 42 360 460
a 39 43 380 480
a 39 44 490 590
a 39 45 599 699
a 39 46 682 782
a 39 47 681 781
a 39 48 617 717
a 39 49 777 877
a 39 50 373 473
a 39 51 339 439
a 40 1 240 340
a 40 2 94 194
a 40 3 250 350
a 40 4 158 258
a 40 5 254 354
a 40 6 158 258
a 40 7 320 420
a 40 8 349 449
a 40 9 380 480
a 40 10 364 464
a 40 11 447 547
a 40 12 141 241
a 40 13 100 200
a 40 14 291 391
a 40 15 223 323
a 40 16 304 404
a 40 17 353 453
a 40 18 250 350
a 40 19 430 530
a 40 20 403 503
a 40 21 70 170
a 40 22 158 258
a 40 23 250 350
a 40 24 269 369
a 40 25 254 354
a 40 26 70 170
a 40 27 158 258
a 40 28 120 220
a 40 29 294 394
a 40 30 350 450
a 40 31 284 384
a 40 32 442 542
a 40 33 299 399
a 40 34 390 490
a 40 35 461 561
a 40 36 516 616
a 40 37 206 306
a 40 38 403 503
a 40 39 238 338
a 40 41 181 281
a 40 42 206 306
a 40 43 278 378
a 40 44 310 410
a 40 45 364 464
a 40 46 444 544
a 40 47 445 545
a 40 48 381 481
a 40 49 548 648
a 40 50 230 330
a 40 51 111 211
a 41 1 420 520
a 41 2 122 222
a 41 3 401 501
a 41 4 183 283
a 41 5 354 454
a 41 6 286 386
a 41 7 483 583
a 41 8 481 581
a 41 9 545 645
a 41 10 543 643
a 41 11 620 720
a 41 12 291 391
a 41 13 216 316
a 41 14 271 371
a 41 15 121 221
a 41 16 345 445
a 41 17 435 535
a 41 18 396 496
a 41 19 594 694
a 41 20 580 680
a 41 21 133 233
a 41 22 42 142
a 41 23 131 231
a 41 24 362 462
a 41 25 264 364
a 41 26 231 331
a 41 27 337 437
a 41 28 300 400
a 41 29 413 513
a 41 30 530 630
a 41 31 463 563
a 41 32 623 723
a 41 33 463 563
a 41 34 532 632
a 41 35 616 716
a 41 36 664 764
a 41 37 255 355
a 41 38 370 470
a 41 39 186 286
a 41 40 181 281
a 41 42 186 286
a 41 43 194 294
a 41 44 317 417
a 41 45 475 575
a 41 46 572 672
a 41 47 596 696
a 41 48 535 635
a 41 49 708 808
a 41 50 403 503
a 41 51 288 388
a 42 1 407 507
a 42 2 120 220
a 42 3 452 552
a 42 4 320 420
a 42 5 201 301
a 42 6 180 280
a 42 7 382 482
a 42 8 340 440
a 42 9 571 671
a 42 10 483 583
a 42 11 531 631
a 42 12 347 447
a 42 13 143 243
a 42 14 92 192
a 42 15 92 192
a 42 16 161 261
a 42 17 261 361
a 42 18 282 382
a 42 19 488 588
a 42 20 570 670
a 42 21 224 324
a 42 22 210 310
a 42 23 317 417
a 42 24 470 570
a 42 25 417 517
a 42 26 276 376
a 42 27 300 400
a 42 28 302 402
a 42 29 500 600
a 42 30 505 605
a 42 31 406 506
a 42 32 580 680
a 42 33 494 594
a 42 34 594 694
a 42 35 658 758
a 42 36 528 628
a 42 37 89 189
a 42 38 202 302
a 42 39 360 460
a 42 40 206 306
a 42 41 186 286
a 42 43 90 190
a 42 44 131 231
a 42 45 316 416
a 42 46 421 521
a 42 47 468 568
a 42 48 414 514
a 42 49 588 688
a 42 50 418 518
a 42 51 254 354
a 43 1 493 593
a 43 2 184 284
a 43 3 528 628
a 43 4 362 462
a 43 5 281 381
a 43 6 270 370
a 43 7 470 570
a 43 8 420 520
a 43 9 653 753
a 43 10 574 674
a 43 11 620 720
a 43 12 418 518
a 43 13 230 330
a 43 14 106 206
a 43 15 72 172
a 43 16 214 314
a 43 17 324 424
a 43 18 371 471
a 43 19 575 675
a 43 20 657 757
a 43 21 278 378
a 43 22 230 330
a 43 23 320 420
a 43 24 528 628
a 43 25 453 553
a 43 26 348 448
a 43 27 388 488
a 43 28 384 484
a 43 29 565 665
a 43 30 594 694
a 43 31 496 596
a 43 32 670 770
a 43 33 574 674
a 43 34 668 768
a 43 35 737 837
a 43 36 607 707
a 43 37 172 272
a 43 38 181 281
a 43 39 380 480
a 43 40 278 378
a 43 41 194 294
a 43 42 90 190
a 43 44 162 262
a 43 45 389 489
a 43 46 496 596
a 43 47 550 650
a 43 48 500 600
a 43 49 671 771
a 43 50 501 601
a 43 51 341 441
a 44 1 460 560
a 44 2 241 341
a 44 3 538 638
a 44 4 444 544
a 44 5 164 264
a 44 6 212 312
a 44 7 371 471
a 44 8 290 390
a 44 9 636 736
a 44 10 497 597
a 44 11 517 617
a 44 12 442 542
a 44 13 219 319
a 44 14 56 156
a 44 15 210 310
a 44 16 60 160
a 44 17 170 270
a 44 18 275 375
a 44 19 461 561
a 44 20 612 712
a 44 21 345 445
a 44 22 342 442
a 44 23 449 549
a 44 24 579 679
a 44 25 543 643
a 44 26 375 475
a 44 27 353 453
a 44 28 378 478
a 44 29 599 699
a 44 30 543 643
a 44 31 429 529
a 44 32 600 700
a 44 33 566 666
a 44 34 678 778
a 44 35 728 828
a 44 36 468 568
a 44 37 108 208
a 44 38 108 208
a 44 39 490 590
a 44 40 310 410
a 44 41 317 417
a 44 42 131 231
a 44 43 162 262
a 44 45 245 345
a 44 46 351 451
a 44 47 421 521
a 44 48 380 480
a 44 49 542 642
a 44 50 488 588
a 44 51 318 418
a 45 1 366 466
a 45 2 358 458
a 45 3 494 594
a 45 4 522 622
a 45 5 120 220
a 45 6 206 306
a 45 7 184 284
a 45 8 64 164
a 45 9 537 637
a 45 10 325 425
a 45 11 304 404
a 45 12 441 541
a 45 13 272 372
a 45 14 294 394
a 45 15 408 508
a 45 16 184 284
a 45 17 80 180
a 45 18 141 241
a 45 19 237 337
a 45 20 474 574
a 45 21 429 529
a 45 22 480 580
a 45 23 590 690
a 45 24 590 690
a 45 25 616 716
a 45 26 398 498
a 45 27 290 390
a 45 28 350 450
a 45 29 581 681
a 45 30 404 504
a 45 31 286 386
a 45 32 424 524
a 45 33 490 590
a 45 34 614 714
a 45 35 630 730
a 45 36 223 323
a 45 37 228 328
a 45 38 330 430
a 45 39 599 699
a 45 40 364 464
a 45 41 475 575
a 45 42 316 416
a 45 43 389 489
a 45 44 245 345
a 45 46 107 207
a 45 47 181 281
a 45 48 156 256
a 45 49 300 400
a 45 50 419 519
a 45 51 291 391
a 46 1 390 490
a 46 2 452 552
a 46 3 530 630
a 46 4 599 699
a 46 5 222 322
a 46 6 292 392
a 46 7 181 281
a 46 8 94 194
a 46 9 543 643
a 46 10 304 404
a 46 11 247 347
a 46 12 497 597
a 46 13 362 462
a 46 14 401 501
a 46 15 513 613
a 46 16 291 391
a 46 17 182 282
a 46 18 196 296
a 46 19 176 276
a 46 20 462 562
a 46 21 513 613
a 46 22 573 673
a 46 23 682 782
a 46 24 643 743
a 46 25 689 789
a 46 26 466 566
a 46 27 339 439
a 46 28 405 505
a 46 29 622 722
a 46 30 398 498
a 46 31 292 392
a 46 32 391 491
a 46 33 511 611
a 46 34 633 733
a 46 35 633 733
a 46 36 120 220
a 46 37 332 432
a 46 38 431 531
a 46 39 682 782
a 46 40 444 544
a 46 41 572 672
a 46 42 421 521
a 46 43 496 596
a 46 44 351 451
a 46 45 107 207
a 46 47 100 200
a 46 48 117 217
a 46 49 203 303
a 46 50 450 550
a 46 51 354 454
a 47 1 337 437
a 47 2 474 574
a 47 3 482 582
a 47 4 592 692
a 47 5 269 369
a 47 6 310 410
a 47 7 134 234
a 47 8 131 231
a 47 9 471 571
a 47 10 223 323
a 47 11 150 250
a 47 12 469 569
a 47 13 380 480
a 47 14 465 565
a 47 15 555 655
a 47 16 360 460
a 47 17 261 361
a 47 18 200 300
a 47 19 80 180
a 47 20 380 480
a 47 21 516 616
a 47 22 590 690
a 47 23 693 793
a 47 24 607 707
a 47 25 674 774
a 47 26 452 552
a 47 27 313 413
a 47 28 380 480
a 47 29 577 677
a 47 30 322 422
a 47 31 233 333
a 47 32 299 399
a 47 33 451 551
a 47 34 570 670
a 47 35 557 657
a 47 36 72 172
a 47 37 379 479
a 47 38 510 610
a 47 39 681 781
a 47 40 445 545
a 47 41 596 696
a 47 42 468 568
a 47 43 550 650
a 47 44 421 521
a 47 45 181 281
a 47 46 100 200
a 47 48 64 164
a 47 49 121 221
a 47 50 400 500
a 47 51 342 442
a 48 1 281 381
a 48 2 413 513
a 48 3 425 525
a 48 4 528 628
a 48 5 220 320
a 48 6 250 350
a 48 7 72 172
a 48 8 94 194
a 48 9 427 527
a 48 10 187 287
a 48 11 147 247
a 48 12 407 507
a 48 13 319 419
a 48 14 420 520
a 48 15 499 599
a 48 16 321 421
a 48 17 234 334
a 48 18 138 238
a 48 19 82 182
a 48 20 345 445
a 48 21 452 552
a 48 22 528 628
a 48 23 630 730
a 48 24 547 647
a 48 25 610 710
a 48 26 388 488
a 48 27 250 350
a 48 28 317 417
a 48 29 519 619
a 48 30 281 381
a 48 31 180 280
a 48 32 278 378
a 48 33 400 500
a 48 34 520 620
a 48 35 516 616
a 48 36 136 236
a 48 37 327 427
a 48 38 476 576
a 48 39 617 717
a 48 40 381 481
a 48 41 535 635
a 48 42 414 514
a 48 43 500 600
a 48 44 380 480
a 48 45 156 256
a 48 46 117 217
a 48 47 64 164
a 48 49 174 274
a 48 50 343 443
a 48 51 278 378
a 49 1 398 498
a 49 2 586 686
a 49 3 541 641
a 49 4 685 785
a 49 5 390 490
a 49 6 424 524
a 49 7 228 328
a 49 8 253 353
a 49 9 496 596
a 49 10 252 352
a 49 11 143 243
a 49 12 550 650
a 49 13 492 592
a 49 14 586 686
a 49 15 674 774
a 49 16 481 581
a 49 17 380 480
a 49 18 313 413
a 49 19 120 220
a 49 20 391 491
a 49 21 618 718
a 49 22 698 798
a 49 23 798 898
a 49 24 676 776
a 49 25 760 860
a 49 26 544 644
a 49 27 403 503
a 49 28 467 567
a 49 29 635 735
a 49 30 349 449
a 49 31 296 396
a 49 32 290 390
a 49 33 496 596
a 49 34 604 704
a 49 35 570 670
a 49 36 89 189
a 49 37 500 600
a 49 38 630 730
a 49 39 777 877
a 49 40 548 648
a 49 41 708 808
a 49 42 588 688
a 49 43 671 771
a 49 44 542 642
a 49 45 300 400
a 49 46 203 303
a 49 47 121 221
a 49 48 174 274
a 49 50 460 560
a 49 51 439 539
a 50 1 63 163
a 50 2 323 423
a 50 3 82 182
a 50 4 281 381
a 50 5 362 462
a 50 6 278 378
a 50 7 271 371
a 50 8 372 472
a 50 9 152 252
a 50 10 214 314
a 50 11 324 424
a 50 12 123 223
a 50 13 278 378
a 50 14 489 589
a 50 15 453 553
a 50 16 458 558
a 50 17 453 553
a 50 18 278 378
a 50 19 345 445
a 50 20 181 281
a 50 21 270 370
a 50 22 370 470
a 50 23 427 527
a 50 24 216 316
a 50 25 324 424
a 50 26 171 271
a 50 27 138 238
a 50 28 116 216
a 50 29 177 277
a 50 30 147 247
a 50 31 167 267
a 50 32 250 350
a 50 33 78 178
a 50 34 196 296
a 50 35 240 340
a 50 36 468 568
a 50 37 381 481
a 50 38 593 693
a 50 39 373 473
a 50 40 230 330
a 50 41 403 503
a 50 42 418 518
a 50 43 501 601
a 50 44 488 588
a 50 45 419 519
a 50 46 450 550
a 50 47 400 500
a 50 48 343 443
a 50 49 460 560
a 50 51 169 269
