c vehicle routing problem with time windows
c solomon RC202_50
c
c problem vertices edges capacity
p vrptw 52 2550 1000
c
c vertex a b demand x y
v 0 0 9600 0 40 50
v 1 0 9110 20 25 85
v 2 0 9190 30 22 75
v 3 0 9100 10 22 85
v 4 6440 7640 40 20 80
v 5 0 9090 20 20 85
v 6 3880 5080 20 18 75
v 7 0 9140 20 15 75
v 8 3670 4870 10 15 80
v 9 3710 4910 20 10 35
v 10 5190 6390 30 10 40
v 11 1950 3150 40 8 40
v 12 0 9170 20 8 45
v 13 6530 7730 10 5 35
v 14 350 1550 10 5 45
v 15 1740 2940 20 2 40
v 16 2550 3750 20 0 40
v 17 7030 8230 20 0 45
v 18 3350 4550 20 44 5
v 19 2540 3740 40 42 10
v 20 5370 6570 10 42 15
v 21 0 9050 10 40 5
v 22 3750 4950 40 40 15
v 23 2010 3210 30 38 5
v 24 6810 8010 10 38 15
v 25 7840 9040 20 35 5
v 26 0 8910 30 95 30
v 27 1460 2660 20 95 35
v 28 1490 2690 10 92 30
v 29 1940 3140 10 90 35
v 30 2460 3660 10 88 30
v 31 0 8990 20 88 35
v 32 6210 7410 10 87 30
v 33 800 2000 10 85 25
v 34 0 9020 30 85 35
v 35 6570 7770 20 67 85
v 36 430 1630 40 65 85
v 37 0 9090 10 65 82
v 38 2780 3980 30 62 80
v 39 640 1840 10 60 80
v 40 3290 4490 30 60 85
v 41 3760 4960 20 58 75
v 42 330 1530 10 55 80
v 43 5740 6940 20 55 85
v 44 2170 3370 10 55 82
v 45 370 1570 10 20 82
v 46 4890 6090 10 18 80
v 47 1050 2250 10 2 45
v 48 0 9040 10 42 5
v 49 4400 5600 10 42 12
v 50 0 9140 30 72 35
v 51 0 9600 0 40 50
c
c source target cost time
a 0 1 380 380
a 0 2 308 308
a 0 3 393 393
a 0 4 360 360
a 0 5 403 403
a 0 6 333 333
a 0 7 353 353
a 0 8 390 390
a 0 9 335 335
a 0 10 316 316
a 0 11 335 335
a 0 12 323 323
a 0 13 380 380
a 0 14 353 353
a 0 15 392 392
a 0 16 412 412
a 0 17 403 403
a 0 18 451 451
a 0 19 400 400
a 0 20 350 350
a 0 21 450 450
a 0 22 350 350
a 0 23 450 450
a 0 24 350 350
a 0 25 452 452
a 0 26 585 585
a 0 27 570 570
a 0 28 557 557
a 0 29 522 522
a 0 30 520 520
a 0 31 502 502
a 0 32 510 510
a 0 33 514 514
a 0 34 474 474
a 0 35 442 442
a 0 36 430 430
a 0 37 406 406
a 0 38 372 372
a 0 39 360 360
a 0 40 403 403
a 0 41 308 308
a 0 42 335 335
a 0 43 380 380
a 0 44 353 353
a 0 45 377 377
a 0 46 372 372
a 0 47 383 383
a 0 48 450 450
a 0 49 380 380
a 0 50 353 353
a 1 2 104 204
a 1 3 30 130
a 1 4 70 170
a 1 5 50 150
a 1 6 122 222
a 1 7 141 241
a 1 8 111 211
a 1 9 522 622
a 1 10 474 574
a 1 11 481 581
a 1 12 434 534
a 1 13 538 638
a 1 14 447 547
a 1 15 505 605
a 1 16 514 614
a 1 17 471 571
a 1 18 822 922
a 1 19 769 869
a 1 20 720 820
a 1 21 813 913
a 1 22 715 815
a 1 23 810 910
a 1 24 711 811
a 1 25 806 906
a 1 26 890 990
a 1 27 860 960
a 1 28 866 966
a 1 29 820 920
a 1 30 836 936
a 1 31 804 904
a 1 32 828 928
a 1 33 848 948
a 1 34 781 881
a 1 35 420 520
a 1 36 400 500
a 1 37 401 501
a 1 38 373 473
a 1 39 353 453
a 1 40 350 450
a 1 41 344 444
a 1 42 304 404
a 1 43 300 400
a 1 44 301 401
a 1 45 58 158
a 1 46 86 186
a 1 47 461 561
a 1 48 817 917
a 1 49 749 849
a 1 50 686 786
a 1 51 380 480
a 2 1 104 204
a 2 3 100 200
a 2 4 53 153
a 2 5 101 201
a 2 6 40 140
a 2 7 70 170
a 2 8 86 186
a 2 9 417 517
a 2 10 370 470
a 2 11 376 476
a 2 12 331 431
a 2 13 434 534
a 2 14 344 444
a 2 15 403 503
a 2 16 413 513
a 2 17 372 472
a 2 18 733 833
a 2 19 680 780
a 2 20 632 732
a 2 21 722 822
a 2 22 626 726
a 2 23 718 818
a 2 24 620 720
a 2 25 711 811
a 2 26 857 957
a 2 27 832 932
a 2 28 832 932
a 2 29 788 888
a 2 30 798 898
a 2 31 771 871
a 2 32 790 890
a 2 33 804 904
a 2 34 746 846
a 2 35 460 560
a 2 36 441 541
a 2 37 435 535
a 2 38 403 503
a 2 39 383 483
a 2 40 392 492
a 2 41 360 460
a 2 42 333 433
a 2 43 344 444
a 2 44 337 437
a 2 45 72 172
a 2 46 64 164
a 2 47 360 460
a 2 48 728 828
a 2 49 660 760
a 2 50 640 740
a 2 51 308 408
a 3 1 30 130
a 3 2 100 200
a 3 4 53 153
a 3 5 20 120
a 3 6 107 207
a 3 7 122 222
a 3 8 86 186
a 3 9 514 614
a 3 10 465 565
a 3 11 471 571
a 3 12 423 523
a 3 13 528 628
a 3 14 434 534
a 3 15 492 592
a 3 16 500 600
a 3 17 456 556
a 3 18 829 929
a 3 19 776 876
a 3 20 728 828
a 3 21 820 920
a 3 22 722 822
a 3 23 815 915
a 3 24 718 818
a 3 25 810 910
a 3 26 914 1014
a 3 27 884 984
a 3 28 890 990
a 3 29 844 944
a 3 30 859 959
a 3 31 828 928
a 3 32 851 951
a 3 33 870 970
a 3 34 804 904
a 3 35 450 550
a 3 36 430 530
a 3 37 431 531
a 3 38 403 503
a 3 39 383 483
a 3 40 380 480
a 3 41 373 473
a 3 42 333 433
a 3 43 330 430
a 3 44 331 431
a 3 45 36 136
a 3 46 64 164
a 3 47 447 547
a 3 48 824 924
a 3 49 756 856
a 3 50 707 807
a 3 51 393 493
a 4 1 70 170
a 4 2 53 153
a 4 3 53 153
a 4 5 50 150
a 4 6 53 153
a 4 7 70 170
a 4 8 50 150
a 4 9 460 560
a 4 10 412 512
a 4 11 417 517
a 4 12 370 470
a 4 13 474 574
a 4 14 380 480
a 4 15 438 538
a 4 16 447 547
a 4 17 403 503
a 4 18 787 887
a 4 19 733 833
a 4 20 686 786
a 4 21 776 876
a 4 22 680 780
a 4 23 771 871
a 4 24 674 774
a 4 25 764 864
a 4 26 901 1001
a 4 27 874 974
a 4 28 876 976
a 4 29 832 932
a 4 30 844 944
a 4 31 815 915
a 4 32 836 936
a 4 33 851 951
a 4 34 790 890
a 4 35 472 572
a 4 36 452 552
a 4 37 450 550
a 4 38 420 520
a 4 39 400 500
a 4 40 403 503
a 4 41 383 483
a 4 42 350 450
a 4 43 353 453
a 4 44 350 450
a 4 45 20 120
a 4 46 20 120
a 4 47 393 493
a 4 48 781 881
a 4 49 714 814
a 4 50 687 787
a 4 51 360 460
a 5 1 50 150
a 5 2 101 201
a 5 3 20 120
a 5 4 50 150
a 5 6 101 201
a 5 7 111 211
a 5 8 70 170
a 5 9 509 609
a 5 10 460 560
a 5 11 465 565
a 5 12 417 517
a 5 13 522 622
a 5 14 427 527
a 5 15 484 584
a 5 16 492 592
a 5 17 447 547
a 5 18 835 935
a 5 19 781 881
a 5 20 733 833
a 5 21 824 924
a 5 22 728 828
a 5 23 820 920
a 5 24 722 822
a 5 25 813 913
a 5 26 930 1030
a 5 27 901 1001
a 5 28 906 1006
a 5 29 860 960
a 5 30 874 974
a 5 31 844 944
a 5 32 866 966
a 5 33 884 984
a 5 34 820 920
a 5 35 470 570
a 5 36 450 550
a 5 37 450 550
a 5 38 422 522
a 5 39 403 503
a 5 40 400 500
a 5 41 392 492
a 5 42 353 453
a 5 43 350 450
a 5 44 351 451
a 5 45 30 130
a 5 46 53 153
a 5 47 438 538
a 5 48 829 929
a 5 49 762 862
a 5 50 721 821
a 5 51 403 503
a 6 1 122 222
a 6 2 40 140
a 6 3 107 207
a 6 4 53 153
a 6 5 101 201
a 6 7 30 130
a 6 8 58 158
a 6 9 407 507
a 6 10 359 459
a 6 11 364 464
a 6 12 316 416
a 6 13 420 520
a 6 14 326 426
a 6 15 384 484
a 6 16 393 493
a 6 17 349 449
a 6 18 746 846
a 6 19 692 792
a 6 20 646 746
a 6 21 733 833
a 6 22 639 739
a 6 23 728 828
a 6 24 632 732
a 6 25 720 820
a 6 26 891 991
a 6 27 867 967
a 6 28 866 966
a 6 29 823 923
a 6 30 832 932
a 6 31 806 906
a 6 32 823 923
a 6 33 836 936
a 6 34 780 880
a 6 35 500 600
a 6 36 480 580
a 6 37 475 575
a 6 38 442 542
a 6 39 422 522
a 6 40 431 531
a 6 41 400 500
a 6 42 373 473
a 6 43 383 483
a 6 44 376 476
a 6 45 72 172
a 6 46 50 150
a 6 47 340 440
a 6 48 740 840
a 6 49 674 774
a 6 50 672 772
a 6 51 333 433
a 7 1 141 241
a 7 2 70 170
a 7 3 122 222
a 7 4 70 170
a 7 5 111 211
a 7 6 30 130
a 7 8 50 150
a 7 9 403 503
a 7 10 353 453
a 7 11 356 456
a 7 12 308 408
a 7 13 412 512
a 7 14 316 416
a 7 15 373 473
a 7 16 380 480
a 7 17 335 435
a 7 18 757 857
a 7 19 703 803
a 7 20 657 757
a 7 21 743 843
a 7 22 650 750
a 7 23 736 836
a 7 24 642 742
a 7 25 728 828
a 7 26 917 1017
a 7 27 894 994
a 7 28 891 991
a 7 29 850 950
a 7 30 857 957
a 7 31 832 932
a 7 32 849 949
a 7 33 860 960
a 7 34 806 906
a 7 35 529 629
a 7 36 509 609
a 7 37 504 604
a 7 38 472 572
a 7 39 452 552
a 7 40 460 560
a 7 41 430 530
a 7 42 403 503
a 7 43 412 512
a 7 44 406 506
a 7 45 86 186
a 7 46 58 158
a 7 47 326 426
a 7 48 750 850
a 7 49 685 785
a 7 50 696 796
a 7 51 353 453
a 8 1 111 211
a 8 2 86 186
a 8 3 86 186
a 8 4 50 150
a 8 5 70 170
a 8 6 58 158
a 8 7 50 150
a 8 9 452 552
a 8 10 403 503
a 8 11 406 506
a 8 12 356 456
a 8 13 460 560
a 8 14 364 464
a 8 15 420 520
a 8 16 427 527
a 8 17 380 480
a 8 18 804 904
a 8 19 750 850
a 8 20 703 803
a 8 21 790 890
a 8 22 696 796
a 8 23 784 884
a 8 24 689 789
a 8 25 776 876
a 8 26 943 1043
a 8 27 917 1017
a 8 28 918 1018
a 8 29 874 974
a 8 30 884 984
a 8 31 857 957
a 8 32 876 976
a 8 33 890 990
a 8 34 832 932
a 8 35 522 622
a 8 36 502 602
a 8 37 500 600
a 8 38 470 570
a 8 39 450 550
a 8 40 452 552
a 8 41 432 532
a 8 42 400 500
a 8 43 403 503
a 8 44 400 500
a 8 45 53 153
a 8 46 30 130
a 8 47 373 473
a 8 48 797 897
a 8 49 731 831
a 8 50 726 826
a 8 51 390 490
a 9 1 522 622
a 9 2 417 517
a 9 3 514 614
a 9 4 460 560
a 9 5 509 609
a 9 6 407 507
a 9 7 403 503
a 9 8 452 552
a 9 10 50 150
a 9 11 53 153
a 9 12 101 201
a 9 13 50 150
a 9 14 111 211
a 9 15 94 194
a 9 16 111 211
a 9 17 141 241
a 9 18 453 553
a 9 19 406 506
a 9 20 377 477
a 9 21 424 524
a 9 22 360 460
a 9 23 410 510
a 9 24 344 444
a 9 25 390 490
a 9 26 851 951
a 9 27 850 950
a 9 28 821 921
a 9 29 800 900
a 9 30 781 881
a 9 31 780 880
a 9 32 771 871
a 9 33 756 856
a 9 34 750 850
a 9 35 758 858
a 9 36 743 843
a 9 37 723 823
a 9 38 687 787
a 9 39 672 772
a 9 40 707 807
a 9 41 624 724
a 9 42 636 736
a 9 43 672 772
a 9 44 650 750
a 9 45 480 580
a 9 46 457 557
a 9 47 128 228
a 9 48 438 538
a 9 49 394 494
a 9 50 620 720
a 9 51 335 435
a 10 1 474 574
a 10 2 370 470
a 10 3 465 565
a 10 4 412 512
a 10 5 460 560
a 10 6 359 459
a 10 7 353 453
a 10 8 403 503
a 10 9 50 150
a 10 11 20 120
a 10 12 53 153
a 10 13 70 170
a 10 14 70 170
a 10 15 80 180
a 10 16 100 200
a 10 17 111 211
a 10 18 487 587
a 10 19 438 538
a 10 20 406 506
a 10 21 460 560
a 10 22 390 490
a 10 23 448 548
a 10 24 375 475
a 10 25 430 530
a 10 26 855 955
a 10 27 851 951
a 10 28 826 926
a 10 29 801 901
a 10 30 786 886
a 10 31 781 881
a 10 32 776 876
a 10 33 764 864
a 10 34 751 851
a 10 35 726 826
a 10 36 710 810
a 10 37 692 792
a 10 38 656 756
a 10 39 640 740
a 10 40 672 772
a 10 41 594 694
a 10 42 602 702
a 10 43 636 736
a 10 44 615 715
a 10 45 431 531
a 10 46 407 507
a 10 47 94 194
a 10 48 474 574
a 10 49 425 525
a 10 50 622 722
a 10 51 316 416
a 11 1 481 581
a 11 2 376 476
a 11 3 471 571
a 11 4 417 517
a 11 5 465 565
a 11 6 364 464
a 11 7 356 456
a 11 8 406 506
a 11 9 53 153
a 11 10 20 120
a 11 12 50 150
a 11 13 58 158
a 11 14 58 158
a 11 15 60 160
a 11 16 80 180
a 11 17 94 194
a 11 18 502 602
a 11 19 453 553
a 11 20 422 522
a 11 21 474 574
a 11 22 406 506
a 11 23 460 560
a 11 24 390 490
a 11 25 442 542
a 11 26 875 975
a 11 27 871 971
a 11 28 845 945
a 11 29 821 921
a 11 30 806 906
a 11 31 801 901
a 11 32 796 896
a 11 33 784 884
a 11 34 771 871
a 11 35 742 842
a 11 36 726 826
a 11 37 708 808
a 11 38 672 772
a 11 39 656 756
a 11 40 687 787
a 11 41 610 710
a 11 42 617 717
a 11 43 650 750
a 11 44 630 730
a 11 45 436 536
a 11 46 412 512
a 11 47 78 178
a 11 48 487 587
a 11 49 440 540
a 11 50 641 741
a 11 51 335 435
a 12 1 434 534
a 12 2 331 431
a 12 3 423 523
a 12 4 370 470
a 12 5 417 517
a 12 6 316 416
a 12 7 308 408
a 12 8 356 456
a 12 9 101 201
a 12 10 53 153
a 12 11 50 150
a 12 13 104 204
a 12 14 30 130
a 12 15 78 178
a 12 16 94 194
a 12 17 80 180
a 12 18 538 638
a 12 19 487 587
a 12 20 453 553
a 12 21 512 612
a 12 22 438 538
a 12 23 500 600
a 12 24 424 524
a 12 25 482 582
a 12 26 882 982
a 12 27 875 975
a 12 28 853 953
a 12 29 826 926
a 12 30 813 913
a 12 31 806 906
a 12 32 804 904
a 12 33 795 895
a 12 34 776 876
a 12 35 712 812
a 12 36 696 796
a 12 37 679 779
a 12 38 643 743
a 12 39 626 726
a 12 40 656 756
a 12 41 583 683
a 12 42 586 686
a 12 43 617 717
a 12 44 598 698
a 12 45 388 488
a 12 46 364 464
a 12 47 60 160
a 12 48 524 624
a 12 49 473 573
a 12 50 647 747
a 12 51 323 423
a 13 1 538 638
a 13 2 434 534
a 13 3 528 628
a 13 4 474 574
a 13 5 522 622
a 13 6 420 520
a 13 7 412 512
a 13 8 460 560
a 13 9 50 150
a 13 10 70 170
a 13 11 58 158
a 13 12 104 204
a 13 14 100 200
a 13 15 58 158
a 13 16 70 170
a 13 17 111 211
a 13 18 492 592
a 13 19 446 546
a 13 20 420 520
a 13 21 460 560
a 13 22 403 503
a 13 23 445 545
a 13 24 385 485
a 13 25 424 524
a 13 26 901 1001
a 13 27 900 1000
a 13 28 871 971
a 13 29 850 950
a 13 30 831 931
a 13 31 830 930
a 13 32 821 921
a 13 33 806 906
a 13 34 800 900
a 13 35 796 896
a 13 36 781 881
a 13 37 762 862
a 13 38 726 826
a 13 39 710 810
a 13 40 743 843
a 13 41 664 764
a 13 42 672 772
a 13 43 707 807
a 13 44 686 786
a 13 45 493 593
a 13 46 468 568
a 13 47 104 204
a 13 48 476 576
a 13 49 435 535
a 13 50 670 770
a 13 51 380 480
a 14 1 447 547
a 14 2 344 444
a 14 3 434 534
a 14 4 380 480
a 14 5 427 527
a 14 6 326 426
a 14 7 316 416
a 14 8 364 464
a 14 9 111 211
a 14 10 70 170
a 14 11 58 158
a 14 12 30 130
a 14 13 100 200
a 14 15 58 158
a 14 16 70 170
a 14 17 50 150
a 14 18 558 658
a 14 19 509 609
a 14 20 476 576
a 14 21 531 631
a 14 22 460 560
a 14 23 518 618
a 14 24 445 545
a 14 25 500 600
a 14 26 912 1012
a 14 27 905 1005
a 14 28 882 982
a 14 29 855 955
a 14 30 843 943
a 14 31 836 936
a 14 32 833 933
a 14 33 824 924
a 14 34 806 906
a 14 35 737 837
a 14 36 721 821
a 14 37 704 804
a 14 38 668 768
a 14 39 651 751
a 14 40 680 780
a 14 41 609 709
a 14 42 610 710
a 14 43 640 740
a 14 44 622 722
a 14 45 399 499
a 14 46 373 473
a 14 47 30 130
a 14 48 544 644
a 14 49 495 595
a 14 50 677 777
a 14 51 353 453
a 15 1 505 605
a 15 2 403 503
a 15 3 492 592
a 15 4 438 538
a 15 5 484 584
a 15 6 384 484
a 15 7 373 473
a 15 8 420 520
a 15 9 94 194
a 15 10 80 180
a 15 11 60 160
a 15 12 78 178
a 15 13 58 158
a 15 14 58 158
a 15 16 20 120
a 15 17 53 153
a 15 18 546 646
a 15 19 500 600
a 15 20 471 571
a 15 21 516 616
a 15 22 454 554
a 15 23 502 602
a 15 24 438 538
a 15 25 481 581
a 15 26 935 1035
a 15 27 931 1031
a 15 28 905 1005
a 15 29 881 981
a 15 30 865 965
a 15 31 861 961
a 15 32 855 955
a 15 33 843 943
a 15 34 831 931
a 15 35 790 890
a 15 36 774 874
a 15 37 757 857
a 15 38 721 821
a 15 39 704 804
a 15 40 734 834
a 15 41 660 760
a 15 42 664 764
a 15 43 695 795
a 15 44 676 776
a 15 45 456 556
a 15 46 430 530
a 15 47 50 150
a 15 48 531 631
a 15 49 488 588
a 15 50 701 801
a 15 51 392 492
a 16 1 514 614
a 16 2 413 513
a 16 3 500 600
a 16 4 447 547
a 16 5 492 592
a 16 6 393 493
a 16 7 380 480
a 16 8 427 527
a 16 9 111 211
a 16 10 100 200
a 16 11 80 180
a 16 12 94 194
a 16 13 70 170
a 16 14 70 170
a 16 15 20 120
a 16 17 50 150
a 16 18 562 662
a 16 19 516 616
a 16 20 488 588
a 16 21 531 631
a 16 22 471 571
a 16 23 516 616
a 16 24 454 554
a 16 25 494 594
a 16 26 955 1055
a 16 27 951 1051
a 16 28 925 1025
a 16 29 901 1001
a 16 30 885 985
a 16 31 881 981
a 16 32 875 975
a 16 33 863 963
a 16 34 851 951
a 16 35 807 907
a 16 36 790 890
a 16 37 773 873
a 16 38 737 837
a 16 39 721 821
a 16 40 750 850
a 16 41 677 777
a 16 42 680 780
a 16 43 710 810
a 16 44 692 792
a 16 45 465 565
a 16 46 438 538
a 16 47 53 153
a 16 48 546 646
a 16 49 504 604
a 16 50 721 821
a 16 51 412 512
a 17 1 471 571
a 17 2 372 472
a 17 3 456 556
a 17 4 403 503
a 17 5 447 547
a 17 6 349 449
a 17 7 335 435
a 17 8 380 480
a 17 9 141 241
a 17 10 111 211
a 17 11 94 194
a 17 12 80 180
a 17 13 111 211
a 17 14 50 150
a 17 15 53 153
a 17 16 50 150
a 17 18 594 694
a 17 19 546 646
a 17 20 516 616
a 17 21 565 665
a 17 22 500 600
a 17 23 551 651
a 17 24 484 584
a 17 25 531 631
a 17 26 961 1061
a 17 27 955 1055
a 17 28 932 1032
a 17 29 905 1005
a 17 30 892 992
a 17 31 885 985
a 17 32 882 982
a 17 33 873 973
a 17 34 855 955
a 17 35 780 880
a 17 36 763 863
a 17 37 747 847
a 17 38 711 811
a 17 39 694 794
a 17 40 721 821
a 17 41 652 752
a 17 42 651 751
a 17 43 680 780
a 17 44 662 762
a 17 45 420 520
a 17 46 393 493
a 17 47 20 120
a 17 48 580 680
a 17 49 534 634
a 17 50 726 826
a 17 51 403 503
a 18 1 822 922
a 18 2 733 833
a 18 3 829 929
a 18 4 787 887
a 18 5 835 935
a 18 6 746 846
a 18 7 757 857
a 18 8 804 904
a 18 9 453 553
a 18 10 487 587
a 18 11 502 602
a 18 12 538 638
a 18 13 492 592
a 18 14 558 658
a 18 15 546 646
a 18 16 562 662
a 18 17 594 694
a 18 19 53 153
a 18 20 101 201
a 18 21 40 140
a 18 22 107 207
a 18 23 60 160
a 18 24 116 216
a 18 25 90 190
a 18 26 567 667
a 18 27 591 691
a 18 28 541 641
a 18 29 549 649
a 18 30 506 606
a 18 31 532 632
a 18 32 497 597
a 18 33 456 556
a 18 34 508 608
a 18 35 832 932
a 18 36 827 927
a 18 37 798 898
a 18 38 771 871
a 18 39 766 866
a 18 40 815 915
a 18 41 713 813
a 18 42 758 858
a 18 43 807 907
a 18 44 777 877
a 18 45 806 906
a 18 46 793 893
a 18 47 580 680
a 18 48 20 120
a 18 49 72 172
a 18 50 410 510
a 18 51 451 551
a 19 1 769 869
a 19 2 680 780
a 19 3 776 876
a 19 4 733 833
a 19 5 781 881
a 19 6 692 792
a 19 7 703 803
a 19 8 750 850
a 19 9 406 506
a 19 10 438 538
a 19 11 453 553
a 19 12 487 587
a 19 13 446 546
a 19 14 509 609
a 19 15 500 600
a 19 16 516 616
a 19 17 546 646
a 19 18 53 153
a 19 20 50 150
a 19 21 53 153
a 19 22 53 153
a 19 23 64 164
a 19 24 64 164
a 19 25 86 186
a 19 26 566 666
a 19 27 586 686
a 19 28 538 638
a 19 29 541 641
a 19 30 501 601
a 19 31 523 623
a 19 32 492 592
a 19 33 455 555
a 19 34 497 597
a 19 35 790 890
a 19 36 784 884
a 19 37 755 855
a 19 38 728 828
a 19 39 722 822
a 19 40 771 871
a 19 41 669 769
a 19 42 711 811
a 19 43 761 861
a 19 44 731 831
a 19 45 752 852
a 19 46 740 840
a 19 47 531 631
a 19 48 50 150
a 19 49 20 120
a 19 50 390 490
a 19 51 400 500
a 20 1 720 820
a 20 2 632 732
a 20 3 728 828
a 20 4 686 786
a 20 5 733 833
a 20 6 646 746
a 20 7 657 757
a 20 8 703 803
a 20 9 377 477
a 20 10 406 506
a 20 11 422 522
a 20 12 453 553
a 20 13 420 520
a 20 14 476 576
a 20 15 471 571
a 20 16 488 588
a 20 17 516 616
a 20 18 101 201
a 20 19 50 150
a 20 21 101 201
a 20 22 20 120
a 20 23 107 207
a 20 24 40 140
a 20 25 122 222
a 20 26 550 650
a 20 27 566 666
a 20 28 522 622
a 20 29 520 620
a 20 30 483 583
a 20 31 501 601
a 20 32 474 574
a 20 33 441 541
a 20 34 474 574
a 20 35 743 843
a 20 36 736 836
a 20 37 708 808
a 20 38 680 780
a 20 39 674 774
a 20 40 722 822
a 20 41 620 720
a 20 42 662 762
a 20 43 711 811
a 20 44 682 782
a 20 45 705 805
a 20 46 692 792
a 20 47 500 600
a 20 48 100 200
a 20 49 30 130
a 20 50 360 460
a 20 51 350 450
a 21 1 813 913
a 21 2 722 822
a 21 3 820 920
a 21 4 776 876
a 21 5 824 924
a 21 6 733 833
a 21 7 743 843
a 21 8 790 890
a 21 9 424 524
a 21 10 460 560
a 21 11 474 574
a 21 12 512 612
a 21 13 460 560
a 21 14 531 631
a 21 15 516 616
a 21 16 531 631
a 21 17 565 665
a 21 18 40 140
a 21 19 53 153
a 21 20 101 201
a 21 22 100 200
a 21 23 20 120
a 21 24 101 201
a 21 25 50 150
a 21 26 604 704
a 21 27 626 726
a 21 28 576 676
a 21 29 583 683
a 21 30 541 641
a 21 31 566 666
a 21 32 532 632
a 21 33 492 592
a 21 34 540 640
a 21 35 844 944
a 21 36 838 938
a 21 37 809 909
a 21 38 781 881
a 21 39 776 876
a 21 40 824 924
a 21 41 722 822
a 21 42 764 864
a 21 43 813 913
a 21 44 784 884
a 21 45 795 895
a 21 46 781 881
a 21 47 551 651
a 21 48 20 120
a 21 49 72 172
a 21 50 438 538
a 21 51 450 550
a 22 1 715 815
a 22 2 626 726
a 22 3 722 822
a 22 4 680 780
a 22 5 728 828
a 22 6 639 739
a 22 7 650 750
a 22 8 696 796
a 22 9 360 460
a 22 10 390 490
a 22 11 406 506
a 22 12 438 538
a 22 13 403 503
a 22 14 460 560
a 22 15 454 554
a 22 16 471 571
a 22 17 500 600
a 22 18 107 207
a 22 19 53 153
a 22 20 20 120
a 22 21 100 200
a 22 23 101 201
a 22 24 20 120
a 22 25 111 211
a 22 26 570 670
a 22 27 585 685
a 22 28 541 641
a 22 29 538 638
a 22 30 502 602
a 22 31 520 620
a 22 32 493 593
a 22 33 460 560
a 22 34 492 592
a 22 35 750 850
a 22 36 743 843
a 22 37 715 815
a 22 38 686 786
a 22 39 680 780
a 22 40 728 828
a 22 41 626 726
a 22 42 667 767
a 22 43 715 815
a 22 44 686 786
a 22 45 699 799
a 22 46 686 786
a 22 47 484 584
a 22 48 101 201
a 22 49 36 136
a 22 50 377 477
a 22 51 350 450
a 23 1 810 910
a 23 2 718 818
a 23 3 815 915
a 23 4 771 871
a 23 5 820 920
a 23 6 728 828
a 23 7 736 836
a 23 8 784 884
a 23 9 410 510
a 23 10 448 548
a 23 11 460 560
a 23 12 500 600
a 23 13 445 545
a 23 14 518 618
a 23 15 502 602
a 23 16 516 616
a 23 17 551 651
a 23 18 60 160
a 23 19 64 164
a 23 20 107 207
a 23 21 20 120
a 23 22 101 201
a 23 24 100 200
a 23 25 30 130
a 23 26 622 722
a 23 27 644 744
a 23 28 595 695
a 23 29 600 700
a 23 30 559 659
a 23 31 583 683
a 23 32 550 650
a 23 33 510 610
a 23 34 557 657
a 23 35 850 950
a 23 36 844 944
a 23 37 815 915
a 23 38 787 887
a 23 39 781 881
a 23 40 829 929
a 23 41 728 828
a 23 42 769 869
a 23 43 817 917
a 23 44 788 888
a 23 45 790 890
a 23 46 776 876
a 23 47 538 638
a 23 48 40 140
a 23 49 80 180
a 23 50 453 553
a 23 51 450 550
a 24 1 711 811
a 24 2 620 720
a 24 3 718 818
a 24 4 674 774
a 24 5 722 822
a 24 6 632 732
a 24 7 642 742
a 24 8 689 789
a 24 9 344 444
a 24 10 375 475
a 24 11 390 490
a 24 12 424 524
a 24 13 385 485
a 24 14 445 545
a 24 15 438 538
a 24 16 454 554
a 24 17 484 584
a 24 18 116 216
a 24 19 64 164
a 24 20 40 140
a 24 21 101 201
a 24 22 20 120
a 24 23 100 200
a 24 25 104 204
a 24 26 589 689
a 24 27 604 704
a 24 28 560 660
a 24 29 557 657
a 24 30 522 622
a 24 31 538 638
a 24 32 512 612
a 24 33 480 580
a 24 34 510 610
a 24 35 757 857
a 24 36 750 850
a 24 37 722 822
a 24 38 692 792
a 24 39 686 786
a 24 40 733 833
a 24 41 632 732
a 24 42 671 771
a 24 43 720 820
a 24 44 691 791
a 24 45 693 793
a 24 46 680 780
a 24 47 468 568
a 24 48 107 207
a 24 49 50 150
a 24 50 394 494
a 24 51 350 450
a 25 1 806 906
a 25 2 711 811
a 25 3 810 910
a 25 4 764 864
a 25 5 813 913
a 25 6 720 820
a 25 7 728 828
a 25 8 776 876
a 25 9 390 490
a 25 10 430 530
a 25 11 442 542
a 25 12 482 582
a 25 13 424 524
a 25 14 500 600
a 25 15 481 581
a 25 16 494 594
a 25 17 531 631
a 25 18 90 190
a 25 19 86 186
a 25 20 122 222
a 25 21 50 150
a 25 22 111 211
a 25 23 30 130
a 25 24 104 204
a 25 26 650 750
a 25 27 670 770
a 25 28 622 722
a 25 29 626 726
a 25 30 586 686
a 25 31 609 709
a 25 32 576 676
a 25 33 538 638
a 25 34 583 683
a 25 35 861 961
a 25 36 854 954
a 25 37 826 926
a 25 38 797 897
a 25 39 790 890
a 25 40 838 938
a 25 41 736 836
a 25 42 776 876
a 25 43 824 924
a 25 44 795 895
a 25 45 784 884
a 25 46 769 869
a 25 47 518 618
a 25 48 70 170
a 25 49 98 198
a 25 50 476 576
a 25 51 452 552
a 26 1 890 990
a 26 2 857 957
a 26 3 914 1014
a 26 4 901 1001
a 26 5 930 1030
a 26 6 891 991
a 26 7 917 1017
a 26 8 943 1043
a 26 9 851 951
a 26 10 855 955
a 26 11 875 975
a 26 12 882 982
a 26 13 901 1001
a 26 14 912 1012
a 26 15 935 1035
a 26 16 955 1055
a 26 17 961 1061
a 26 18 567 667
a 26 19 566 666
a 26 20 550 650
a 26 21 604 704
a 26 22 570 670
a 26 23 622 722
a 26 24 589 689
a 26 25 650 750
a 26 27 50 150
a 26 28 30 130
a 26 29 70 170
a 26 30 70 170
a 26 31 86 186
a 26 32 80 180
a 26 33 111 211
a 26 34 111 211
a 26 35 617 717
a 26 36 626 726
a 26 37 600 700
a 26 38 599 699
a 26 39 610 710
a 26 40 651 751
a 26 41 582 682
a 26 42 640 740
a 26 43 680 780
a 26 44 656 756
a 26 45 912 1012
a 26 46 918 1018
a 26 47 942 1042
a 26 48 586 686
a 26 49 559 659
a 26 50 235 335
a 26 51 585 685
a 27 1 860 960
a 27 2 832 932
a 27 3 884 984
a 27 4 874 974
a 27 5 901 1001
a 27 6 867 967
a 27 7 894 994
a 27 8 917 1017
a 27 9 850 950
a 27 10 851 951
a 27 11 871 971
a 27 12 875 975
a 27 13 900 1000
a 27 14 905 1005
a 27 15 931 1031
a 27 16 951 1051
a 27 17 955 1055
a 27 18 591 691
a 27 19 586 686
a 27 20 566 666
a 27 21 626 726
a 27 22 585 685
a 27 23 644 744
a 27 24 604 704
a 27 25 670 770
a 27 26 50 150
a 27 28 58 158
a 27 29 50 150
a 27 30 86 186
a 27 31 70 170
a 27 32 94 194
a 27 33 141 241
a 27 34 100 200
a 27 35 573 673
a 27 36 583 683
a 27 37 557 657
a 27 38 558 658
a 27 39 570 670
a 27 40 610 710
a 27 41 544 644
a 27 42 602 702
a 27 43 640 740
a 27 44 617 717
a 27 45 885 985
a 27 46 891 991
a 27 47 935 1035
a 27 48 609 709
a 27 49 577 677
a 27 50 230 330
a 27 51 570 670
a 28 1 866 966
a 28 2 832 932
a 28 3 890 990
a 28 4 876 976
a 28 5 906 1006
a 28 6 866 966
a 28 7 891 991
a 28 8 918 1018
a 28 9 821 921
a 28 10 826 926
a 28 11 845 945
a 28 12 853 953
a 28 13 871 971
a 28 14 882 982
a 28 15 905 1005
a 28 16 925 1025
a 28 17 932 1032
a 28 18 541 641
a 28 19 538 638
a 28 20 522 622
a 28 21 576 676
a 28 22 541 641
a 28 23 595 695
a 28 24 560 660
a 28 25 622 722
a 28 26 30 130
a 28 27 58 158
a 28 29 53 153
a 28 30 40 140
a 28 31 64 164
a 28 32 50 150
a 28 33 86 186
a 28 34 86 186
a 28 35 604 704
a 28 36 612 712
a 28 37 585 685
a 28 38 583 683
a 28 39 593 693
a 28 40 636 736
a 28 41 564 664
a 28 42 622 722
a 28 43 662 762
a 28 44 638 738
a 28 45 888 988
a 28 46 893 993
a 28 47 912 1012
a 28 48 559 659
a 28 49 531 631
a 28 50 206 306
a 28 51 557 657
a 29 1 820 920
a 29 2 788 888
a 29 3 844 944
a 29 4 832 932
a 29 5 860 960
a 29 6 823 923
a 29 7 850 950
a 29 8 874 974
a 29 9 800 900
a 29 10 801 901
a 29 11 821 921
a 29 12 826 926
a 29 13 850 950
a 29 14 855 955
a 29 15 881 981
a 29 16 901 1001
a 29 17 905 1005
a 29 18 549 649
a 29 19 541 641
a 29 20 520 620
a 29 21 583 683
a 29 22 538 638
a 29 23 600 700
a 29 24 557 657
a 29 25 626 726
a 29 26 70 170
a 29 27 50 150
a 29 28 53 153
a 29 30 53 153
a 29 31 20 120
a 29 32 58 158
a 29 33 111 211
a 29 34 50 150
a 29 35 550 650
a 29 36 559 659
a 29 37 532 632
a 29 38 530 630
a 29 39 540 640
a 29 40 583 683
a 29 41 512 612
a 29 42 570 670
a 29 43 610 710
a 29 44 586 686
a 29 45 843 943
a 29 46 849 949
a 29 47 885 985
a 29 48 566 666
a 29 49 532 632
a 29 50 180 280
a 29 51 522 622
a 30 1 836 936
a 30 2 798 898
a 30 3 859 959
a 30 4 844 944
a 30 5 874 974
a 30 6 832 932
a 30 7 857 957
a 30 8 884 984
a 30 9 781 881
a 30 10 786 886
a 30 11 806 906
a 30 12 813 913
a 30 13 831 931
a 30 14 843 943
a 30 15 865 965
a 30 16 885 985
a 30 17 892 992
a 30 18 506 606
a 30 19 501 601
a 30 20 483 583
a 30 21 541 641
a 30 22 502 602
a 30 23 559 659
a 30 24 522 622
a 30 25 586 686
a 30 26 70 170
a 30 27 86 186
a 30 28 40 140
a 30 29 53 153
a 30 31 50 150
a 30 32 10 110
a 30 33 58 158
a 30 34 58 158
a 30 35 588 688
a 30 36 596 696
a 30 37 568 668
a 30 38 563 663
a 30 39 573 673
a 30 40 617 717
a 30 41 540 640
a 30 42 599 699
a 30 43 641 741
a 30 44 615 715
a 30 45 856 956
a 30 46 860 960
a 30 47 872 972
a 30 48 523 623
a 30 49 493 593
a 30 50 167 267
a 30 51 520 620
a 31 1 804 904
a 31 2 771 871
a 31 3 828 928
a 31 4 815 915
a 31 5 844 944
a 31 6 806 906
a 31 7 832 932
a 31 8 857 957
a 31 9 780 880
a 31 10 781 881
a 31 11 801 901
a 31 12 806 906
a 31 13 830 930
a 31 14 836 936
a 31 15 861 961
a 31 16 881 981
a 31 17 885 985
a 31 18 532 632
a 31 19 523 623
a 31 20 501 601
a 31 21 566 666
a 31 22 520 620
a 31 23 583 683
a 31 24 538 638
a 31 25 609 709
a 31 26 86 186
a 31 27 70 170
a 31 28 64 164
a 31 29 20 120
a 31 30 50 150
a 31 32 50 150
a 31 33 104 204
a 31 34 30 130
a 31 35 542 642
a 31 36 550 650
a 31 37 523 623
a 31 38 519 619
a 31 39 530 630
a 31 40 573 673
a 31 41 500 600
a 31 42 558 658
a 31 43 599 699
a 31 44 574 674
a 31 45 826 926
a 31 46 832 932
a 31 47 865 965
a 31 48 549 649
a 31 49 514 614
a 31 50 160 260
a 31 51 502 602
a 32 1 828 928
a 32 2 790 890
a 32 3 851 951
a 32 4 836 936
a 32 5 866 966
a 32 6 823 923
a 32 7 849 949
a 32 8 876 976
a 32 9 771 871
a 32 10 776 876
a 32 11 796 896
a 32 12 804 904
a 32 13 821 921
a 32 14 833 933
a 32 15 855 955
a 32 16 875 975
a 32 17 882 982
a 32 18 497 597
a 32 19 492 592
a 32 20 474 574
a 32 21 532 632
a 32 22 493 593
a 32 23 550 650
a 32 24 512 612
a 32 25 576 676
a 32 26 80 180
a 32 27 94 194
a 32 28 50 150
a 32 29 58 158
a 32 30 10 110
a 32 31 50 150
a 32 33 53 153
a 32 34 53 153
a 32 35 585 685
a 32 36 592 692
a 32 37 564 664
a 32 38 559 659
a 32 39 568 668
a 32 40 612 712
a 32 41 535 635
a 32 42 593 693
a 32 43 636 736
a 32 44 610 710
a 32 45 848 948
a 32 46 852 952
a 32 47 863 963
a 32 48 514 614
a 32 49 484 584
a 32 50 158 258
a 32 51 510 610
a 33 1 848 948
a 33 2 804 904
a 33 3 870 970
a 33 4 851 951
a 33 5 884 984
a 33 6 836 936
a 33 7 860 960
a 33 8 890 990
a 33 9 756 856
a 33 10 764 864
a 33 11 784 884
a 33 12 795 895
a 33 13 806 906
a 33 14 824 924
a 33 15 843 943
a 33 16 863 963
a 33 17 873 973
a 33 18 456 556
a 33 19 455 555
a 33 20 441 541
a 33 21 492 592
a 33 22 460 560
a 33 23 510 610
a 33 24 480 580
a 33 25 538 638
a 33 26 111 211
a 33 27 141 241
a 33 28 86 186
a 33 29 111 211
a 33 30 58 158
a 33 31 104 204
a 33 32 53 153
a 33 34 100 200
a 33 35 626 726
a 33 36 632 732
a 33 37 604 704
a 33 38 596 696
a 33 39 604 704
a 33 40 650 750
a 33 41 568 668
a 33 42 626 726
a 33 43 670 770
a 33 44 644 744
a 33 45 864 964
a 33 46 866 966
a 33 47 853 953
a 33 48 474 574
a 33 49 449 549
a 33 50 164 264
a 33 51 514 614
a 34 1 781 881
a 34 2 746 846
a 34 3 804 904
a 34 4 790 890
a 34 5 820 920
a 34 6 780 880
a 34 7 806 906
a 34 8 832 932
a 34 9 750 850
a 34 10 751 851
a 34 11 771 871
a 34 12 776 876
a 34 13 800 900
a 34 14 806 906
a 34 15 831 931
a 34 16 851 951
a 34 17 855 955
a 34 18 508 608
a 34 19 497 597
a 34 20 474 574
a 34 21 540 640
a 34 22 492 592
a 34 23 557 657
a 34 24 510 610
a 34 25 583 683
a 34 26 111 211
a 34 27 100 200
a 34 28 86 186
a 34 29 50 150
a 34 30 58 158
a 34 31 30 130
a 34 32 53 153
a 34 33 100 200
a 34 35 531 631
a 34 36 538 638
a 34 37 510 610
a 34 38 505 605
a 34 39 514 614
a 34 40 559 659
a 34 41 482 582
a 34 42 540 640
a 34 43 583 683
a 34 44 557 657
a 34 45 802 902
a 34 46 807 907
a 34 47 836 936
a 34 48 524 624
a 34 49 487 587
a 34 50 130 230
a 34 51 474 574
a 35 1 420 520
a 35 2 460 560
a 35 3 450 550
a 35 4 472 572
a 35 5 470 570
a 35 6 500 600
a 35 7 529 629
a 35 8 522 622
a 35 9 758 858
a 35 10 726 826
a 35 11 742 842
a 35 12 712 812
a 35 13 796 896
a 35 14 737 837
a 35 15 790 890
a 35 16 807 907
a 35 17 780 880
a 35 18 832 932
a 35 19 790 890
a 35 20 743 843
a 35 21 844 944
a 35 22 750 850
a 35 23 850 950
a 35 24 757 857
a 35 25 861 961
a 35 26 617 717
a 35 27 573 673
a 35 28 604 704
a 35 29 550 650
a 35 30 588 688
a 35 31 542 642
a 35 32 585 685
a 35 33 626 726
a 35 34 531 631
a 35 36 20 120
a 35 37 36 136
a 35 38 70 170
a 35 39 86 186
a 35 40 70 170
a 35 41 134 234
a 35 42 130 230
a 35 43 120 220
a 35 44 123 223
a 35 45 470 570
a 35 46 492 592
a 35 47 763 863
a 35 48 838 938
a 35 49 771 871
a 35 50 502 602
a 35 51 442 542
a 36 1 400 500
a 36 2 441 541
a 36 3 430 530
a 36 4 452 552
a 36 5 450 550
a 36 6 480 580
a 36 7 509 609
a 36 8 502 602
a 36 9 743 843
a 36 10 710 810
a 36 11 726 826
a 36 12 696 796
a 36 13 781 881
a 36 14 721 821
a 36 15 774 874
a 36 16 790 890
a 36 17 763 863
a 36 18 827 927
a 36 19 784 884
a 36 20 736 836
a 36 21 838 938
a 36 22 743 843
a 36 23 844 944
a 36 24 750 850
a 36 25 854 954
a 36 26 626 726
a 36 27 583 683
a 36 28 612 712
a 36 29 559 659
a 36 30 596 696
a 36 31 550 650
a 36 32 592 692
a 36 33 632 732
a 36 34 538 638
a 36 35 20 120
a 36 37 30 130
a 36 38 58 158
a 36 39 70 170
a 36 40 50 150
a 36 41 122 222
a 36 42 111 211
a 36 43 100 200
a 36 44 104 204
a 36 45 450 550
a 36 46 472 572
a 36 47 746 846
a 36 48 832 932
a 36 49 765 865
a 36 50 504 604
a 36 51 430 530
a 37 1 401 501
a 37 2 435 535
a 37 3 431 531
a 37 4 450 550
a 37 5 450 550
a 37 6 475 575
a 37 7 504 604
a 37 8 500 600
a 37 9 723 823
a 37 10 692 792
a 37 11 708 808
a 37 12 679 779
a 37 13 762 862
a 37 14 704 804
a 37 15 757 857
a 37 16 773 873
a 37 17 747 847
a 37 18 798 898
a 37 19 755 855
a 37 20 708 808
a 37 21 809 909
a 37 22 715 815
a 37 23 815 915
a 37 24 722 822
a 37 25 826 926
a 37 26 600 700
a 37 27 557 657
a 37 28 585 685
a 37 29 532 632
a 37 30 568 668
a 37 31 523 623
a 37 32 564 664
a 37 33 604 704
a 37 34 510 610
a 37 35 36 136
a 37 36 30 130
a 37 38 36 136
a 37 39 53 153
a 37 40 58 158
a 37 41 98 198
a 37 42 101 201
a 37 43 104 204
a 37 44 100 200
a 37 45 450 550
a 37 46 470 570
a 37 47 730 830
a 37 48 803 903
a 37 49 736 836
a 37 50 475 575
a 37 51 406 506
a 38 1 373 473
a 38 2 403 503
a 38 3 403 503
a 38 4 420 520
a 38 5 422 522
a 38 6 442 542
a 38 7 472 572
a 38 8 470 570
a 38 9 687 787
a 38 10 656 756
a 38 11 672 772
a 38 12 643 743
a 38 13 726 826
a 38 14 668 768
a 38 15 721 821
a 38 16 737 837
a 38 17 711 811
a 38 18 771 871
a 38 19 728 828
a 38 20 680 780
a 38 21 781 881
a 38 22 686 786
a 38 23 787 887
a 38 24 692 792
a 38 25 797 897
a 38 26 599 699
a 38 27 558 658
a 38 28 583 683
a 38 29 530 630
a 38 30 563 663
a 38 31 519 619
a 38 32 559 659
a 38 33 596 696
a 38 34 505 605
a 38 35 70 170
a 38 36 58 158
a 38 37 36 136
a 38 39 20 120
a 38 40 53 153
a 38 41 64 164
a 38 42 70 170
a 38 43 86 186
a 38 44 72 172
a 38 45 420 520
a 38 46 440 540
a 38 47 694 794
a 38 48 776 876
a 38 49 708 808
a 38 50 460 560
a 38 51 372 472
a 39 1 353 453
a 39 2 383 483
a 39 3 383 483
a 39 4 400 500
a 39 5 403 503
a 39 6 422 522
a 39 7 452 552
a 39 8 450 550
a 39 9 672 772
a 39 10 640 740
a 39 11 656 756
a 39 12 626 726
a 39 13 710 810
a 39 14 651 751
a 39 15 704 804
a 39 16 721 821
a 39 17 694 794
a 39 18 766 866
a 39 19 722 822
a 39 20 674 774
a 39 21 776 876
a 39 22 680 780
a 39 23 781 881
a 39 24 686 786
a 39 25 790 890
a 39 26 610 710
a 39 27 570 670
a 39 28 593 693
a 39 29 540 640
a 39 30 573 673
a 39 31 530 630
a 39 32 568 668
a 39 33 604 704
a 39 34 514 614
a 39 35 86 186
a 39 36 70 170
a 39 37 53 153
a 39 38 20 120
a 39 40 50 150
a 39 41 53 153
a 39 42 50 150
a 39 43 70 170
a 39 44 53 153
a 39 45 400 500
a 39 46 420 520
a 39 47 677 777
a 39 48 771 871
a 39 49 703 803
a 39 50 465 565
a 39 51 360 460
a 40 1 350 450
a 40 2 392 492
a 40 3 380 480
a 40 4 403 503
a 40 5 400 500
a 40 6 431 531
a 40 7 460 560
a 40 8 452 552
a 40 9 707 807
a 40 10 672 772
a 40 11 687 787
a 40 12 656 756
a 40 13 743 843
a 40 14 680 780
a 40 15 734 834
a 40 16 750 850
a 40 17 721 821
a 40 18 815 915
a 40 19 771 871
a 40 20 722 822
a 40 21 824 924
a 40 22 728 828
a 40 23 829 929
a 40 24 733 833
a 40 25 838 938
a 40 26 651 751
a 40 27 610 710
a 40 28 636 736
a 40 29 583 683
a 40 30 617 717
a 40 31 573 673
a 40 32 612 712
a 40 33 650 750
a 40 34 559 659
a 40 35 70 170
a 40 36 50 150
a 40 37 58 158
a 40 38 53 153
a 40 39 50 150
a 40 41 101 201
a 40 42 70 170
a 40 43 50 150
a 40 44 58 158
a 40 45 401 501
a 40 46 422 522
a 40 47 704 804
a 40 48 820 920
a 40 49 751 851
a 40 50 514 614
a 40 51 403 503
a 41 1 344 444
a 41 2 360 460
a 41 3 373 473
a 41 4 383 483
a 41 5 392 492
a 41 6 400 500
a 41 7 430 530
a 41 8 432 532
a 41 9 624 724
a 41 10 594 694
a 41 11 610 710
a 41 12 583 683
a 41 13 664 764
a 41 14 609 709
a 41 15 660 760
a 41 16 677 777
a 41 17 652 752
a 41 18 713 813
a 41 19 669 769
a 41 20 620 720
a 41 21 722 822
a 41 22 626 726
a 41 23 728 828
a 41 24 632 732
a 41 25 736 836
a 41 26 582 682
a 41 27 544 644
a 41 28 564 664
a 41 29 512 612
a 41 30 540 640
a 41 31 500 600
a 41 32 535 635
a 41 33 568 668
a 41 34 482 582
a 41 35 134 234
a 41 36 122 222
a 41 37 98 198
a 41 38 64 164
a 41 39 53 153
a 41 40 101 201
a 41 42 58 158
a 41 43 104 204
a 41 44 76 176
a 41 45 386 486
a 41 46 403 503
a 41 47 635 735
a 41 48 718 818
a 41 49 650 750
a 41 50 423 523
a 41 51 308 408
a 42 1 304 404
a 42 2 333 433
a 42 3 333 433
a 42 4 350 450
a 42 5 353 453
a 42 6 373 473
a 42 7 403 503
a 42 8 400 500
a 42 9 636 736
a 42 10 602 702
a 42 11 617 717
a 42 12 586 686
a 42 13 672 772
a 42 14 610 710
a 42 15 664 764
a 42 16 680 780
a 42 17 651 751
a 42 18 758 858
a 42 19 711 811
a 42 20 662 762
a 42 21 764 864
a 42 22 667 767
a 42 23 769 869
a 42 24 671 771
a 42 25 776 876
a 42 26 640 740
a 42 27 602 702
a 42 28 622 722
a 42 29 570 670
a 42 30 599 699
a 42 31 558 658
a 42 32 593 693
a 42 33 626 726
a 42 34 540 640
a 42 35 130 230
a 42 36 111 211
a 42 37 101 201
a 42 38 70 170
a 42 39 50 150
a 42 40 70 170
a 42 41 58 158
a 42 43 50 150
a 42 44 20 120
a 42 45 350 450
a 42 46 370 470
a 42 47 635 735
a 42 48 761 861
a 42 49 692 792
a 42 50 481 581
a 42 51 335 435
a 43 1 300 400
a 43 2 344 444
a 43 3 330 430
a 43 4 353 453
a 43 5 350 450
a 43 6 383 483
a 43 7 412 512
a 43 8 403 503
a 43 9 672 772
a 43 10 636 736
a 43 11 650 750
a 43 12 617 717
a 43 13 707 807
a 43 14 640 740
a 43 15 695 795
a 43 16 710 810
a 43 17 680 780
a 43 18 807 907
a 43 19 761 861
a 43 20 711 811
a 43 21 813 913
a 43 22 715 815
a 43 23 817 917
a 43 24 720 820
a 43 25 824 924
a 43 26 680 780
a 43 27 640 740
a 43 28 662 762
a 43 29 610 710
a 43 30 641 741
a 43 31 599 699
a 43 32 636 736
a 43 33 670 770
a 43 34 583 683
a 43 35 120 220
a 43 36 100 200
a 43 37 104 204
a 43 38 86 186
a 43 39 70 170
a 43 40 50 150
a 43 41 104 204
a 43 42 50 150
a 43 44 30 130
a 43 45 351 451
a 43 46 373 473
a 43 47 664 764
a 43 48 810 910
a 43 49 741 841
a 43 50 528 628
a 43 51 380 480
a 44 1 301 401
a 44 2 337 437
a 44 3 331 431
a 44 4 350 450
a 44 5 351 451
a 44 6 376 476
a 44 7 406 506
a 44 8 400 500
a 44 9 650 750
a 44 10 615 715
a 44 11 630 730
a 44 12 598 698
a 44 13 686 786
a 44 14 622 722
a 44 15 676 776
a 44 16 692 792
a 44 17 662 762
a 44 18 777 877
a 44 19 731 831
a 44 20 682 782
a 44 21 784 884
a 44 22 686 786
a 44 23 788 888
a 44 24 691 791
a 44 25 795 895
a 44 26 656 756
a 44 27 617 717
a 44 28 638 738
a 44 29 586 686
a 44 30 615 715
a 44 31 574 674
a 44 32 610 710
a 44 33 644 744
a 44 34 557 657
a 44 35 123 223
a 44 36 104 204
a 44 37 100 200
a 44 38 72 172
a 44 39 53 153
a 44 40 58 158
a 44 41 76 176
a 44 42 20 120
a 44 43 30 130
a 44 45 350 450
a 44 46 370 470
a 44 47 646 746
a 44 48 780 880
a 44 49 711 811
a 44 50 499 599
a 44 51 353 453
a 45 1 58 158
a 45 2 72 172
a 45 3 36 136
a 45 4 20 120
a 45 5 30 130
a 45 6 72 172
a 45 7 86 186
a 45 8 53 153
a 45 9 480 580
a 45 10 431 531
a 45 11 436 536
a 45 12 388 488
a 45 13 493 593
a 45 14 399 499
a 45 15 456 556
a 45 16 465 565
a 45 17 420 520
a 45 18 806 906
a 45 19 752 852
a 45 20 705 805
a 45 21 795 895
a 45 22 699 799
a 45 23 790 890
a 45 24 693 793
a 45 25 784 884
a 45 26 912 1012
a 45 27 885 985
a 45 28 888 988
a 45 29 843 943
a 45 30 856 956
a 45 31 826 926
a 45 32 848 948
a 45 33 864 964
a 45 34 802 902
a 45 35 470 570
a 45 36 450 550
a 45 37 450 550
a 45 38 420 520
a 45 39 400 500
a 45 40 401 501
a 45 41 386 486
a 45 42 350 450
a 45 43 351 451
a 45 44 350 450
a 45 46 28 128
a 45 47 411 511
a 45 48 800 900
a 45 49 733 833
a 45 50 700 800
a 45 51 377 477
a 46 1 86 186
a 46 2 64 164
a 46 3 64 164
a 46 4 20 120
a 46 5 53 153
a 46 6 50 150
a 46 7 58 158
a 46 8 30 130
a 46 9 457 557
a 46 10 407 507
a 46 11 412 512
a 46 12 364 464
a 46 13 468 568
a 46 14 373 473
a 46 15 430 530
a 46 16 438 538
a 46 17 393 493
a 46 18 793 893
a 46 19 740 840
a 46 20 692 792
a 46 21 781 881
a 46 22 686 786
a 46 23 776 876
a 46 24 680 780
a 46 25 769 869
a 46 26 918 1018
a 46 27 891 991
a 46 28 893 993
a 46 29 849 949
a 46 30 860 960
a 46 31 832 932
a 46 32 852 952
a 46 33 866 966
a 46 34 807 907
a 46 35 492 592
a 46 36 472 572
a 46 37 470 570
a 46 38 440 540
a 46 39 420 520
a 46 40 422 522
a 46 41 403 503
a 46 42 370 470
a 46 43 373 473
a 46 44 370 470
a 46 45 28 128
a 46 47 384 484
a 46 48 787 887
a 46 49 721 821
a 46 50 702 802
a 46 51 372 472
a 47 1 461 561
a 47 2 360 460
a 47 3 447 547
a 47 4 393 493
a 47 5 438 538
a 47 6 340 440
a 47 7 326 426
a 47 8 373 473
a 47 9 128 228
a 47 10 94 194
a 47 11 78 178
a 47 12 60 160
a 47 13 104 204
a 47 14 30 130
a 47 15 50 150
a 47 16 53 153
a 47 17 20 120
a 47 18 580 680
a 47 19 531 631
a 47 20 500 600
a 47 21 551 651
a 47 22 484 584
a 47 23 538 638
a 47 24 468 568
a 47 25 518 618
a 47 26 942 1042
a 47 27 935 1035
a 47 28 912 1012
a 47 29 885 985
a 47 30 872 972
a 47 31 865 965
a 47 32 863 963
a 47 33 853 953
a 47 34 836 936
a 47 35 763 863
a 47 36 746 846
a 47 37 730 830
a 47 38 694 794
a 47 39 677 777
a 47 40 704 804
a 47 41 635 735
a 47 42 635 735
a 47 43 664 764
a 47 44 646 746
a 47 45 411 511
a 47 46 384 484
a 47 48 565 665
a 47 49 518 618
a 47 50 707 807
a 47 51 383 483
a 48 1 817 917
a 48 2 728 828
a 48 3 824 924
a 48 4 781 881
a 48 5 829 929
a 48 6 740 840
a 48 7 750 850
a 48 8 797 897
a 48 9 438 538
a 48 10 474 574
a 48 11 487 587
a 48 12 524 624
a 48 13 476 576
a 48 14 544 644
a 48 15 531 631
a 48 16 546 646
a 48 17 580 680
a 48 18 20 120
a 48 19 50 150
a 48 20 100 200
a 48 21 20 120
a 48 22 101 201
a 48 23 40 140
a 48 24 107 207
a 48 25 70 170
a 48 26 586 686
a 48 27 609 709
a 48 28 559 659
a 48 29 566 666
a 48 30 523 623
a 48 31 549 649
a 48 32 514 614
a 48 33 474 574
a 48 34 524 624
a 48 35 838 938
a 48 36 832 932
a 48 37 803 903
a 48 38 776 876
a 48 39 771 871
a 48 40 820 920
a 48 41 718 818
a 48 42 761 861
a 48 43 810 910
a 48 44 780 880
a 48 45 800 900
a 48 46 787 887
a 48 47 565 665
a 48 49 70 170
a 48 50 424 524
a 48 51 450 550
a 49 1 749 849
a 49 2 660 760
a 49 3 756 856
a 49 4 714 814
a 49 5 762 862
a 49 6 674 774
a 49 7 685 785
a 49 8 731 831
a 49 9 394 494
a 49 10 425 525
a 49 11 440 540
a 49 12 473 573
a 49 13 435 535
a 49 14 495 595
a 49 15 488 588
a 49 16 504 604
a 49 17 534 634
a 49 18 72 172
a 49 19 20 120
a 49 20 30 130
a 49 21 72 172
a 49 22 36 136
a 49 23 80 180
a 49 24 50 150
a 49 25 98 198
a 49 26 559 659
a 49 27 577 677
a 49 28 531 631
a 49 29 532 632
a 49 30 493 593
a 49 31 514 614
a 49 32 484 584
a 49 33 449 549
a 49 34 487 587
a 49 35 771 871
a 49 36 765 865
a 49 37 736 836
a 49 38 708 808
a 49 39 703 803
a 49 40 751 851
a 49 41 650 750
a 49 42 692 792
a 49 43 741 841
a 49 44 711 811
a 49 45 733 833
a 49 46 721 821
a 49 47 518 618
a 49 48 70 170
a 49 50 378 478
a 49 51 380 480
a 50 1 686 786
a 50 2 640 740
a 50 3 707 807
a 50 4 687 787
a 50 5 721 821
a 50 6 672 772
a 50 7 696 796
a 50 8 726 826
a 50 9 620 720
a 50 10 622 722
a 50 11 641 741
a 50 12 647 747
a 50 13 670 770
a 50 14 677 777
a 50 15 701 801
a 50 16 721 821
a 50 17 726 826
a 50 18 410 510
a 50 19 390 490
a 50 20 360 460
a 50 21 438 538
a 50 22 377 477
a 50 23 453 553
a 50 24 394 494
a 50 25 476 576
a 50 26 235 335
a 50 27 230 330
a 50 28 206 306
a 50 29 180 280
a 50 30 167 267
a 50 31 160 260
a 50 32 158 258
a 50 33 164 264
a 50 34 130 230
a 50 35 502 602
a 50 36 504 604
a 50 37 475 575
a 50 38 460 560
a 50 39 465 565
a 50 40 514 614
a 50 41 423 523
a 50 42 481 581
a 50 43 528 628
a 50 44 499 599
a 50 45 700 800
a 50 46 702 802
a 50 47 707 807
a 50 48 424 524
a 50 49 378 478
a 50 51 353 453
